0000000          71          84         199          98
0000016          82          90          75          95
0000032          60          85          96          75
0000048          82          91         123          75
0000064         299          79          58          51
0000080          54         102          82         341
0000096          98          91         106          70
0000112          68          74         103          61
0000128          52          53          88         184
0000144          48          81          74          53
0000160          60          85          28          72
0000176          44          59          61          69
0000192          68          91          68          57
0000208          55          81          53          34
0000224          71          75          92         123
0000240          68          56          60          69
0000256          68          74         109          79
0000272          71         109          45         120
0000288          59          76          54          81
0000304          82         103         335         109
0000320          93          94          86         140
0000336         110          75          71          95
0000352         208         371         131          87
0000368         132          67          88          81
0000384          57         109         135          92
0000400          94          94         105         134
0000416          79         100          79          63
0000432         382         298          51          63
0000448          60         106          72         193
0000464         107         169       38020    13474985
0000480        1920           0           0           0
0000496           0           0           0           0
0000512          75          68          90         118
0000528          54          56          66          62
0000544         100          80
0000552
