0000000         325         267         527         356
0000016         281         286         314         304
0000032         131         236         433         259
0000048         279         382         384         306
0000064         558         209         281         197
0000080         258         265         208         518
0000096         479         313         399         256
0000112         272         287         320         198
0000128         196         181         322         613
0000144         248         312         323         138
0000160         211         342          87         233
0000176         182         288         151         309
0000192         265         376         207         293
0000208         230         263         106          52
0000224         152         156         240         302
0000240         189         134          93         143
0000256         121         183         199         207
0000272         177         228         127         262
0000288         135         171         122         222
0000304         177         211         366         211
0000320         190         259         309         277
0000336         241         227         714         538
0000352         960         749        1016         563
0000368         624         332         547         648
0000384         416         671         685         522
0000400         913         564         752         575
0000416         497         669         476         432
0000432        1192        1719         359         516
0000448         503         847         555        1436
0000464         785         901       20545    12752520
0000480        1925           0           0           0
0000496           0           0           0           0
0000512        3137        1879        2588        4462
0000528         665        2888        1098        1283
0000544        2193        2243
0000552
