0000000          12           7          54          38
0000016          14          21          13           7
0000032           3           5          31          13
0000048           7          48          27           2
0000064          70          17          10           6
0000080           3          18           4          56
0000096          38          20          34          13
0000112           6          20          39           1
0000128           0           1          29          56
0000144           1          19          21           0
0000160           6          23           1           4
0000176           2           7           3           5
0000192           6          19           2           0
0000208           0          29           8           3
0000224           9          18          12          47
0000240          27           5           3          10
0000256          27          37          41          21
0000272          16          28           1          41
0000288           9          20           6          25
0000304          18          43          57          22
0000320          24          33          38          51
0000336          26          19           9          31
0000352          49          72          54          21
0000368          38           2          22          27
0000384          11          33          37          25
0000400          39          29          34          35
0000416           8          33           9          18
0000432          86          53           8          10
0000448          10          34           7          44
0000464          41          52       13185    13826716
0000480        1923           0           0           0
0000496           0           0           0           0
0000512          14          12          18          34
0000528           2          10           9           2
0000544          16          30
0000552
