0000000          39          63          69          64
0000016          75          50          44          54
0000032          64          68          50          59
0000048          51          51          63          88
0000064          75          61          52          26
0000080          67          48          42          55
0000096          53          58          56          53
0000112          51          73          56          57
0000128          47          55          88          84
0000144          31          47          38          54
0000160          37          78          58          77
0000176       53826    13627085        5742           0
0000192           0           0           0           0
0000208           0           0         158         132
0000224         144         199          32         143
0000240         160          92         179         193
0000256         124         133         224         159
0000272         122         176         134         128
0000288          39         115         189         117
0000304         120         182         183          66
0000320         224         122         135          90
0000336          85         137         135         208
0000352         197         186         184          99
0000368         115         163         150          52
0000384          61          53         163         245
0000400          72         121         143          21
0000416         117         146           6          77
0000432          57         102          49         118
0000448         119         141          57          85
0000464          63         177       40275    13736303
0000480        3833           0           0           0
0000496           0           0           0           0
0000512          67          86         113         114
0000528           5          86          96          30
0000544         134         122
0000552
