0000000    18067313    18051630    18057476    18065456
0000016    18068916    18046943    18070527    18066173
0000032    18072497    18065906    18046647    18067083
0000048    18048458    18060533    18044541    18069120
0000064    18034134    18060543    18048704    18065864
0000080    18071049    18069680    18076669    18081444
0000096    18076964    18064505    18075235    18064383
0000112    18071137    18064227    18072370    18064721
0000128    18072728    18064935    18071259    18073504
0000144    18071933    18064156    18070512    18070066
0000160    18071002    18069781    18065077    18070339
0000176    18064418    18069611    18064451    18071341
0000192    18063556    18069967    18063937    18071741
0000208    18072602    18072150    18070687    18069161
0000224    18069004    18065419    18069406    18064779
0000240    18067992    18065542    18067215    18065027
0000256    18067383    18064441    18067450    18067685
0000272    18067283    18063178    18067790    18067418
0000288    18067904    18067042    18065246    18067989
0000304    18063880    18067168    18060983    18067560
0000320    18063724    18068203    18062747    18068595
0000336    18069282    18069919    18076264    18072819
0000352    18069801    18061323    18069039    18064288
0000368    18067426    18065289    18066848    18064378
0000384    18067612    18063166    18066852    18066705
0000400    18067362    18064387    18067006    18065468
0000416    18066708    18066620    18064949    18066668
0000432    18060265    18065791    18064799    18067116
0000448    18064778    18067092    18064471    18067086
0000464    18067614    18068120       16219    12816839
0000480        1920           0           0           0
0000496           0           0           0           0
0000512    18459999    18452234    18452347    18436119
0000528    18459720    18438709    18450782    18444161
0000544    18445580    18430840
0000552
