0000000        1411        1402        3248        1819
0000016        1021         991        1694        1290
0000032         427        1076        2426        1160
0000048        1625        1862        1432        1474
0000064        2922         727        1549         807
0000080        1105        1132         630        2800
0000096        2062        1301        1884        1188
0000112         843        1339        1489         691
0000128         708         629        1065        3647
0000144         891        1363        1216         390
0000160         868        1814         323         723
0000176         561        1102         429        1459
0000192         913        2007         646         947
0000208         957         829         455         237
0000224         486         427         771        1168
0000240         587         371         291         456
0000256         361         557         632         853
0000272         499         708         385         859
0000288         452         467         425         736
0000304         508         690        1615         644
0000320         553         921        1247         993
0000336         801         677        7518        6208
0000352        8729        7200        9072        6542
0000368        5267        3952        4875        6464
0000384        4179        6846        6962        4537
0000400        8458        5821        7172        5674
0000416        4823        6884        5353        4655
0000432        9937       11740        3435        5599
0000448        5466        8706        5561       10587
0000464        7634        8398       62590    12766139
0000480        1921           0           0           0
0000496           0           0           0           0
0000512       13225       10209       12072       14977
0000528        7839       12487        9186       10298
0000544       12346       11476
0000552
