0000000          45          43          68          63
0000016          65          54          57          60
0000032          63          80          59          73
0000048          44          47          72          94
0000064          77          64          54          35
0000080          67          54          48          73
0000096          54          59          67          61
0000112          72          83          58          77
0000128          43          44          92          94
0000144          46          49          45          72
0000160          69          82          53          81
0000176       21132    13514157        1919           0
0000192           0           0           0           0
0000208           0           0          68          54
0000224          57          65          17          50
0000240          51          43          73          67
0000256          56          53          66          65
0000272          50          75          60          39
0000288          26          46          53          42
0000304          38          60          54          44
0000320          85          48          59          52
0000336          39          41          51          59
0000352          68          63          53          47
0000368          46          41          55          42
0000384          34          23          63          94
0000400          41          58          47          16
0000416          32          63          11          37
0000432          36          45          35          53
0000448          48          64          31          41
0000464          26          58          53          31
0000480          49          51          75          80
0000496          50          27          40          38
0000512          36          61          54          50
0000528          55          65          35          64
0000544          43          41
0000552
