0000000      180999      174570      189819      173979
0000016      176246      214257      178369      181855
0000032      166419      174453      177484      168177
0000048      187043      202346      199015      191837
0000064      199778      180409      177238      170838
0000080      168785      189359      184304      188195
0000096      228480      190774      195729      177064
0000112      204822      179193      187336      181227
0000128      170493      185948      195985      206886
0000144      179529      180610      179187      188695
0000160      178705      178958      173749      176795
0000176      163775      180591      180202      183010
0000192      180570      183592      175681      189862
0000208      185231      186174      165047      140358
0000224      174977      148531      184914      164823
0000240      147887      143922      165015      157132
0000256      151590      162334      180579      150194
0000272      167245      165129      160122      162314
0000288      144617      165887      147530      172871
0000304      172875      164235      165743      168365
0000320      168513      171838      169682      170570
0000336      176423      164225      173642      151093
0000352      171866      180579      167183      174318
0000368      167822      142999      170412      148215
0000384      148063      160120      155894      161512
0000400      166208      159721      179798      168046
0000416      165450      155524      162181      160860
0000432      185159      182086      154231      153938
0000448      158152      183964      162235      182661
0000464      159917      169765       52004    12894679
0000480        1918           0           0           0
0000496           0           0           0           0
0000512      179070      170207      182724      192929
0000528      173327      169804      173346      178589
0000544      211308      179561
0000552
