0000000       34443       37263      142045      118261
0000016       34113       34501       22857       57098
0000032       35675      109242       80344      101279
0000048        3440    13270590      118662           0
0000064           0           0           0           0
0000080           0           0      361963      374699
0000096      417491      574173      204081      322043
0000112      335995      273451      604150      550778
0000128      289996      303883      658644      430190
0000144      294755      409132      291134      288640
0000160      220436      288537      388875      301840
0000176      287377      382570      383304      263474
0000192      788104      311092      279270      259961
0000208      245319      328056      340481      987749
0000224      483466      368690      484182      294070
0000240      332358      330979      491677      249627
0000256      241806      251963      365642      660125
0000272      247071      348402      334468      236242
0000288      259702      354903      200498      250973
0000304      233385      271289      251220      282462
0000320      275112      323957      243106      273439
0000336      256513      437903      291074      207886
0000352      367616      365182      380396      649425
0000368      402353      252119      291275      328776
0000384      391663      565866      582244      561166
0000400      349653      718770      268686      872208
0000416      293542      476574      299203      419607
0000432      451023      558542     1461022      434296
0000448      463966      579932      575249      902317
0000464      546159      581426      295684      550872
0000480      971182     1247870      731472      424567
0000496      625504      271344      578048      542214
0000512      420875      666607      775890      669780
0000528      632667      599096      621837      884370
0000544      433387      594691
0000552
