0000000           0           1           3           5
0000016           2           0           2           1
0000032           1           0           2           1
0000048           1           1           3           0
0000064           2           1           0           0
0000080           1           3           2           2
0000096           4           3           2           0
0000112           1           0           0           0
0000128           1           1           2           3
0000144           0           0           0           0
0000160           0           3           0           1
0000176           2           1           1           2
0000192           1           1           0           0
0000208           0           1           1           2
0000224           1           0           0           2
0000240           1           0           1           0
0000256           2           0           1           2
0000272           1           3           1           0
0000288           1           0           2           1
0000304           0           1           4           0
0000320           2           2           2           4
0000336           2           2           0           1
0000352           1           2           1           2
0000368           2           1           1           0
0000384           1           2           2           0
0000400           2           2           1           3
0000416           2           2           2           1
0000432           3           0           1           2
0000448           1           5           0           3
0000464           2           2        6712    13974408
0000480        1922           0           0           0
0000496           0           0           0           0
0000512           0           3           1           1
0000528           0           0           0           0
0000544           2           2
0000552
