0000000           1           0           2           0
0000016           1           1           1           1
0000032           0           0           2           0
0000048           0           1           3           1
0000064           2           1           0           1
0000080           0           0           0           3
0000096           1           1           2           0
0000112           0           0           0           1
0000128           3           0           1           4
0000144           0           1           0           0
0000160           2           2           0           0
0000176           0           2           1           0
0000192           0           2           0           0
0000208           0           1           0           0
0000224           1           0           0           0
0000240           1           0           0           0
0000256           0           0           3           0
0000272           0           0           0           1
0000288           0           0           0           2
0000304           1           0           0           0
0000320           0           2           0           1
0000336           2           1           2           0
0000352           4           1           2           2
0000368           1           0           1           2
0000384           0           1           1           1
0000400           1           1           0           2
0000416           1           0           0           0
0000432           0           1           0           2
0000448           0           3           1           1
0000464           1           2       20302    13997972
0000480        1930           0           0           0
0000496           0           0           0           0
0000512           0           3           0           0
0000528           0           0           0           0
0000544           1           1
0000552
