0000000           1           1           4           2
0000016           4           2           1           6
0000032           1           0           2           1
0000048           1           2           3           1
0000064           3           2           0           1
0000080           0           3           1           3
0000096           3           1           0           5
0000112           3           0           0           0
0000128           0           0           2           2
0000144           2           3           2           1
0000160           2           4           0           0
0000176           4           1           1           1
0000192           0           2           1           2
0000208           2           1           3           1
0000224           2           1           5           3
0000240           1           1           1           2
0000256           0           2           2           2
0000272           1           2           4           2
0000288           3           3           3           1
0000304           2           2           4           2
0000320           2           2           3           1
0000336           2           0           2           2
0000352           2           8           7           3
0000368           2           1           3           1
0000384           0           1           2           4
0000400           3           3           3           5
0000416           2           2           0           1
0000432           5           6           2           2
0000448           3           3           1           6
0000464           2           4       45657    13923669
0000480        1919           0           0           0
0000496           0           0           0           0
0000512           3           2           3           6
0000528           0           2           2           0
0000544           3           1
0000552
