0000000          53          62         112         106
0000016          54          67          56          31
0000032           4          48          88          65
0000048          47          87         105          12
0000064         135          59          54          35
0000080          28          50          30         111
0000096          96          82         102          56
0000112          52          63          92          12
0000128          10          12          70         130
0000144          11          72          75           8
0000160          23          80           1          21
0000176          12          29           6          40
0000192          21          70          18          32
0000208           9          94          38           6
0000224          39          58          62         107
0000240          78          30          32          47
0000256          61          74         106         103
0000272          50         105          23         103
0000288          51          86          38          79
0000304          76         111         121          66
0000320          84          90          68         131
0000336          82          76          57          74
0000352         118         147         105          72
0000368          75          19         108          74
0000384          51          85         108          85
0000400         102          94         102         112
0000416          65          81          46          48
0000432         142         138          34          48
0000448          33         131          36         138
0000464          77         126       35241    13792045
0000480        1936           0           0           0
0000496           0           0           0           0
0000512          27          24          41          63
0000528           1          30          14           6
0000544          52          53
0000552
