0000000     7725986     7713872     7726554     7709220
0000016     7715890     7687293     7738766     7720655
0000032     7701131     7710628     7715002     7714922
0000048     7712780     7723334     7698424     7749776
0000064     7694993     7694156     7713183     7705197
0000080     7729878     7716534     8269696     8277482
0000096     8279761     8258994     8279183     8263470
0000112     8253265     8262849     8266292     8259481
0000128     8268328     8256612     8261071     8292929
0000144     8290357     8259975     8262247     8255661
0000160     8271479     8271823     8240171     8262111
0000176     8242682     8275691     8235003     8283658
0000192     8248930     8280685     8246433     8270011
0000208     8277909     8243801     5544533     5533735
0000224     5548406     5537288     5561173     5557914
0000240     5552279     5538598     5534216     5539804
0000256     5538974     5536057     5546687     5556981
0000272     5548444     5534565     5548460     5552172
0000288     5549946     5534121     5541994     5554343
0000304     5528280     5541234     5555336     5545480
0000320     5532986     5555896     5561101     5553421
0000336     5551409     5547069    16857038    16846733
0000352    16836486    16806834    16835519    16818143
0000368    16829328    16820661    16827193    16817346
0000384    16832552    16811850    16828659    16828868
0000400    16833071    16815276    16828787    16818864
0000416    16829928    16828951    16817557    16829096
0000432    16798885    16822139    16812332    16827345
0000448    16815126    16824720    16813933    16822872
0000464    16825080    16825368       47447    12793422
0000480        1924           0           0           0
0000496           0           0           0           0
0000512    17594570    17582711    17582819    17541283
0000528    17591066    17544101    17569690    17548538
0000544    17562343    17537319
0000552
