0000000          63          71          84          62
0000016          50          78          53          67
0000032          64          61          81          51
0000048          50          87          87          64
0000064          83          64          48          53
0000080          49          75          70         106
0000096          73          64          77          55
0000112          67          61          64          56
0000128          41          48          92          87
0000144          44          57          54          49
0000160          50          57          27          51
0000176          39          53          46          61
0000192          42          68          42          70
0000208          46          82          34          30
0000224          51          70          89          77
0000240          51          46          53          48
0000256          64          71          62          59
0000272          51          63          40          70
0000288          37          54          41          55
0000304          79          90          79          54
0000320          71          73          49          73
0000336          77          67          57          51
0000352          79         109          65          58
0000368          63          35          85          53
0000384          52          66          50          53
0000400          72          57          67          69
0000416          61          56          67          59
0000432          84          97          56          55
0000448          45          97          58          74
0000464          57          90         359    13500498
0000480        1934           0           0           0
0000496           0           0           0           0
0000512          88          55          66          79
0000528          29          53          62          47
0000544          84          68
0000552
