0000000           1           0           3           0
0000016           3           2           1           4
0000032           0           0           3           3
0000048           0           3           1           3
0000064           4           2           2           3
0000080           0           1           1           3
0000096           2           2           3           0
0000112           1           2           3           1
0000128           0           4           0           1
0000144           2           1           3           0
0000160           1           1           0           1
0000176           0           1           1           2
0000192           2           1           2           1
0000208           1           1           2           0
0000224           1           1           2           1
0000240           2           0           0           2
0000256           0           1           0           0
0000272           1           0           2           3
0000288           1           1           1           0
0000304           5           1           1           2
0000320           2           0           2           2
0000336           1           3           2           0
0000352           3           4           0           3
0000368           4           2           3           0
0000384           3           1           2           2
0000400           4           2           2           1
0000416           0           1           2           4
0000432           6           3           0           0
0000448           1           1           1           2
0000464           1           5          31    13943196
0000480        1925           0           0           0
0000496           0           0           0           0
0000512           2           3           2           2
0000528           0           1           2           0
0000544           1           1
0000552
