0000000       10864       10273       13042       10204
0000016        9547        9891       11076       10170
0000032        5748        9270       11900        9207
0000048       10980       12572       11179       11655
0000064       13181        7912       10481        7871
0000080        9433        9677        6759       12689
0000096       13437       10365       11876        9532
0000112        8818       10260       10595        8189
0000128        7574        7799        9658       15761
0000144        9645       10574        9951        5451
0000160        8603       10811        4153        7867
0000176        6730       10201        5388       11216
0000192        8701       12029        7407        9654
0000208        9847        8158        4596        2451
0000224        5567        5035        7463        8738
0000240        6066        4219        3374        5319
0000256        4037        5834        6485        7318
0000272        5912        6675        4482        7460
0000288        5381        4912        4994        7185
0000304        5125        6265        9358        6275
0000320        5926        8341        9435        8624
0000336        7427        6868       28389       23313
0000352       26888       24041       29283       25461
0000368       22008       19216       21132       22208
0000384       18710       23118       22467       19354
0000400       27093       21510       25102       20531
0000416       21407       22735       22281       20463
0000432       28299       34850       18151       22952
0000448       23013       30620       23393       33217
0000464       26079       26945        9548    12779787
0000480        1921           0           0           0
0000496           0           0           0           0
0000512     7772122     7726884     7739596     7739347
0000528     7728998     7738708     7711037     7716046
0000544     7711201     7701151
0000552
