0000000       13530     8837719        9556           0
0000016           0           0           0           0
0000032           0           0       42923       52555
0000048       58325       58446       55660       59460
0000064       64440       64940       78451       61832
0000080       79094       66891           0       76808
0000096       59909       65189       46818       55691
0000112       69225       57637       62106       72908
0000128       63022       61976       69648       61993
0000144       65999       62539       83720       76049
0000160       75145       62123       28859       61957
0000176       64285      101542       68430       53560
0000192       57704       54778       59636       59268
0000208       55607       67529       81545       45362
0000224       70032       51900       57667       58241
0000240       44797       57029       56705       43813
0000256       38868       56891       68532       59536
0000272       60370       47808       41110       53888
0000288       58865       31300       67696       72888
0000304       81867       58605       78948       62227
0000320       67076       64627       78608       69679
0000336       73049       71815       63019       64400
0000352       69836       59892       71899       60338
0000368       74185       67796       58462       65583
0000384       74977       63977       61931       53154
0000400       88628       72912       64970       68533
0000416       69796       59376       75822      108617
0000432       64287       80876       76482       65110
0000448       70531       72021       71556       76137
0000464       63120       63441       75052       75714
0000480       67398       73237       56419       66368
0000496       68938       55161       77091       63279
0000512       56039       57464      102876       74762
0000528       56849       74322       74563       64896
0000544       86229       62281
0000552
