0000000       55790     8760517        9559           0
0000016           0           0           0           0
0000032           0           0       65353       59942
0000048       65767       68190       70242       66499
0000064       72500       75338       89212       79748
0000080       92957       83454           0       84164
0000096       65519       71069       72162       64344
0000112       76713       70770       70930       79875
0000128       80671       69647       78437       70155
0000144       78489       70649       93627       84065
0000160       82207       68113       63876       68764
0000176       71609      125229       74477       64717
0000192       69280       64204       66455       82854
0000208       76956       77670      110372       58917
0000224       80266       70235       69634       65677
0000240       75027       64073       77817       63478
0000256       75935       67589       83302       78813
0000272       81549       73365       65044       68328
0000288       72645       61121       72747       81625
0000304       90704       65755       85440       67738
0000320       74612       71332       85778       76615
0000336       81719       79995       70844       71311
0000352       78890       67899       79296       67746
0000368       81875       73658       64924       72473
0000384       81932       71478       68765       65924
0000400       96732       80295       76585       77323
0000416       79095       67110       83573      120286
0000432       69269       88066       83695       72509
0000448       78022       78442       78600       82321
0000464       70445       69125       79988       83300
0000480       73860       80689       62970       75193
0000496       77665       65520       85496       72029
0000512       64366       66741      115696       85727
0000528       65144       81186       83541       72498
0000544       96238       72857
0000552
