0000000       51114     8567638        9555           0
0000016           0           0           0           0
0000032           0           0       75667       67102
0000048       73203       75885       80226       74453
0000064       80973       85028       99836       92150
0000080      104766       94947           0       93673
0000096       72989       79123       83249       72262
0000112       85933       80440       80400       88276
0000128       91439       77010       86949       77903
0000144       87203       79057      104308       91994
0000160       91478       75631       76669       75914
0000176       80589      140342       83777       73571
0000192       78376       73489       74066       95685
0000208       88393       88526      127869       66958
0000224       90769       80648       78568       73560
0000240       89396       71283       89596       73016
0000256       89718       75672       93525       89970
0000272       93505       84175       75619       77809
0000288       82000       71879       80749       92162
0000304      101965       73076       94141       74657
0000320       83818       78744       94246       85503
0000336       90181       86438       79437       77934
0000352       89283       74690       88761       76414
0000368       90860       81600       72968       80317
0000384       90459       79099       76890       74407
0000400      107171       91221       85698       85890
0000416       88656       73768       92201      135379
0000432       76418       96257       92213       80575
0000448       86841       87569       87024       90445
0000464       77372       75834       88968       92577
0000480       82385       88644       69196       83956
0000496       87285       73938       95163       80984
0000512       71692       74445      130712       96345
0000528       72238       89854       93445       80847
0000544      108271       82403
0000552
