0000000       23471     8721934        9561           0
0000016           0           0           0           0
0000032           0           0       69129       62440
0000048       67686       70542       73923       69044
0000064       75243       78296       92222       83714
0000080       95843       86785           0       86579
0000096       68341       73324       74854       67035
0000112       79905       73727       74621       82747
0000128       83767       71787       80955       73214
0000144       81437       73463       96974       86615
0000160       85039       70841       67736       71264
0000176       74780      136530       77523       67077
0000192       71632       67428       68384       86200
0000208       80387       80448      115472       61189
0000224       83194       73665       72701       67888
0000240       79077       65757       82158       65983
0000256       79973       69645       86268       82347
0000272       85342       76667       68047       71278
0000288       75096       64246       74828       84777
0000304       93626       67475       86464       70045
0000320       77591       73652       88554       79880
0000336       84326       81261       73267       72834
0000352       82741       69720       82926       70093
0000368       84696       76653       67979       74698
0000384       84597       73271       71775       68406
0000400      100232       83242       78995       80066
0000416       83148       69786       85976      124428
0000432       72048       90524       86313       74765
0000448       80474       80740       81808       84136
0000464       71953       71243       82924       85929
0000480       76413       82789       65024       78247
0000496       80677       67705       88338       74653
0000512       66878       69090      123395       88999
0000528       67333       84178       86378       74963
0000544       99919       75909
0000552
