0000000       13423     8644799        9586           0
0000016           0           0           0           0
0000032           0           0       73295       65093
0000048       71842       74247       78272       72635
0000064       79086       82767       97464       88602
0000080      101692       92409           0       90454
0000096       71178       76602       80566       70512
0000112       83929       78378       77811       86464
0000128       88723       75437       85031       76699
0000144       85411       77309      101020       90638
0000160       89392       73477       72452       74247
0000176       78544      140149       79923       71571
0000192       76498       71278       71957       93092
0000208       85815       85353      123624       64328
0000224       88449       78087       76692       72149
0000240       85321       69239       87351       70009
0000256       85929       73903       91477       87424
0000272       91444       81543       73361       75394
0000288       80391       69217       77966       89857
0000304       98808       71429       90662       72779
0000320       81217       77480       92032       83006
0000336       89103       85885       77553       76311
0000352       86980       73440       86806       73789
0000368       88799       78928       71397       78377
0000384       88278       77201       74468       72799
0000400      104021       88760       83854       84018
0000416       86395       72648       89021      131377
0000432       74260       94476       89791       78718
0000448       84532       83937       85160       87471
0000464       75734       74329       86257       90175
0000480       80134       86352       67924       81864
0000496       85120       71860       93137       78642
0000512       69744       72561      124576       93870
0000528       70353       88302       90762       78327
0000544      105608       79679
0000552
