0000000       49167     8181672        9553           0
0000016           0           0           0           0
0000032           0           0      675986      599207
0000048      629697      686010      687354      643367
0000064      660520      728792      885939      821636
0000080      857695      868282           0      778810
0000096      642171      680119      733078      633800
0000112      726194      715912      723585      707871
0000128      773003      667347      735560      668239
0000144      757958      704299      872657      787631
0000160      774029      649933      663826      685853
0000176      706464     1170202      716893      638299
0000192      696607      628740      641675      827455
0000208      772528      750935     1073717      572901
0000224      764076      717563      696679      621202
0000240      760779      609382      769919      656190
0000256      801864      625513      754521      753642
0000272      773914      727937      676955      664592
0000288      683060      638750      669638      811267
0000304      881694      621181      770123      637477
0000320      693233      686513      784887      712565
0000336      744314      736437      676168      651273
0000352      755179      658383      784353      654543
0000368      739172      676985      630770      680004
0000384      725212      661797      653117      647954
0000400      929927      802936      760190      753539
0000416      756501      646410      798087     1228670
0000432      663532      831521      765321      680466
0000448      722725      728902      738846      728233
0000464      660729      620266      738916      777892
0000480      697829      730749      599801      710391
0000496      755133      650782      803031      720101
0000512      629553      643427     1053182      814173
0000528      630791      744215      782537      692665
0000544      911431      694818
0000552
