0000000       57766     8413190        9552           0
0000016           0           0           0           0
0000032           0           0      120571      120292
0000048      130802      135639      132101      137887
0000064      141839      147372      182571      153356
0000080      179782      164560           0      220594
0000096      140402      181341      130584      129651
0000112      155762      136604      144006      167664
0000128      145516      136037      154600      135940
0000144      151743      141065      187975      185207
0000160      184388      170056      119347      153656
0000176      151757      253620      187156      124922
0000192      134690      125743      137471      155622
0000208      145929      155810      212554      112478
0000224      160089      135327      140434      137699
0000240      139533      131774      151637      120009
0000256      141161      132084      158851      149254
0000272      155067      135597      124068      136642
0000288      142918      113657      206288      186321
0000304      202007      137154      348460      162862
0000320      153382      146422      223946      155937
0000336      158427      174750      143562      149455
0000352      161118      137197      183016      140352
0000368      177588      191527      139430      155390
0000384      190630      145808      152270      128871
0000400      237258      178734      150412      163186
0000416      159190      138134      276555      318156
0000432      206507      246944      222476      150394
0000448      165674      207278      188618      261785
0000464      148590      217043      296095      223923
0000480      198675      197360      131330      157154
0000496      160932      130329      174854      149364
0000512      132177      134877      240477      175419
0000528      132516      183177      170666      177765
0000544      223672      152160
0000552
