0000000       12289     8702653        9554           0
0000016           0           0           0           0
0000032           0           0       69712       62648
0000048       68979       71451       74703       70353
0000064       76033       79504       93568       85095
0000080       97990       89008           0       87374
0000096       69178       74389       76201       67650
0000112       80921       75469       75140       83002
0000128       84904       72861       82415       74304
0000144       82733       75002       97973       87558
0000160       85873       70839       69075       72729
0000176       75607      140493       78489       68458
0000192       73006       68003       69789       88750
0000208       81699       82442      117129       61709
0000224       85440       74708       73716       69429
0000240       80859       67066       82998       67100
0000256       81492       70802       87500       83484
0000272       86810       77116       69311       73132
0000288       76092       65923       76324       86205
0000304       95037       69090       88140       70878
0000320       78954       74972       89634       80585
0000336       85497       83133       74668       74442
0000352       84072       70635       84242       71165
0000368       86164       77321       68745       75579
0000384       85035       74348       72661       69527
0000400      101228       83979       80583       80721
0000416       82915       70583       86264      126358
0000432       72873       91538       86394       76439
0000448       81710       81562       82814       85204
0000464       72841       71758       83789       86778
0000480       77296       83572       65648       79341
0000496       82430       68938       89861       75936
0000512       67463       69894      125113       90326
0000528       68217       85093       87650       75623
0000544      100993       76649
0000552
