0000000       19277     8278125        9560           0
0000016           0           0           0           0
0000032           0           0      679793      598465
0000048      628661      686226      688887      644443
0000064      661509      730479      883300      815364
0000080      855329      866060           0      774700
0000096      641825      683747      733010      633480
0000112      727892      718408      720390      708429
0000128      771443      666513      734548      665522
0000144      757305      700516      868947      782074
0000160      769713      646888      659780      683667
0000176      704187     1162688      715143      641496
0000192      697093      631644      644074      831757
0000208      773369      753617     1102267      577819
0000224      763868      722118      698437      623577
0000240      757366      610070      777218      657610
0000256      801077      628884      758842      754556
0000272      777907      728653      679131      664038
0000288      682846      640740      667168      804584
0000304      874459      621368      767059      635091
0000320      689054      688608      780371      711487
0000336      746874      736591      673400      651850
0000352      754295      660702      780265      656053
0000368      734486      674250      633557      682715
0000384      724277      660318      652504      644369
0000400      922685      795307      762559      751305
0000416      749597      645549      794953     1208277
0000432      662245      825869      759797      682166
0000448      719165      739861      740833      725141
0000464      660771      619652      738364      775656
0000480      696641      729818      599300      707040
0000496      755017      652495      802402      720273
0000512      629183      642618     1053213      811635
0000528      633490      741758      778623      687863
0000544      900796      691126
0000552
