0000000       49396     8548374        9562           0
0000016           0           0           0           0
0000032           0           0       75940       67318
0000048       74327       76790       80717       75284
0000064       81110       85852      100800       91481
0000080      105300       95860           0       94831
0000096       74427       80744       83422       72902
0000112       85784       81080       80469       89582
0000128       91597       77859       87987       78352
0000144       88586       79945      105000       94338
0000160       92756       77277       76704       77791
0000176       82034      142268       85227       74251
0000192       79217       73573       75623       96276
0000208       88482       88917      125420       67331
0000224       91840       81603       79880       75199
0000240       89699       72109       90505       73120
0000256       89829       76211       94408       90283
0000272       94113       84395       76103       78043
0000288       82916       71983       82892       93679
0000304      103403       73744       97151       76143
0000320       84075       80073       96577       86174
0000336       91460       87565       80168       78547
0000352       89955       75790       90447       77001
0000368       91879       82695       74074       81007
0000384       91732       79803       78544       75186
0000400      108932       91602       86556       86511
0000416       88909       74740       93614      136890
0000432       78033       98381       93451       81274
0000448       87451       89165       88631       92110
0000464       78624       77336       91675       93418
0000480       83635       90242       70019       85134
0000496       87855       74102       95807       81133
0000512       72936       75242      135534       97347
0000528       72995       91311       94211       82106
0000544      109932       83492
0000552
