0000000       11358     7659058        9557           0
0000016           0           0           0           0
0000032           0           0      589313      515433
0000048      537813      585956      594306      540596
0000064      558521      619431      760204      704894
0000080      736499      752401           0      661762
0000096      539959      571649      633067      536464
0000112      618683      614519      616868      600362
0000128      659698      568166      624410      574334
0000144      668919      615667      749261      674590
0000160      669741      549140      577838      581059
0000176      599866     1137600      607459      539983
0000192      598598      530624      538650      716526
0000208      660778      649085      988194      480032
0000224      653261      618974      594258      521767
0000240      654948      509012      660989      557692
0000256      692811      529592      643797      648813
0000272      662466      632318      577906      566839
0000288      581944      548764      575148      710148
0000304      773301      533235      667035      540277
0000320      596430      595116      677343      613123
0000336      644507      636356      580001      561720
0000352      651320      565700      675211      564012
0000368      639455      577813      543953      588738
0000384      626824      570735      574820      566402
0000400      811832      702410      666197      657064
0000416      667825      558469      699314     1133897
0000432      577347      724973      666205      583748
0000448      628191      629527      640237      624304
0000464      570201      527435      637785      676096
0000480      602897      634476      512190      617971
0000496      657144      563623      703699      628914
0000512      546054      556405      956303      713642
0000528      544955      655573      683439      599196
0000544      816675      599645
0000552
