0000000       47946     8490493        9560           0
0000016           0           0           0           0
0000032           0           0       78688       73526
0000048       80480       82985       84771       84550
0000064       88976       91153      112400       96987
0000080      113912      101352           0      120648
0000096       85919      102876       86185       78976
0000112       95193       85899       87396      102393
0000128       95305       84572       95734       84296
0000144       95072       86362      116773      112274
0000160      110057       97425       79572       92229
0000176       94491      156552      108716       77928
0000192       83546       78310       84621      100065
0000208       93335       95430      134431       71255
0000224      100032       85465       86348       86439
0000240       92677       81585       95531       75848
0000256       93295       82476      101024       95021
0000272       99300       88249       78837       83688
0000288       89649       74444      110026      109830
0000304      119818       83712      138057       93222
0000320       94259       90258      121124       97332
0000336      100340      103845       87739       90722
0000352      100029       84040      106006       86370
0000368      106965      101348       84554       93167
0000384      110786       89218       90232       79756
0000400      132917      106884       92884       98937
0000416       98592       83833      125370      166048
0000432       99166      122548      115748       91448
0000448       98341      109821      106210      122446
0000464       89386      103053      126488      115299
0000480      104576      108388       80578       96101
0000496       97881       79794      108533       90151
0000512       80475       83009      152234      108797
0000528       81226      107952      105081       98782
0000544      129758       92053
0000552
