0000000       65505     7925247        9560           0
0000016           0           0           0           0
0000032           0           0      632232      555530
0000048      582224      637892      644637      598004
0000064      611329      678403      827865      769488
0000080      803546      814800           0      721676
0000096      592611      630384      686276      585768
0000112      673560      667208      673673      657017
0000128      718374      619741      681610      622153
0000144      737742      854993      815387      732282
0000160      719642      603043      618504      635129
0000176      654649     1138863      666848      596204
0000192      651536      586089      593066      773740
0000208      722094      702660     1023763      530138
0000224      711963      670365      648567      573267
0000240      713620      564433      719300      610510
0000256      755610      582554      704107      705484
0000272      728136      675990      635552      619345
0000288      635086      595682      621967      756162
0000304      823301      577668      716135      589240
0000320      642329      638766      731533      660708
0000336      693991      683849      624277      603411
0000352      700474      609498      740116      607640
0000368      686383      627227      583160      632624
0000384      672505      613856      605773      600356
0000400      866626      748657      713349      701174
0000416      699471      597509      743283     1163203
0000432      611941      770901      712673      629435
0000448      671623      674607      684737      673190
0000464      612756      571525      685337      722461
0000480      649137      680307      556741      658866
0000496      704586      605397      746471      673005
0000512      584062      598833     1007136      760359
0000528      587116      692192      729494      632148
0000544      850969      643573
0000552
