0000000       20732     8123873        9561           0
0000016           0           0           0           0
0000032           0           0      678322      596208
0000048      624693      682980      689043      637177
0000064      654809      728168      882998      818885
0000080      855692      869039           0      770540
0000096      635405      670791      733160      630379
0000112      720360      714116      720250      699082
0000128      767024      664236      728510      663768
0000144      754383      701023      869416      779951
0000160      767489      643400      663770      679267
0000176      700399     1280513      707281      636916
0000192      693794      625381      636751      828452
0000208      767494      748395     1078584      568923
0000224      759790      716826      692417      614840
0000240      760101      603329      767616      655011
0000256      800569      620397      750948      754493
0000272      774506      725598      676252      664437
0000288      679851      637966      662918      802613
0000304      878813      616699      760607      634814
0000320      684178      680988      777493      706007
0000336      737962      729254      669058      644123
0000352      744830      651549      774253      649667
0000368      731154      667919      625200      673266
0000384      718657      653373      648160      643198
0000400      921609      795444      755925      744664
0000416      748262      639890      791939     1221005
0000432      654844      818308      754592      671327
0000448      716892      721402      730989      717248
0000464      653848      612137      731492      772492
0000480      693414      724632      592217      703068
0000496      748188      644820      796276      718788
0000512      623951      639763     1045414      806452
0000528      627256      737503      775012      685975
0000544      900318      685307
0000552
