0000000       35919     7965735        9559           0
0000016           0           0           0           0
0000032           0           0      642453      563821
0000048      591568      648920      654750      605753
0000064      621222      690848      840675      782417
0000080      817173      828276           0      734266
0000096      603893      641921      698517      596018
0000112      684380      679800      683993      669092
0000128      731665      628549      695129      630609
0000144      748759      666005      828317      743998
0000160      730518      612420      624230      646667
0000176      664742     1145886      676329      604324
0000192      660276      592891      606199      785772
0000208      735571      710928     1038927      539732
0000224      724165      681885      660215      585032
0000240      723267      572119      730920      621832
0000256      763661      591729      712956      718094
0000272      737010      688145      644181      630715
0000288      644076      605189      630655      767364
0000304      837829      588259      727417      599021
0000320      651876      648662      741139      672195
0000336      703931      693612      634828      613245
0000352      710883      619901      759202      618803
0000368      698948      635380      592822      643709
0000384      686013      622530      614724      611602
0000400      879987      758740      765419      710817
0000416      711436      607913      752876     1175034
0000432      622949      781151      718276      639867
0000448      682682      685939      696744      684384
0000464      621684      580416      697499      735053
0000480      659092      691603      563405      667858
0000496      712902      616419      758748      683224
0000512      591470      605917     1028773      770874
0000528      595249      704119      737111      641892
0000544      864732      654676
0000552
