0000000       38871     8297443        9560           0
0000016           0           0           0           0
0000032           0           0      677019      601026
0000048      628138      685263      691143      645028
0000064      660470      730078      883257      817853
0000080      856384      865498           0      775109
0000096      641842      677463      732686      633923
0000112      725861      717192      722564      707390
0000128      772617      667727      733903      667691
0000144      757224      702976      868308      783753
0000160      771319      647074      657739      684409
0000176      703583     1250148      715462      643366
0000192      696439      632436      642960      828208
0000208      773934      753054     1101227      576053
0000224      763257      721698      699410      625582
0000240      755000      610593      770857      658284
0000256      800331      628481      756551      752960
0000272      776319      726995      679605      666612
0000288      682534      638459      668666      803893
0000304      872348      623311      765540      636174
0000320      689683      687716      781062      708920
0000336      746905      735909      675419      651866
0000352      755154      659716      767850      656985
0000368      733295      674480      631714      680081
0000384      725204      659730      654581      645782
0000400      923048      796916      761382      751249
0000416      751263      646469      795407     1207067
0000432      662817      825319      758128      680631
0000448      721209      741325      738240      724748
0000464      660812      620743      739518      775926
0000480      698196      729877      600393      709402
0000496      756327      651048      803366      721271
0000512      631139      643980     1058213      811470
0000528      632845      742253      777338      689443
0000544      901961      692357
0000552
