0000000       64284     8085307        9586           0
0000016           0           0           0           0
0000032           0           0      671678      589369
0000048      617119      677032      683866      632205
0000064      649445      723200      876017      811893
0000080      850700      861118           0      764461
0000096      629128      665064      724618      623667
0000112      714412      708611      715485      695339
0000128      764676      659447      723468      660091
0000144      750385      696430      861071      773288
0000160      762264      640231      658415      671675
0000176      695831     1171553      703910      632795
0000192      688132      622181      631320      823816
0000208      763245      741409     1071362      562821
0000224      753533      709531      688835      611118
0000240      748287      599201      760964      648078
0000256      792623      617758      746449      745542
0000272      767585      720095      671406      658589
0000288      674470      631565      657061      796456
0000304      872719      611976      757127      627406
0000320      679920      676987      774006      702303
0000336      733599      724589      662901      640305
0000352      737638      647856      774367      644349
0000368      728280      663631      620634      669063
0000384      713521      647792      639874      638633
0000400      912713      788051      752216      738944
0000416      742482      636499      785198     1214612
0000432      649043      812730      748659      667232
0000448      709820      713086      725017      713813
0000464      646923      606983      724382      763632
0000480      685332      718566      587861      696156
0000496      741663      640458      790041      712787
0000512      619167      633023     1032847      802323
0000528      621569      732531      772895      681138
0000544      896551      680986
0000552
