0000000       63945     8258831        9561           0
0000016           0           0           0           0
0000032           0           0      677443      599962
0000048      628362      687342      688664      642868
0000064      660450      732527      886839      817671
0000080      858168      865748           0      775430
0000096      641555      680111      732057      633384
0000112      725555      719697      722481      707053
0000128      774700      665784      737175      666531
0000144      757704      704698      870865      782805
0000160      773412      646470      658202      683940
0000176      702680     1161083      716620      639306
0000192      695676      630645      645342      827479
0000208      773878      752212     1103592      575168
0000224      764960      719843      698405      622963
0000240      756810      611121      772486      658695
0000256      801531      628806      754636      752215
0000272      775169      729131      678775      666964
0000288      680431      641686      667869      803725
0000304      879940      622463      767964      637941
0000320      691253      686070      782633      709146
0000336      746433      734197      672994      652147
0000352      756882      660470      768219      654861
0000368      735692      675872      630979      682774
0000384      725242      658357      652764      645192
0000400      923855      796862      761075      753684
0000416      751086      646142      797697     1213703
0000432      662551      827736      760303      682972
0000448      721661      741698      740909      728129
0000464      661167      619369      739540      778138
0000480      698334      732847      599900      708187
0000496      754891      652902      805445      721937
0000512      630692      644574     1056025      815079
0000528      631019      742146      779601      689678
0000544      902498      690201
0000552
