0000000       52054     8818418        9561           0
0000016           0           0           0           0
0000032           0           0       54691       55099
0000048       60924       62280       63189       61938
0000064       66928       69096       82304       70355
0000080       85230       74612           0       79522
0000096       61190       66708       59082       58920
0000112       71310       63993       65622       75384
0000128       71736       64269       72579       64888
0000144       71678       65592       87257       78372
0000160       77280       63914       42202       64494
0000176       67559      112985       70087       59122
0000192       63167       59148       61800       71896
0000208       66630       71901       96467       52398
0000224       74277       61461       63732       61031
0000240       58830       59352       67890       53884
0000256       56059       61401       75136       69752
0000272       71640       58883       53128       61090
0000288       66139       44226       68778       75862
0000304       85094       60746       80083       64006
0000320       69888       66754       80137       71218
0000336       75935       74021       65663       66120
0000352       73761       62836       75604       62766
0000368       76083       69231       60840       67960
0000384       77050       66803       64755       59720
0000400       90586       75091       70497       71503
0000416       73441       62543       78415      112264
0000432       65665       83036       78757       67492
0000448       72948       73573       73330       77525
0000464       65537       65563       76486       77971
0000480       69188       75325       58501       70202
0000496       72238       60002       80170       66705
0000512       59381       61467      106959       79481
0000528       60290       75895       77458       67778
0000544       89335       67223
0000552
