0000000       20877     8162421        9554           0
0000016           0           0           0           0
0000032           0           0      677525      602256
0000048      628711      687385      692724      644440
0000064      658660      731098      888956      823000
0000080      861837      871759           0      776153
0000096      642046      676774      734807      635425
0000112      725820      717903      722332      708079
0000128      773638      668854      737038      668209
0000144      760597      707049      875396      786499
0000160      773692      647713      665563      683075
0000176      706403     1228457      716354      639991
0000192      697624      630982      643252      830377
0000208      773538      752318     1078570      571905
0000224      764915      721504      698600      622237
0000240      762411      609995      770815      655834
0000256      802163      626222      753886      752879
0000272      779066      729106      678893      666543
0000288      683188      641710      668427      809778
0000304      883704      622087      766187      635357
0000320      689901      685932      781688      712039
0000336      745235      736706      674277      649893
0000352      753526      658458      785379      654930
0000368      735382      674354      631575      678668
0000384      724422      659739      652578      645961
0000400      929585      806775      764681      752298
0000416      752369      643741      795967     1230558
0000432      660418      823082      763292      681057
0000448      721747      726738      737469      724093
0000464      660824      618419      737562      778392
0000480      697334      731121      597702      707636
0000496      756101      650471      802660      722228
0000512      627669      642140     1086526      815212
0000528      629849      742834      783441      691501
0000544      909912      692801
0000552
