0000000       65090     8374583        9559           0
0000016           0           0           0           0
0000032           0           0      171858      351391
0000048      395655      351269      258185      423683
0000064      429575      372116      515079      288935
0000080      435702      341529           0      689290
0000096      494380      588751      182767      330067
0000112      528638      289512      364195      555345
0000128      268857      387519      471372      369328
0000144      426213      424053      560134      632997
0000160      628495      559688      143294      481655
0000176      431054      593961      590222      249733
0000192      293517      255519      407758      217802
0000208      220366      373618      345647      195884
0000224      369736      211705      276861      362495
0000240      177251      358254      237272      166136
0000256      175279      262280      303059      225344
0000272      230555      186153      162698      231082
0000288      270233      140220      590345      578056
0000304      649005      444332      743813      545872
0000320      507774      485330      709448      513653
0000336      485469      607990      448016      504593
0000352      496122      434308      614139      452810
0000368      572278      584237      461461      512603
0000384      613174      460625      484310      291422
0000400      784150      621507      386031      520354
0000416      485052      417621      753847     1087964
0000432      616488      763591      695991      505607
0000448      581014      663181      629218      689444
0000464      510933      574081      708762      698728
0000480      602131      632395      446387      523365
0000496      515618      343909      565457      470785
0000512      401553      401300      774890      509570
0000528      407001      602563      533205      544185
0000544      710738      446798
0000552
