0000000       19727     8509794        9558           0
0000016           0           0           0           0
0000032           0           0       77602       70010
0000048       76578       79973       82577       79834
0000064       84971       88883      106004       94044
0000080      109490       98713           0      105546
0000096       79378       88957       85030       76036
0000112       90716       83155       84775       94906
0000128       93657       81229       91569       81747
0000144       91085       83024      110292      101752
0000160       99168       85494       77718       83557
0000176       87133      152573       93965       76339
0000192       81296       75592       79300       98282
0000208       90206       92545      131804       68814
0000224       96038       82867       82760       79432
0000240       90697       76545       92675       74776
0000256       91573       79352       97511       92748
0000272       96416       86065       78114       81604
0000288       85994       73346       93800       99479
0000304      109437       78029      116722       82465
0000320       88310       84589      105280       90024
0000336       95786       94031       84145       83229
0000352       93831       79490       96609       80473
0000368       97437       89313       78145       85732
0000384       98338       83906       83047       77284
0000400      117204       97040       88743       91615
0000416       93000       78842      107034      147424
0000432       85701      106647      101565       85779
0000448       92613       96379       95251      104808
0000464       81880       88911      107836      101795
0000480       92790       95874       75102       89091
0000496       92488       76956      100703       85332
0000512       75780       79103      142785      102727
0000528       76038       98063       99286       89038
0000544      117368       86903
0000552
