0000000       11393     9030793        9560           0
0000016           0           0           0           0
0000032           0           0       10945        9848
0000048       11079       11378       11792       11413
0000064       12920       12869       15221       13474
0000080       16642       13963           0       15230
0000096       11079       12786       11953       11025
0000112       13317       11749       11990       14635
0000128       13822       11854       13390       12030
0000144       13181       11769       16528       14548
0000160       14271       11944       10798       11846
0000176       12084       21017       13459       10932
0000192       11551       11036       11275       14191
0000208       12988       13231       18378        9839
0000224       14009       11539       11547       11550
0000240       13181       11107       13609       10548
0000256       12813       11922       14710       13725
0000272       14535       12555       10889       11792
0000288       12824       10312       13369       14145
0000304       15792       11340       16341       11937
0000320       12950       12331       15467       13363
0000336       14208       13301       12283       12234
0000352       13540       11377       13793       11481
0000368       14824       13246       11317       12584
0000384       15124       12606       11845       11227
0000400       17162       13793       12748       13034
0000416       13706       11298       14855       20226
0000432       11969       15503       14975       12560
0000448       13539       13677       13631       15296
0000464       12166       12847       14740       14307
0000480       12952       14252       10888       12831
0000496       13659       10954       14841       11958
0000512       10737       11336       21017       14987
0000528       10993       14474       14691       12742
0000544       16930       12702
0000552
