0000000       36859     8316749        9552           0
0000016           0           0           0           0
0000032           0           0      671466      602732
0000048      629372      684013      692942      644757
0000064      661822      728907      881832      812305
0000080      856258      861590           0      774552
0000096      640080      676269      726201      634568
0000112      725903      715429      719649      707224
0000128      770909      667663      732412      667162
0000144      755151      703359      867451      782417
0000160      770348      646799      618830      683843
0000176      704606     1217043      717569      639716
0000192      696155      630462      644146      822941
0000208      765140      750462     1092705      573513
0000224      764815      715319      698371      624354
0000240      731981      611578      762199      651686
0000256      771916      626985      753520      744698
0000272      771393      709564      662616      659679
0000288      679507      609576      670055      802365
0000304      871354      624247      766833      637852
0000320      688759      689062      781983      709650
0000336      745780      735306      674461      653689
0000352      756692      660483      777071      656839
0000368      736025      678126      631518      678856
0000384      724266      660022      652338      643463
0000400      922192      796123      758822      752019
0000416      751102      648514      796044     1205205
0000432      661907      822669      759223      680164
0000448      720996      743662      737659      724500
0000464      660508      621725      736448      776928
0000480      696572      730075      599267      709222
0000496      756195      650846      802447      720067
0000512      630580      643758     1077432      811617
0000528      633045      742607      778508      690654
0000544      901655      690802
0000552
