0000000       49603     8625488        9565           0
0000016           0           0           0           0
0000032           0           0       74409       65248
0000048       71820       74905       78367       73002
0000064       79004       82959       97816       89318
0000080      102040       92893           0       90746
0000096       71206       76381       80993       71140
0000112       84375       78917       78957       86435
0000128       88888       75905       85153       76842
0000144       86704       78153      102108       90838
0000160       89121       73706       73595       74916
0000176       78456      136956       80760       72035
0000192       77215       71598       72284       93335
0000208       85642       85942      125164       65140
0000224       88917       78511       77459       72394
0000240       86186       70162       87610       70732
0000256       87291       74360       92402       88097
0000272       92086       82262       73443       76152
0000288       80579       70508       78357       89789
0000304       99039       71136       91434       73491
0000320       81626       77339       92169       83729
0000336       88762       86248       77708       76612
0000352       87363       73463       87737       74598
0000368       88440       79030       72261       78382
0000384       88550       77707       75266       72969
0000400      105136       89990       84287       83900
0000416       86374       72194       89173      131765
0000432       75171       95021       90367       79101
0000448       85360       84034       85140       87961
0000464       76102       74464       86703       90351
0000480       80457       87696       68163       82731
0000496       84926       72438       93084       79072
0000512       70202       72902      126058       94338
0000528       71037       88517       91527       78713
0000544      105807       80630
0000552
