0000000       38409     7599277       11470           0
0000016           0           0           0           0
0000032           0           0      177099      160435
0000048      175813      188175      181157      183618
0000064      184841      202977      245985      224554
0000080      249792      242394           0      241496
0000096      183242      202638      189103      172910
0000112      202073      183462      201635      202440
0000128      197992      179005      201686      182917
0000144      198622      190350      255440      235169
0000160      228621      195289      168056      212416
0000176      227096      407180      239094      181157
0000192      193921      189105      184868      245911
0000208      222251      233889      345577      162177
0000224      242911      199763      208888      198563
0000240      217317      185014      225255      178455
0000256      218610      192799      220778      230975
0000272      228779      214347      187129      208727
0000288      212436      176852      212958      235418
0000304      268047      176182      243015      182555
0000320      196850      195905      233464      212486
0000336      209964      218598      189239      181735
0000352      215551      174491      240813      176702
0000368      217972      200387      180023      191064
0000384      209428      189022      187335      179329
0000400      275240      225037      205381      209101
0000416      212404      178549      252719      403618
0000432      195553      251761      233811      197556
0000448      206239      218004      216385      230949
0000464      192416      203327      227924      234808
0000480      219075      217198      175812      202077
0000496      216705      181032      236039      216550
0000512      176877      189581      303170      242886
0000528      177964      229823      233429      207476
0000544      292716      204229
0000552
