0000000        5406     9069422        9565           0
0000016           0           0           0           0
0000032           0           0       10426        9384
0000048       10445       10682       11552       10977
0000064       12204       12384       14251       12825
0000080       15891       13441           0       14088
0000096       10533       11748       11550       10444
0000112       12575       11227       11386       13957
0000128       13239       11511       12765       11466
0000144       12753       11382       15853       13703
0000160       13511       11218       10417       11093
0000176       11731       19446       12482       10377
0000192       10954       10437       11010       13436
0000208       12666       12635       17439        9638
0000224       13464       10971       11281       10814
0000240       12515       10541       12803       10004
0000256       11930       11559       14404       13333
0000272       13889       12022       10270       11121
0000288       12043        9687       12337       13147
0000304       14741       10772       14561       11164
0000320       12389       11351       14618       12764
0000336       13721       12913       11575       11798
0000352       13009       10828       13168       11076
0000368       14105       12613       10781       11990
0000384       14122       11813       11333       10588
0000400       16057       13140       12364       12301
0000416       12943       11134       13935       18769
0000432       11342       14912       14210       12255
0000448       13097       13170       13039       14361
0000464       11665       11840       13727       13869
0000480       12247       13554       10499       12112
0000496       12695       10476       14444       11622
0000512       10277       10675       20174       14368
0000528       10539       13854       14070       12168
0000544       16231       12091
0000552
