0000000       27926     7988857        9553           0
0000016           0           0           0           0
0000032           0           0      648201      570449
0000048      596049      653011      659547      613824
0000064      627687      693505      847749      788603
0000080      821764      832984           0      740140
0000096      608773      644931      701590      600106
0000112      691255      684323      688434      673115
0000128      736310      634304      699083      636639
0000144      754996      674718      833154      747982
0000160      735251      617716      632038      650160
0000176      670340     1209707      680141      608221
0000192      666742      602980      607715      792033
0000208      739112      717507     1043424      543700
0000224      729210      685676      665473      589931
0000240      726713      577827      737583      626567
0000256      769893      594723      720205      722484
0000272      743658      693434      648992      635262
0000288      650299      609956      634784      772084
0000304      841546      594097      731977      603277
0000320      656905      653617      747564      678104
0000336      710066      699685      640008      619400
0000352      716971      624715      753091      621930
0000368      704447      640775      597739      648219
0000384      689682      627460      618721      615519
0000400      886391      764670      743624      715893
0000416      717577      613913      756862     1183531
0000432      626105      787082      726226      645315
0000448      688324      690934      700664      687401
0000464      627477      588242      702421      740069
0000480      663063      694661      567818      674423
0000496      718240      620953      763802      687817
0000512      597562      612226     1011140      778025
0000528      601375      709476      743778      647872
0000544      870209      657843
0000552
