0000000       25519     2034053        1921           0
0000016           0           0           0           0
0000032           0           0    11240813    11230068
0000048    11207937    11091374    11223137    11080607
0000064    11276830    11035948    11245602    11074242
0000080    11194995    11156122    11281992    11251169
0000096    11264231    11211294    11232116    11226756
0000112    11329839    11245591    11134955    11184986
0000128    11232210    11188740    11242529    11127374
0000144    11142619    11242384    11078602    11119455
0000160    11330158    11387760     9408325     9168721
0000176     9181115     8828911     9359282     9132178
0000192     9405849     9059540     9306839     9285725
0000208     9041464     9215207     9198254     9420166
0000224     9366214     9454986     9103428     9334164
0000240     9214756     8973549     9230319     9254914
0000256     9416794     9171457     9490106     9142471
0000272     9122218     8951370     9419072     9365171
0000288     9151245     9102678    11003188    11022342
0000304    10978377    11056649    11122484    10898212
0000320    11096985    11176216    11500283    11305074
0000336    11235118    11462741    11356968    11073989
0000352    11172342    11468395    11241572    11231307
0000368    11276473    11081585    11092893    11031856
0000384    10982891    11051094    11351344    11065449
0000400    10998799    11140883    11043208    11120664
0000416    11127102    11079447    10305060    10119573
0000432    10214543    10268324    10132106     9826981
0000448    10221804    10028768    10142114    10111989
0000464    10256298    10512788    10266635    10165909
0000480    10055256    10486323     9916335    10318077
0000496     9873630    10132042    10029506     9995505
0000512    10377603     9931564    10162126     9864997
0000528    10137996    10018494    10205732    10080597
0000544    10091460    10203195
0000552
