0000000       38074     2347033        1919           0
0000016           0           0           0           0
0000032           0           0          10          17
0000048           9           5          14           8
0000064          10           5           3           5
0000080          15          11           7          18
0000096          10          11          15          28
0000112          11           8          78           9
0000128          10          32          12          17
0000144           1          25          34          11
0000160          19           5           9           6
0000176           8          11           6           7
0000192           7          11           3          12
0000208          11           5           7           5
0000224           3           9           4           3
0000240          17           8           9           3
0000256           6          12           5           9
0000272          11           7           4           6
0000288           2           7          14          12
0000304          14          24          12           9
0000320          17           6          13           8
0000336           8          10          41          30
0000352           6          17          12           9
0000368           8          15          25          12
0000384           5          11           4          19
0000400          14           9          22           6
0000416          10           4         180          16
0000432          24          11           7          11
0000448          19          15           8          18
0000464          14          16          12           9
0000480          10          16          21           9
0000496           9          11          19          12
0000512          19          25          14          19
0000528          15          19          22           8
0000544           7          22
0000552
