0000000       21321     1995014        1923           0
0000016           0           0           0           0
0000032           0           0        4065        4805
0000048        3027        2415        3279        2904
0000064        1765        3578        1786        3135
0000080        4678        2333        2172        4126
0000096        3046        3688        4525        3746
0000112        2582        3670        5360        3179
0000128        2286        5030        2783        5276
0000144        2272        3442        5613        5237
0000160        3209        1241       56480       79704
0000176       61640       98672       59357       57745
0000192       52618       77468       51414       72083
0000208       71052       65082       65080       52394
0000224       55626       62786       65888       57744
0000240       73785       68644       61509       60654
0000256       57013       65000       53552       65986
0000272       60624       85725       53516       59662
0000288       72045       66135        5103        4588
0000304        3819        5274        3973        4268
0000320        3829        3712        1459        2530
0000336        2952        2318        4460        4929
0000352        4767        3494        3897        3646
0000368        2501        4519        5021        4750
0000384        5225        3354        2417        4245
0000400        4665        4119        5579        3104
0000416        3703        3473      362035      370079
0000432      354904      348700      357935      373868
0000448      350986      361442      347696      360974
0000464      350793      350916      356985      356290
0000480      378538      354189      375736      347564
0000496      366013      357709      365416      357880
0000512      351731      362656      350907      379519
0000528      355987      361724      357151      353620
0000544      356741      361456
0000552
