0000000       49179      208104        1920           0
0000016           0           0           0           0
0000032           0           0       35705       32718
0000048       28560       25541       30179       34049
0000064       22423       47180       39040       46200
0000080       36070       40591       30165       40784
0000096       40795       24540       24316       32357
0000112       21329       27466       24282       44679
0000128       30785       38079       22825       46475
0000144       28309       32973       30114       34751
0000160       34267       33002        8650       10968
0000176       10410       12398       11753       20124
0000192       11312       11744        8847       13995
0000208       14277        9692        9187       10690
0000224       16330       10122       16735        8985
0000240        7976       11088       15700       11767
0000256        9125       19353       10732       18695
0000272        8922       12069       11793       11341
0000288       10572       12000      100888      108625
0000304      103531      100718      110616      103633
0000320       98280      121276      110200      115347
0000336       99717      118709      120633      104615
0000352      142886       98608      109011       97465
0000368      100187      110440      109071      121551
0000384      106940      128470      114016      112506
0000400      114983      120680       96556      116393
0000416      125451      107067      119315      118617
0000432      117829      109490      113385      114165
0000448      115568      134334      104544      107881
0000464      111427      120856      108795      107353
0000480      115785      105643      111034      108691
0000496      108228      111383      105741      107092
0000512      108464      133936      120711      110386
0000528      113111      117700      111192      110030
0000544      116958      104028
0000552
