0000000       36020      280412        1921           0
0000016           0           0           0           0
0000032           0           0     9119322     9146692
0000048     9199865     9114028     9135796     8956353
0000064     9185483     8943720     9031007     8987115
0000080     9082716     9013741     9062881     9098588
0000096     9267932     9400633     9230509     9071967
0000112     9288557     9126774     9158875     8924062
0000128     9119824     8988180     9188627     8890561
0000144     9181322     8895265     9074642     8991289
0000160     9032225     8908183    10270375    10298414
0000176    10167862    10173760    10213638     9895357
0000192    10326066    10074841    10367915    10327305
0000208    10334226    10359726    10453059    10373997
0000224    10345677    10837443    10075859    10404244
0000240    10332866    10275893    10114609    10297944
0000256    10470047     9812467    10400176     9974987
0000272    10275767    10063255    10037147     9987844
0000288    10053493    10337295     9747853     9818258
0000304     9789593     9973472     9936410    10146013
0000320    10089079    10137455    10111604    10325032
0000336    10134343    10705707    10169351    10148618
0000352    10274241    10861213    10252196    10346226
0000368    10273496     9998074    10251901     9950001
0000384    10269653     9721652    10129580     9837657
0000400    10402614     9836567    10329369     9690043
0000416     9773470     9940782    10007125     9953479
0000432    10056481     9976693    10134564     9998058
0000448     9913887     9850209    10157769    10071213
0000464    10081557    10058286    10092817     9971860
0000480    10002656    10577450    10170695     9948093
0000496    10101297     9937274    10155509     9822509
0000512    10207831     9523701     9889819     9650774
0000528     9836908     9711916     9618574     9526330
0000544     9772341     9886324
0000552
