0000000       16634      731768        1922           0
0000016           0           0           0           0
0000032           0           0           0           2
0000048           1           0           1           1
0000064           0           0           1           2
0000080           0           0           0           1
0000096           0           1           0           0
0000112           0           0           1           1
0000128           1           2           0           0
0000144           0           0           0           3
0000160           0           1           1           1
0000176           1           2           2           0
0000192           3           1           1           2
0000208           4           0           0           0
0000224           0           1           0           1
0000240           0           1           1           0
0000256           1           0           1           1
0000272           0           2           1           0
0000288           0           1           0           0
0000304           1           0           1           0
0000320           1           0           2           1
0000336           0          11           1           0
0000352           8           3           0           0
0000368           2           0           1           1
0000384           0           1           0           1
0000400           0           1           0           0
0000416           0           0           1           0
0000432           0           1           2           1
0000448           3           1           4           0
0000464           2           2           1           1
0000480           3           0           5           0
0000496           6           1           3           3
0000512           2           2           5           1
0000528           2           0           0           1
0000544           0           1
0000552
