0000000       27287      122171        1922           0
0000016           0           0           0           0
0000032           0           0           1           1
0000048           0           0           1           0
0000064           0           1           4           2
0000080           1           1           1           0
0000096           2           0           0           1
0000112           1           1           1           3
0000128           2           2           0           1
0000144           0           1           2           1
0000160           0           0           0           0
0000176           0           0           1           0
0000192           1           1           0           2
0000208           1           1           1           1
0000224           2           1           2           1
0000240           0           1           4           1
0000256           1           3           0           1
0000272           0           2           0           2
0000288           0           2           0           1
0000304           2           0           2           3
0000320           0           1           0           0
0000336           0           2           2           1
0000352           2           2           1           1
0000368           0           2           0           1
0000384           1           0           1           2
0000400           2           3           0           0
0000416           0           3           6           2
0000432           0           2           1           2
0000448           5           3           2           1
0000464           1           2           0           0
0000480           2           3           1           2
0000496           0           0           1           0
0000512           2           4           2           0
0000528           1           0           2           0
0000544           1           0
0000552
