0000000       49332      182666        1928           0
0000016           0           0           0           0
0000032           0           0         444         766
0000048         449         531         569         518
0000064         433         983        1402        1296
0000080         897        1073         550         788
0000096        1381         735         290         574
0000112         178         329         365         713
0000128         857         573         286        1176
0000144         600         659         481         791
0000160         625         617          97         399
0000176         369         680         458         884
0000192         732         437         255         931
0000208         918         383         229         409
0000224         419         519         681         236
0000240         138         266         710         531
0000256         257        1017         307        1172
0000272         210         626         236         286
0000288         336         647         486         984
0000304         893         503        1115         442
0000320         703         829        1641         894
0000336         525        1715        1276        1079
0000352        2487         909         489         588
0000368         588        1119         793        1020
0000384         786        1066         744         505
0000400        1405        1103         461         941
0000416        1185         459        1093         716
0000432        1223         576         981         786
0000448        1659        1424         919         562
0000464        1085         976         502         320
0000480        1265         504        1086         558
0000496        1325         447         461         411
0000512         987        1136        1838         569
0000528         581        1049         449         854
0000544         975         380
0000552
