0000000        5334      645976        1925           0
0000016           0           0           0           0
0000032           0           0           8          22
0000048           9          15          11          10
0000064          13          17          17          17
0000080          14          17           7          13
0000096          29          22           4          11
0000112           6           5          10           7
0000128          20          10           4          21
0000144          15          10          12          19
0000160          12          18           4          14
0000176          16          13          15          19
0000192          23          11          12          22
0000208          21          17          14          13
0000224          17          18          23          14
0000240           7          17          21          12
0000256          23          20          13          24
0000272           8          17           4          11
0000288          17          23          20          16
0000304          15          10          21          16
0000320          20          13          21          17
0000336          11          20          25          24
0000352          32          26          14          13
0000368          20          12          13          12
0000384          10          13          10           7
0000400          21          14          14          15
0000416          20           8          10          15
0000432          11          16          18          15
0000448          35          18          19          21
0000464          29          16           9           8
0000480          20          17          22          18
0000496          17          14          20          11
0000512          20          16          25          15
0000528          11          22           8          16
0000544          23          13
0000552
