0000000       10122      542062        1930           0
0000016           0           0           0           0
0000032           0           0          10          21
0000048          12          20          17          18
0000064          16          11          25          21
0000080          17          23          13          17
0000096          33          20          15          15
0000112          10          12          15          21
0000128          24           9          13          23
0000144          15          17          14          27
0000160          15          22          13          22
0000176          15          21          16          15
0000192          24          17          14          33
0000208          21          14          15          25
0000224          20          33          24          25
0000240          11          22          22          25
0000256          25          21          29          33
0000272          12          26           7          15
0000288          18          35          12          22
0000304          23          17          24          12
0000320          21          18          49          23
0000336          17          52          14          18
0000352          63          21          18          19
0000368          24          33          14          24
0000384          12          19          14          13
0000400          31          21          29          23
0000416          21          21          21          13
0000432          19          21          17          22
0000448          44          21          23          21
0000464          31          19          18           7
0000480          35          18          29          21
0000496          24          18          15          10
0000512          29          22          39          26
0000528          11          23          18          20
0000544          22          25
0000552
