0000000       25421      407334        1922           0
0000016           0           0           0           0
0000032           0           0         707        1031
0000048         747         930         905         748
0000064         963         964        1407        1208
0000080        1053        1150         842         879
0000096        1403        1268         783         802
0000112         700         681         724         872
0000128        1159         833         731        1061
0000144        1188         906         921        1229
0000160         912         911         755        1280
0000176        1201        1648        1368        1366
0000192        1754        1122        1107        1570
0000208        1820        1146        1185        1260
0000224        1167        1528        1285        1096
0000240         837        1128        1239        1322
0000256        1240        1445        1186        1517
0000272         928        1299         860        1202
0000288        1042        1570         805        1266
0000304        1053         964        1262         875
0000320        1247        1003        1815        1093
0000336        1011        1857        1234        1323
0000352        2290        1453         922        1042
0000368        1195        1348        1120        1133
0000384        1108        1121        1127         927
0000400        1588        1364        1036        1018
0000416        1173        1100        1545        1059
0000432        1570        1197        1376        1111
0000448        1872        1259        1604        1199
0000464        1535        1286        1128         878
0000480        1370        1181        1498        1122
0000496        1797        1090        1139        1041
0000512        1550        1113        1742        1211
0000528        1013        1542        1008        1220
0000544        1306        1341
0000552
