0000000        7618      354594        1921           0
0000016           0           0           0           0
0000032           0           0       33730       49208
0000048       40526       48170       43923       39720
0000064       44681       46863       56758       52243
0000080       50464       47067       44354       44696
0000096       54589       48071       39958       42608
0000112       35369       36555       36308       44709
0000128       50488       39284       38174       48046
0000144       57097       41573       44770       53130
0000160       44251       41250       35814       48212
0000176       47742       55400       52127       50074
0000192       47607       44886       43326       49915
0000208       50789       44757       47748       50681
0000224       49647       47071       48292       42107
0000240       38092       48857       49091       49853
0000256       49612       54421       48185       51147
0000272       40020       48363       41324       50917
0000288       44809       55104       36968       53034
0000304       43172       40430       45654       38400
0000320       50886       43317       53080       44570
0000336       47370       48236       49019       50366
0000352       62368       52255       42425       45292
0000368       46663       51851       45415       44760
0000384       45318       51111       42195       39334
0000400       59458       54870       43204       43362
0000416       45405       45716       56203       43501
0000432       53564       46519       52143       46133
0000448       55051       46446       48688       44186
0000464       56763       44664       44021       40923
0000480       43337       44201       50139       47187
0000496       51616       44865       47040       47048
0000512       50594       44333       55952       47418
0000528       40598       65988       43581       46002
0000544       47396       49320
0000552
