0000000       57975      677063        1926           0
0000016           0           0           0           0
0000032           0           0           1           5
0000048           3           7           8           2
0000064          11           8          19          19
0000080          15          13           5           6
0000096          18          18           0          10
0000112           0           0           0           5
0000128          14           2           2          15
0000144           8           6           7           9
0000160           7           8           2          11
0000176          12          13          12           8
0000192          21          15           8          24
0000208          20          11           9          14
0000224          10          19          13          12
0000240           2           7          13          14
0000256          17          14           9          12
0000272           6          14           3           6
0000288           9          19           3          12
0000304          17           3          15           4
0000320          10          10          21          14
0000336           7          22           8          13
0000352          22          15           3           9
0000368          12          17           8          12
0000384          10          10           8           3
0000400          14          11           9          11
0000416          14           4          12           5
0000432          10          11          14          13
0000448          23           8          19          15
0000464          13          11          11           4
0000480          16          11          25           8
0000496          25           3           7           5
0000512          13          14          23           6
0000528           6           8           1          12
0000544          14          12
0000552
