0000000       16750      393606        1931           0
0000016           0           0           0           0
0000032           0           0         891        1419
0000048        1048        1364        1193        1143
0000064        1304        1284        2286        1881
0000080        1390        1781        1177        1212
0000096        2464        2436        1044        1171
0000112         908         947         959        1279
0000128        1576        1065         949        1587
0000144        1664        1177        1215        1680
0000160        1234        1259         965        3684
0000176        2081        5384        3166        2296
0000192       10264        1818        2417        6623
0000208       11651        2574        1858        2390
0000224        1638        7300        2123        2158
0000240        1130        1513        2751        2932
0000256        2050        2711        1806        6156
0000272        1350        3917        1171        1692
0000288        1693        7066        1035        1594
0000304        1882        1239        1928        1090
0000320        1815        1287        9205        1555
0000336        1307       13324        1682        2356
0000352       13564        2881        1218        1425
0000368        1526        2107        1394        1720
0000384        1467        1387        1357        1149
0000400        3234        1663        1342        1539
0000416        1729        1442        3078        1487
0000432        4934        1710        4686        1839
0000448       10805        2860        9393        2014
0000464        4818        2246        1509        1201
0000480        4786        2303        5933        1704
0000496       10905        1396        1702        1372
0000512        4782        1575        7539        1622
0000528        1425        2117        1303        2095
0000544        2382        2060
0000552
