0000000       22164      702535        1924           0
0000016           0           0           0           0
0000032           0           0           0           1
0000048           1           0           1           0
0000064           0           3          11           7
0000080           0           5           0           1
0000096          17           4           1           0
0000112           0           3           3           1
0000128           0           4           0           2
0000144           0           1           2           0
0000160           0           0           0           2
0000176           1          10           2           4
0000192          15           2           2           8
0000208          12           1           1           0
0000224           0          11           1           2
0000240           1           1           2           1
0000256           2           5           0          11
0000272           3           3           0           0
0000288           1           5           1           0
0000304           7           0           5           0
0000320           2           1          16           2
0000336           1          13           4           8
0000352          24          16           0           2
0000368           0           8           1           5
0000384           0           0           3           0
0000400           7           3           3           2
0000416           2           0           4           3
0000432           8           1          11           0
0000448          18           6          15           2
0000464          11           6           0           0
0000480          17           2          10           1
0000496          24           1           2           2
0000512           7           2          13           2
0000528           3           1           1           6
0000544           4           2
0000552
