0000000       20421      366329        1922           0
0000016           0           0           0           0
0000032           0           0        7570       29756
0000048       22376       31693       27313       14874
0000064       29786       29967       49104       42213
0000080       32107       39800       20985       24117
0000096       48744       44402       15310       25170
0000112       14069       16116       21103       17312
0000128       38321       21315       17820       36948
0000144       37781       27692       24115       34952
0000160       29595       23495       11994       45901
0000176       41741       53116       46275       43643
0000192       46741       38999       40404       48380
0000208       50338       39852       41216       45408
0000224       37416       46037       41994       38436
0000240       25515       34932       45080       46196
0000256       44223       48958       40748       49708
0000272       31128       44982       19844       38571
0000288       36753       52302       19159       39572
0000304       37192       26663       41356       19371
0000320       42965       28849       52076       34742
0000336       29738       47526       40509       45543
0000352       61057       49000       18781       35425
0000368       37316       44893       34245       36991
0000384       32811       32995       29353       22623
0000400       55838       42826       30841       34629
0000416       38161       28840       50462       35993
0000432       51480       39085       49957       39027
0000448       54512       42076       47874       38458
0000464       53688       40147       35373       23662
0000480       41524       39132       47996       38612
0000496       50384       26379       34192       30583
0000512       48481       33788       53833       34468
0000528       28526       47309       24738       37623
0000544       41699       39114
0000552
