0000000        3966     6360427        1923           0
0000016           0           0           0           0
0000032           0           0       42041       38810
0000048       38165       39345       31176       37232
0000064       36121       35422       34601       40694
0000080       48625       29629       36422       31339
0000096       35034       29448       40040       32652
0000112       36912       38157       37219       32103
0000128       34896       31449       34865       47097
0000144       38493       38993       40054       36184
0000160       37409       30585       37985       36224
0000176       32935       42286       37569       35917
0000192       49065       39865       32732       38430
0000208       32358       36676       37888       30721
0000224       37745       34810       30420       36586
0000240       33538       38848       41395       32437
0000256       35756       32444       35995       45855
0000272       37431       41121       35930       30943
0000288       31826       36954       32936       34002
0000304       31468       33047       37420       40005
0000320       29779       39867       42760       40282
0000336       35704       37875       36592       46720
0000352       45144       32963       36947       36184
0000368       36702       36102       30682       38214
0000384       31528       30669       43092       37280
0000400       33485       32622       32273       28327
0000416       36459       48947       35013       32976
0000432       36698       35175       36484       39030
0000448       34455       33219       39261       33530
0000464       38725       37156       34319       29603
0000480       31785       30634       30551       34705
0000496       34489       42064       45385       33328
0000512       35986       42400       34837       38850
0000528       34681       31151       29189       31864
0000544       30095       30848
0000552
