0000000       35457     6215989        1926           0
0000016           0           0           0           0
0000032           0           0      271084      255966
0000048      259719      261020      209307      242572
0000064      229675      229417      229664      257647
0000080      302457      209283      237575      213289
0000096      243087      205574      258501      220939
0000112      240926      248954      245940      213222
0000128      229915      212259      230517      318531
0000144      243325      259377      264457      243863
0000160      257449      209095      246930      238668
0000176      225681      256992      237229      233813
0000192      304406      256244      221230      243354
0000208      216755      242707      243074      209487
0000224      252224      225756      201427      247507
0000240      219801      250144      258561      217401
0000256      238476      218114      248516      306261
0000272      243871      246773      232118      210630
0000288      216702      242872      201554      203929
0000304      190106      202637      226639      229014
0000320      191029      222594      264378      254313
0000336      215152      220862      212487      301811
0000352      293483      215294      233848      205958
0000368      209940      199307      189135      234647
0000384      191588      197410      241085      233705
0000400      202744      196056      209118      190828
0000416      231257      255080      203902      203391
0000432      226575      198750      209218      219351
0000448      210986      195886      243825      213282
0000464      225142      227586      209161      182922
0000480      197565      192443      196455      199925
0000496      220425      270796      262264      207667
0000512      225944      243613      197094      217324
0000528      212624      188681      182324      194668
0000544      191309      195904
0000552
