0000000       35757     6188743        1959           0
0000016           0           0           0           0
0000032           0           0      279197      265310
0000048      268860      269961      215918      251926
0000064      237139      239005      237784      266719
0000080      312955      216688      247788      222178
0000096      250463      212027      268425      231510
0000112      250219      258277      254337      220721
0000128      238135      220721      238411      332716
0000144      251710      269563      272711      251775
0000160      268064      216626      257877      247866
0000176      233469      267934      245330      242783
0000192      311184      266498      228754      250851
0000208      224327      251329      251862      216568
0000224      262182      234648      208844      254674
0000240      227791      260878      267731      225574
0000256      245432      225678      258283      319468
0000272      253589      253738      240040      219200
0000288      225130      252846      208638      210663
0000304      196591      209356      233807      236771
0000320      197772      228665      267122      261270
0000336      220802      226984      217820      309356
0000352      301552      221440      242855      211153
0000368      216291      203732      194067      241900
0000384      198088      203127      247616      240985
0000400      209414      202805      215290      197182
0000416      238317      261371      210485      209699
0000432      233889      203690      217209      226374
0000448      217279      201797      252109      220750
0000464      231016      235468      214531      188230
0000480      203831      200170      203288      206298
0000496      227194      278736      269602      213816
0000512      233468      250852      200123      224857
0000528      219369      194235      188110      200455
0000544      197544      202244
0000552
