0000000       51256     6385800        1921           0
0000016           0           0           0           0
0000032           0           0       40185       37104
0000048       36787       37768       29817       35335
0000064       33867       33996       32826       38622
0000080       46656       28689       35083       29928
0000096       33773       27783       38732       31510
0000112       35483       36851       36101       30396
0000128       33877       30022       33417       44578
0000144       36889       37568       38490       35143
0000160       35676       29388       36428       35068
0000176       31949       40093       35321       34121
0000192       45608       38412       31649       36028
0000208       30703       35110       35883       29571
0000224       36636       33818       28827       35298
0000240       32597       36124       38997       31644
0000256       33467       31214       34912       43863
0000272       35712       38268       34646       29716
0000288       30477       34805       31225       30909
0000304       29131       31033       35223       37017
0000320       28246       34234       41677       38813
0000336       33703       32612       31808       43837
0000352       43469       31958       35376       32675
0000368       33139       31969       28702       36804
0000384       29427       29536       39052       35775
0000400       31379       30820       30831       27060
0000416       35011       42671       30877       30893
0000432       34201       30524       32442       34987
0000448       32606       30040       37149       31747
0000464       35279       34416       32261       27826
0000480       30159       28760       29244       30626
0000496       32805       39530       39836       31984
0000512       34229       37438       30573       34181
0000528       32579       29186       27865       29895
0000544       29042       29764
0000552
