0000000        4276     6254946        1922           0
0000016           0           0           0           0
0000032           0           0      261944      249023
0000048      251916      252519      195301      236254
0000064      223513      217701      223762      236292
0000080      287786      195911      231519      204957
0000096      234706      189076      252533      207674
0000112      232421      241485      237611      201526
0000128      222578      198727      221869      301178
0000144      237225      251870      257078      236300
0000160      250106      203317      209425      231714
0000176      218139      252705      231172      226990
0000192      293489      249605      215739      236790
0000208      211623      236983      235569      204855
0000224      246333      219001      189357      240945
0000240      214318      244071      252667      211852
0000256      231749      212899      241716      297247
0000272      236766      240330      224513      200658
0000288      206076      227634      197005      198321
0000304      185489      198905      220742      223399
0000320      186752      216294      261495      247824
0000336      211145      214994      206678      294723
0000352      284686      210136      227997      200068
0000368      206418      193608      184523      226886
0000384      185542      192669      234547      227889
0000400      198327      191567      203471      185604
0000416      225335      245567      198289      198177
0000432      221261      193925      204865      213451
0000448      204817      193527      237790      208625
0000464      219949      222609      203387      179583
0000480      192762      188414      192938      195963
0000496      214604      264479      254170      202200
0000512      221297      237003      193287      212136
0000528      207922      184073      178791      190173
0000544      186756      191256
0000552
