0000000       63190     6448104        1920           0
0000016           0           0           0           0
0000032           0           0       34090       31525
0000048       31060       31172       22739       29981
0000064       28751       26225       28053       28691
0000080       37124       21658       29930       23432
0000096       28247       20611       32784       22396
0000112       28031       30638       30520       24001
0000128       28574       22473       27030       35557
0000144       31360       31376       32621       29542
0000160       30044       24261       22696       29417
0000176       26711       34853       30980       28492
0000192       39839       33029       26206       31042
0000208       25363       30176       30031       24425
0000224       31096       28029       21458       29946
0000240       27241       30992       33725       25989
0000256       29035       26807       28773       36949
0000272       29481       33455       28356       23304
0000288       23583       26715       27352       27169
0000304       25723       27254       30844       32601
0000320       24593       29895       35560       33341
0000336       29656       28854       28066       37413
0000352       37744       27379       30309       29130
0000368       29191       28445       25185       31885
0000384       25712       25623       34423       31232
0000400       27208       27574       26634       22969
0000416       29987       38016       27133       27122
0000432       30189       26569       28585       31038
0000448       28579       27005       32773       27809
0000464       31354       30303       28099       24052
0000480       26296       25263       25858       27126
0000496       28222       34235       34927       27732
0000512       30166       33382       27411       30562
0000528       28774       25566       24262       26462
0000544       25073       25589
0000552
