0000000       56686     6202334        1924           0
0000016           0           0           0           0
0000032           0           0      272100      259312
0000048      261125      262467      210579      244781
0000064      230226      230715      230911      260585
0000080      304929      210234      239723      216271
0000096      244740      207279      260995      222063
0000112      242678      251234      248186      213971
0000128      230157      214047      230514      322372
0000144      245803      261784      266878      245549
0000160      261273      209454      249522      240374
0000176      226156      260800      239838      235142
0000192      304621      259791      222438      244454
0000208      219177      245019      243851      211495
0000224      254922      226485      202551      247111
0000240      222106      253138      262053      219371
0000256      239779      219039      250560      308846
0000272      246009      247479      233277      212199
0000288      218905      243507      203097      206167
0000304      191856      204573      228253      231137
0000320      193193      223687      263499      255960
0000336      217735      222513      213970      306313
0000352      294414      216896      235617      207292
0000368      212957      200925      190640      236306
0000384      192518      198322      242753      235684
0000400      204058      198626      210051      192417
0000416      231984      255895      206424      205622
0000432      230129      199133      211991      220932
0000448      213334      198645      246737      215220
0000464      227003      229884      210369      185020
0000480      199046      194360      198920      202128
0000496      222365      273519      263428      208808
0000512      228290      246553      196606      221980
0000528      213878      190721      184457      195826
0000544      192432      198435
0000552
