0000000       40880     6434486        1921           0
0000016           0           0           0           0
0000032           0           0       35844       33452
0000048       32682       33095       25105       31140
0000064       30413       28754       29325       32724
0000080       40041       24737       31111       25432
0000096       29774       23636       34110       25977
0000112       30551       32141       32086       26168
0000128       30000       25597       29280       38379
0000144       33033       33237       34123       31004
0000160       31420       26063       29674       30985
0000176       27934       36074       31871       30316
0000192       41418       34119       27981       32462
0000208       27232       31482       31862       25926
0000224       32578       29394       24497       31277
0000240       28639       32250       35354       27340
0000256       30264       27903       30515       39477
0000272       31363       34819       30194       25163
0000288       26269       29856       28243       28249
0000304       26688       27869       31944       33645
0000320       25742       31204       36714       34812
0000336       30551       29957       29246       40444
0000352       39185       28448       31801       29707
0000368       30758       29649       26222       33637
0000384       26855       26543       35829       32373
0000400       28187       28349       28162       24304
0000416       31415       39567       28364       28065
0000432       30984       27608       29800       32205
0000448       29863       27702       33944       29031
0000464       32247       31701       29313       25159
0000480       27253       26008       26616       28143
0000496       29661       35235       35998       28817
0000512       31109       34298       27943       32076
0000528       30154       26511       25255       26959
0000544       25999       26534
0000552
