0000000       28727     6122419        1920           0
0000016           0           0           0           0
0000032           0           0      273996      259447
0000048      263632      268241      213841      246197
0000064      231711      235560      232551      263864
0000080      309261      214870      241696      219680
0000096      245530      209811      262484      227804
0000112      245109      253457      248811      216853
0000128      230785      216933      230882      327265
0000144      245599      263597      265197      246180
0000160      260912      212368      255436      242563
0000176      228829      261817      238928      238034
0000192      304128      260935      223886      244689
0000208      220742      245548      247722      214220
0000224      255160      229203      205380      247356
0000240      222504      252871      262300      220943
0000256      240916      220507      253763      310325
0000272      249241      248142      236677      215902
0000288      223317      248298      203823      205095
0000304      192052      203817      227372      230779
0000320      191821      222056      261868      255946
0000336      216570      220484      214084      305603
0000352      300725      217262      236074      205644
0000368      211075      198779      190572      234662
0000384      191717      197757      240325      234680
0000400      204435      196881      210710      192515
0000416      232860      255225      204305      205156
0000432      227697      197291      211292      219262
0000448      212740      197956      245254      214886
0000464      226465      229362      209684      183500
0000480      198412      194987      198493      201652
0000496      220768      274152      264260      207469
0000512      227511      244050      195586      221855
0000528      214243      190025      184136      195531
0000544      192400      197251
0000552
