0000000        3333     6083382        1925           0
0000016           0           0           0           0
0000032           0           0      273570      258357
0000048      260499      262227      212685      244947
0000064      230136      233154      231239      263076
0000080      307858      213255      240359      216784
0000096      244717      208248      261620      226716
0000112      244668      251601      247078      215206
0000128      229528      215765      229997      323924
0000144      244929      261573      263722      244788
0000160      259107      210990      252672      241207
0000176      226914      260168      237085      236896
0000192      302745      258670      221808      243343
0000208      220122      243662      244780      211962
0000224      253223      227445      204595      248179
0000240      221854      250682      261017      218767
0000256      238730      219487      250877      309730
0000272      247045      246797      233771      213438
0000288      221534      247143      202481      203738
0000304      190141      203942      227533      230947
0000320      191288      220929      261290      254609
0000336      215004      219632      211513      302896
0000352      293920      215833      235102      204529
0000368      209418      198543      189620      235226
0000384      191669      197185      239783      233306
0000400      202497      197647      209086      191269
0000416      231612      253541      204241      204525
0000432      227670      199078      210712      219233
0000448      211956      197495      243477      215927
0000464      224556      228329      209030      185547
0000480      199120      195121      199103      201912
0000496      221141      272766      260876      208753
0000512      226241      243198      197892      219477
0000528      213370      188986      184389      196468
0000544      194560      199281
0000552
