0000000          13           9          55          40
0000016          14          16          16          15
0000032           7          19          34          19
0000048          21           9           5          47
0000064          33           6          27          11
0000080          14          10           0           0
0000096           0           0           0           0
0000112           0           0           0           0
0000128           0           0           0           0
0000144           0           0           0           0
0000160           0           0           0           0
0000176           0           0           0           0
0000192           0           0           0           0
0000208           0           0       31545    13759299
0000224        5740           0           0           0
0000240           0           0           0           0
0000256          12          27          10           7
0000272          19           9           8           6
0000288           2          12          14          15
0000304           6          26           8          15
0000320          27          17           7          12
0000336          41          14          15          24
0000352          11          13           4          19
0000368          38          17          17           6
0000384           1           8           2           1
0000400           0           0           3          10
0000416           2          21           2           2
0000432           8           2           1           6
0000448           0           1          19           1
0000464           3           6           3           0
0000480           7           0          10           7
0000496           0           0           0           0
0000512          16          14          16          17
0000528          19           8          21          11
0000544           7           7
0000552
