0000000     8775868     9230645     8872454     8592133
0000016     8693151     9243000     8783852     8782039
0000032     8806972     8578147     8763812     8544345
0000048     8633477     8550032     9098480     8565177
0000064     8664067     8661887     8705500     8615628
0000080     8610703     8525404     4436517     4244067
0000096     4343981     4496547     4239995     4030098
0000112     4348177     4212772     4216579     4287817
0000128     4352022     4778665     4349168     4237353
0000144     4108829     4663272     3987933     4378803
0000160     3912487     4170679     4213943     4037391
0000176     4602398     3990133     4322015     3933275
0000192     4362808     4097560     4408008     4137926
0000208     4138740     4278644       21015    13388826
0000224        1923           0           0           0
0000240           0           0           0           0
0000256      130817      130906      102769      115813
0000272      119534      105864      118400      115407
0000288      112005      116098      126844      115029
0000304      110297      125419      109003      129261
0000320      126322      126156      117480      124757
0000336      133282      110583      125508      130660
0000352      120469      123930       99030      126919
0000368      129716      125291      131628      108224
0000384       88595       94622       85238       95855
0000400       67724       50839      105898      102467
0000416       86314      128646       87297       85337
0000432      109642       78783       60450       95035
0000448       55994       77972      124219       83171
0000464       91794      102934       83756      116985
0000480       95416       84208      104437      108559
0000496       74289       82551       79329       46255
0000512      127418      124264      126922      134548
0000528      119855      115293      123457      129716
0000544      138193      119374
0000552
