0000000           1           1           6           5
0000016           2           1           0           0
0000032           0           2           0           0
0000048           0           1           0           1
0000064           1           1           0           0
0000080           1           0          10           1
0000096           2           0           0           0
0000112           0           0           0           2
0000128           0           2           2           0
0000144           0           1           0           1
0000160           0           0           3           1
0000176           0           1           0           3
0000192           1           0           3           0
0000208           0           3       62339    13886771
0000224        1920           0           0           0
0000240           0           0           0           0
0000256           0           0           0           0
0000272           0           0           0           0
0000288           0           0           0           0
0000304           1           0           0           0
0000320           1           0           0           1
0000336           5           0           0           0
0000352           0           0           0           1
0000368           0           0           1           0
0000384           0           0           0           0
0000400           0           0           1           0
0000416           0           0           0           0
0000432           2           0           0           0
0000448           0           0           0           0
0000464           0           1           0           0
0000480           0           0           0           0
0000496           0           0           0           0
0000512           1           0           0           0
0000528           1           0           1           0
0000544           0           0
0000552
