0000000        3438        1606        1390        3066
0000016        2180        2519        3355        2579
0000032        1520        2621        4236        2244
0000048        1449        3740        1778        4331
0000064        1448        2455        4651        4005
0000080        2099         679       55674       85017
0000096       62723      107391       59026       58047
0000112       50821       82596       49133       74695
0000128       74921       67292       66520       51102
0000144       55306       63591       67442       57440
0000160       76109       70796       62633       60939
0000176       57170       64210       52676       67753
0000192       61019       91568       52646       59488
0000208       75763       68935        4021        3733
0000224        2658        3954        3038        3400
0000240        2989        3139         864        1937
0000256        2245        1641        3472        4007
0000272        4091        2857        3290        3136
0000288        1873        3964        4465        4516
0000304        4600        2876        1770        3684
0000320        3978        3316        4892        2540
0000336        3195        2962      315623      326662
0000352      307614      301106      312602      331952
0000368      303276      316781      299409      315228
0000384      303467      302834      310797      310143
0000400      337805      306054      334002      299325
0000416      322295      311623      320276      312151
0000432      303187      316524      302555      337757
0000448      309270      315909      310344      306356
0000464      310194      315633       48779    13077058
0000480      147282           0           0           0
0000496           0           0           0           0
0000512  1205842346  1206987243  1206522674  1204153421
0000528  1205751316  1203882938  1205116539  1204050841
0000544  1205081429  1204258811
0000552
