0000000           1           1          19          18
0000016           1           3           3           3
0000032           2           5          10           1
0000048           4           0           0          17
0000064          12           0          11           2
0000080           1           0          35           6
0000096          14           1           0           3
0000112           2           1           1          11
0000128           0           9           9           1
0000144           3           5           1           0
0000160           0           5          11           1
0000176           8           7           4          15
0000192           8          10          17           1
0000208           3           9       58459    13865465
0000224        1943           0           0           0
0000240           0           0           0           0
0000256           0           1           0           0
0000272           0           0           0           0
0000288           0           0           0           0
0000304           0           1           0           1
0000320           0           1           0           0
0000336           7           0           0           0
0000352           0           0           0           3
0000368           2           0           0           0
0000384           0           0           0           0
0000400           0           0           0           0
0000416           0           0           0           0
0000432           0           0           0           0
0000448           1           0           0           0
0000464           0           0           0           0
0000480           0           0           0           0
0000496           0           0           0           1
0000512           1           0           1           1
0000528           1           0           0           1
0000544           0           0
0000552
