0000000           0           0 -2146435072          -3
0000016  1039486240       32766    25505440       32676
0000032           1 -2146435072  1039486352       32766
0000048           0           0           0           0
0000064           0           0           0           0
0000080           0           0           0           0
0000096           0           0           0           0
0000112           0           0           0           0
0000128  1205368364  1204220098  1205423143  1205682435
0000144  1205926295  1204174442  1205803505  1205393923
0000160  1205462541  1205241586  1204103920  1205113891
0000176  1203510306  1205075038  1203688947  1205387212
0000192  1203591347  1204789323  1204031975  1205654117
0000208  1206044394  1205327637  1300975130  1300420921
0000224  1299297793  1297681126  1299443841  1297429002
0000240  1298307249  1297589445  1298225469  1297519294
0000256           0           0           3           0
0000272         552           0    22026112       32676
0000288           6           0           6           0
0000304           1           0    20385517       32676
0000320    22009344       32676    22026112       32676
0000336          29           0 -2008018640       22028
0000352        3432           0    20392417       32676
0000368           6           0          10           0
0000384  1298511594  1297545008  1298295252  1298433744
0000400  1298321183  1297552233  1298197624  1298205525
0000416  1298206343  1298199187  1297451111  1298186166
0000432  1297394597  1297945861  1297362482  1298222267
0000448  1297340970  1298295055  1297300541  1298232970
0000464  1298512750  1298578416  1221386973  1221013750
0000480  1220544499  1219746750  1220636462  1219740724
0000496  1220253688  1219650819  1219919832  1219499859
0000512  1039486256       32766           0           0
0000528  1039486256       32766 -2025724471       22028
0000544  1039495328       32766
0000552
