0000000         208      750975        1923           0
0000016           0           0           0           0
0000032           0           0      136572      129090
0000048      109208      128095      127184      136692
0000064      131542      121763      129506      125629
0000080      137468      132009      113733      112334
0000096      121930      123629      125385      115039
0000112      121785      126507      144292      126274
0000128      126472      142255      120340      117473
0000144      134536      117439      139773      124722
0000160      128018      114531      114990      133833
0000176      123594      143067      145668      145946
0000192      124453      133592      147812      140752
0000208      167219      136167      158446      143949
0000224      148281      142410      122237      124814
0000240      129943      144559      125610      143524
0000256      151348      117930      138722      138442
0000272      162598      144676      134130      165514
0000288      130415      140361     8577704     8595904
0000304     8501491     8677391     8842546     8738831
0000320     8764215     8911285     8792613     9137423
0000336     8596484     9240625     9041025     9077235
0000352     8803260     9248821     8636515     8794233
0000368     8733495     8684985     9285275     8698245
0000384     9088711     8550698     9030916     8220031
0000400     8764590     8638265     8569506     8469958
0000416     8477779     8497149     5085408     5176189
0000432     5219424     5123031     5147384     5455787
0000448     5215159     5194646     5281724     5469069
0000464     5355328     5960201     5336425     5360964
0000480     5497689     5642358     5430047     5398110
0000496     5093171     5322681     5508140     5050419
0000512     5301669     5004175     5593039     4863852
0000528     5392778     5030775     5323213     5104158
0000544     5173058     5047990
0000552
