0000000       27870      762692        1919           0
0000016           0           0           0           0
0000032           0           0      138896      130532
0000048      112593      132333      130133      138565
0000064      133954      123582      132285      125932
0000080      138533      133049      116600      114176
0000096      124245      124178      127493      115438
0000112      123835      128235      145504      127183
0000128      127716      144123      121759      119300
0000144      136642      118913      142083      136774
0000160      130222      115429      113066      130169
0000176      124179      134859      136625      131216
0000192      123032      132688      143160      132655
0000208      160033      133460      156137      137770
0000224      145384      138410      120676      121412
0000240      128944      138576      123418      141749
0000256      135916      119851      130674      139544
0000272      160284      144608      130530      167917
0000288      144921      141826      124255      143944
0000304      131045      132904      123180      163039
0000320      123791      142265      135753      137294
0000336      149108      192841      134874      118855
0000352      129033      113541      126155      138342
0000368      127023      151038      124804      151449
0000384      132129      138901      129463      136891
0000400      140523      114190      149781      144443
0000416      133351      128464      132917      123253
0000432      172006      138185      152640      141578
0000448      134153      140784      140645      247109
0000464      134956      157562      128473      137495
0000480      126772      135756      125126      130616
0000496      140117      157735      173782      149065
0000512      129235      119454      133167      128372
0000528      148669      130079      170686      139997
0000544      135033      134709
0000552
