0000000       47762      675033        1924           0
0000016           0           0           0           0
0000032           0           0         196          82
0000048          78         145         191         114
0000064         142          81         117          76
0000080         111          83          79          43
0000096          90          64         120          88
0000112         136          95         129         117
0000128          99         118         100          88
0000144          97          85         169         124
0000160         119          58          16         110
0000176          50         122          69         127
0000192         117         106          89         123
0000208         122         136         128         100
0000224         180          51         107          58
0000240          98          42          48          93
0000256          65          93          77         113
0000272         139         128          53         189
0000288         126         119           8           9
0000304          18          20          10          15
0000320          11          19          10           9
0000336          17          13           6          12
0000352           6           8          11          16
0000368          11           9           8          22
0000384           2           8          10          22
0000400           8           6          24          14
0000416          10          10           8           4
0000432           8          17          16          33
0000448          10          21          17          18
0000464          11          15          17          16
0000480           9          10          13           7
0000496          16          25           6          23
0000512           8           5          11           3
0000528          25           9          10          10
0000544           9          16
0000552
