0000000       47622      702271        1921           0
0000016           0           0           0           0
0000032           0           0       32525       17090
0000048       18243       30937       31156       23810
0000064       23849       20855       21343       18442
0000080       20777       19409       18031       15525
0000096       21583       15521       26318       18724
0000112       26736       27640       22057       30274
0000128       18931       32583       19663       31683
0000144       22628       20227       27434       24792
0000160       27117       15288       10579       19460
0000176       14401       21940       19716       18951
0000192       25552       21209       19124       19009
0000208       22361       28803       24123       19657
0000224       29168       17730       26249       16552
0000240       21832       17331       16184       23115
0000256       15783       21872       17603       27007
0000272       25794       29813       17233       35810
0000288       28765       20142        4795        4879
0000304        5782        6947        5161        8189
0000320        4158        7326        3452        5758
0000336        7579        6409        5002        4562
0000352        4781        3798        5856        6138
0000368        4884        6393        2419        7641
0000384        2965        5403        3934        7117
0000400        4093        3389        7352        6882
0000416        5063        3072        8739        6614
0000432        7667        9593        9142       10767
0000448        7706        9125        8464       13616
0000464        6801        9236        8090        7740
0000480        8428        8607        7692        5938
0000496        8467       10989        8465        9662
0000512        7868        5982        6906        8922
0000528       10328        6168        9414        7784
0000544        7288        8241
0000552
