0000000       13511      116345        1950           0
0000016           0           0           0           0
0000032           0           0           6           9
0000048           3           7           3           1
0000064           4           7           7           5
0000080           0           2          27           1
0000096           0           2           1           2
0000112           0           3          16           3
0000128           6           0           3           5
0000144           6           2           3           1
0000160           7           1           0          11
0000176           0          25          18           2
0000192          13          13           4          11
0000208           3           8          13           1
0000224           0           1           1           3
0000240           7           9          25           2
0000256           8           2           2           1
0000272           1          13           8           2
0000288           0           4           3           3
0000304           3           0           1           3
0000320           1           3           2           4
0000336           1           3           0           0
0000352           4           1           1           0
0000368           0           5           4           4
0000384           6           1           2           8
0000400           2           3           0           0
0000416           5           4           0           2
0000432           8           3           4           7
0000448           0          13           4           3
0000464           3           0           6           1
0000480           3           2           0           4
0000496           5           0          11           5
0000512           8           8           3          10
0000528           1           1           4           0
0000544           1           3
0000552
