0000000       56696      446352        1919           0
0000016           0           0           0           0
0000032           0           0         703         788
0000048         735         927         679         630
0000064         667         783         673         745
0000080         945         590         935         567
0000096         627         670         659         673
0000112         638         685         849         635
0000128         755         367         713         929
0000144         797         703         787         618
0000160         814         507         819         767
0000176         533         958         705         580
0000192        1085         775         549         713
0000208         684         669         872         595
0000224         679         546         569         612
0000240         590         655         968         683
0000256         689         514         580         658
0000272         569         767         803         594
0000288         498         611         538         517
0000304         492         667         764         635
0000320         492         607         839         805
0000336         749         657         543         751
0000352         811         583         626         590
0000368         678         720         632         863
0000384         634         565         745         901
0000400         485         689         536         544
0000416         642         881         506         665
0000432         674         544         700         714
0000448         673         745         901         656
0000464         684         615         707         482
0000480         610         662         467         691
0000496         704         703         890         705
0000512         868         842         678         672
0000528         628         667         532         546
0000544         554         547
0000552
