0000000       48494      411231        1919           0
0000016           0           0           0           0
0000032           0           0         811         952
0000048         806        1122         716         665
0000064         815         924         821         835
0000080        1089         660        1134         638
0000096         704         793         823         808
0000112         685         725        1086         755
0000128         920         508         805        1081
0000144         970         755         883         721
0000160         989         540         904         894
0000176         643        1287         951         676
0000192        1489         973         689         915
0000208         811         874        1157         654
0000224         824         663         590         751
0000240         683         878        1401         710
0000256         966         606         689         812
0000272         650         957         893         694
0000288         604         644         672         734
0000304         677         958        1112         915
0000320         667         967        1231        1231
0000336        1226        1192        1019        1103
0000352        1132         849         827        1265
0000368        1154        1688        1018        1322
0000384        1101         702        1083        1383
0000400         748        1077         677         736
0000416        1006        1459         805        1158
0000432        1244        1031        1256        1448
0000448        1189        1316        1554        1027
0000464        1174        1052        1279         942
0000480         904        1272         661        1259
0000496        1263        1020        1916        1076
0000512        1462        1273        1360        1329
0000528        1007        1000         856         836
0000544         830         900
0000552
