0000000       47488      247112        1933           0
0000016           0           0           0           0
0000032           0           0    18282639    18274486
0000048    18279832    17726478    18077241    17669913
0000064    18095815    17629513    18016145    17537475
0000080    18030610    17622005    17970775    18008173
0000096    18025979    17723784    18017210    18035743
0000112    18007083    18026436    17586556    17945255
0000128    17611421    17926991    17671230    17924722
0000144    17639200    17986046    17716751    17981029
0000160    18004594    18006992    17820040    18087592
0000176    18114174    17607069    17952942    17562010
0000192    18116808    17479184    17916647    17652510
0000208    17910071    17607639    17889562    17996728
0000224    18006356    17669058    17846019    17908647
0000240    17843428    17852968    17558241    17812774
0000256    17585427    17770632    17550867    17800367
0000272    17540512    17838714    17492772    17849430
0000288    17823606    17919117    18933942    18932947
0000304    18929909    18918812    18927968    18919299
0000320    18927884    18920870    18923591    18919499
0000336    18923093    18920947    18926265    18921555
0000352    18922901    18922684    18922293    18919645
0000368    18922627    18920392    18913592    18917096
0000384    18912987    18916816    18912045    18914514
0000400    18912893    18914456    18912239    18915433
0000416    18915407    18914680    18923082    18920294
0000432    18919991    18915380    18917934    18913125
0000448    18916492    18913829    18916260    18914028
0000464    18916736    18914114    18916168    18917019
0000480    18917136    18914603    18916263    18916771
0000496    18915164    18915207    18910881    18914692
0000512    18911277    18914275    18911298    18913751
0000528    18911980    18913507    18912100    18913560
0000544    18913964    18914063
0000552
