0000000       40243      481405        1921           0
0000016           0           0           0           0
0000032           0           0         165         571
0000048         281         499         146         134
0000064         402         392         431          81
0000080          62         133         741          55
0000096         121         299         152         308
0000112          45         125         572         187
0000128         519          13         259         292
0000144         576         207         373         100
0000160         505          36          87         417
0000176          81         782         469          50
0000192         899         522         140         506
0000208         315         421         633         138
0000224         216          50          40         266
0000240         183         360         828         192
0000256         491          26          70          75
0000272          54         492         390         135
0000288          15          31         270         346
0000304         344         576         633         421
0000320         330         481         646         667
0000336         672         539         538         531
0000352         580         331         271         588
0000368         628         641         513         717
0000384         641         410         596         819
0000400         286         632         209         307
0000416         541         869         289         603
0000432         621         458         625         638
0000448         623         582         783         463
0000464         513         449         637         397
0000480         387         573         125         566
0000496         642         354         868         411
0000512         743         610         564         613
0000528         410         525         384         338
0000544         277         378
0000552
