0000000        6449       98895        1919           0
0000016           0           0           0           0
0000032           0           0           2           3
0000048           3           4           3           2
0000064           0           1           4           2
0000080           2           2           3           3
0000096           2           3           2           1
0000112           2           1           4           1
0000128           4           2           1           2
0000144           6           2           3           2
0000160           3           1           4           5
0000176           2           6           2           2
0000192           6           7           1           2
0000208           3           3           3           2
0000224           1           2           1           1
0000240           2           2           7           4
0000256           2           1           2           2
0000272           1           1           2           2
0000288           2           1           2           2
0000304           1           3           2           1
0000320           1           2           2           2
0000336           2           3           1           1
0000352           1           1           1           1
0000368           2           5           1           1
0000384           1           1           3           3
0000400           2           1           1           2
0000416           2           3           2           3
0000432           2           1           3           2
0000448           2           3           3           1
0000464           2           4           1           2
0000480           2           3           0           2
0000496           1           1           3           3
0000512           1           6           2           3
0000528           1           1           2           3
0000544           1           2
0000552
