0000000       40089      370271        1922           0
0000016           0           0           0           0
0000032           0           0        5235       20340
0000048       10698       18051        4205        5418
0000064       15559       11520       16032        2721
0000080        3506        4012       33485        2922
0000096        3935        8935        5528       10511
0000112        2224        4536       20858        5884
0000128       20859         950        8910        8568
0000144       21150        8140       15818        4687
0000160       19704        2169        4176       18311
0000176        5883       39720       20755        3897
0000192       54322       22410        6493       24035
0000208       14096       20142       26369        6407
0000224       11370        3873        2709       15425
0000240        8102       18473       47619        7570
0000256       26337        2210        4639        6276
0000272        3850       21581       16571        6959
0000288        1616        2259       13775       23199
0000304       19689       32822       40145       26398
0000320       19806       35912       36866       39141
0000336       42797       42706       37066       26566
0000352       33574       18500       12298       40027
0000368       38706       42369       33998       44007
0000384       38065       20922       33801       47041
0000400       17489       37713       13096       17198
0000416       29493       48240       26267       41200
0000432       41076       37611       43228       44694
0000448       41111       42277       54666       35428
0000464       39042       35007       42967       29665
0000480       28778       39686       11202       41643
0000496       43248       30112       57757       29921
0000512       48370       45182       40818       41660
0000528       31057       34725       28310       25598
0000544       20908       27639
0000552
