0000000       10321      397594        1948           0
0000016           0           0           0           0
0000032           0           0        1006        1300
0000048        1133        1443         899         942
0000064        1132        1088        1080        1020
0000080        1213         830        1585         789
0000096         916         974        1004        1003
0000112         811         944        1372         984
0000128        1220         532        1116        1332
0000144        1367        1002        1229         915
0000160        1376         663        1040        1202
0000176         880        1776        1241         836
0000192        2237        1368         880        1230
0000208        1032        1163        1474         883
0000224        1076         880         748        1065
0000240         901        1223        2374         954
0000256        1260         699         861        1089
0000272         853        1228        1196         846
0000288         706         845         917         962
0000304         941        1349        1669        1220
0000320         869        1427        1529        1547
0000336        2364        2487        1834        1322
0000352        1577        1056        1044        4701
0000368        3119       10404        1554        1898
0000384        1947        1035        1455        3699
0000400        1020        2255         873         917
0000416        1299        3075        1096        2582
0000432        3074        2939        2694        4561
0000448        2411        4863        4488        1519
0000464        1665        1438        3016        1216
0000480        1159        4019         811        3157
0000496        2873        1429        7934        1329
0000512        4029        2377        6407        4164
0000528        1330        1971        1306        1185
0000544        1115        1304
0000552
