0000000       10810      383937        1921           0
0000016           0           0           0           0
0000032           0           0        1317        2442
0000048        1735        2530        1242        1254
0000064        2115        1713        2115        1283
0000080        1570        1057        6396        1078
0000096        1200        1400        1376        1601
0000112        1104        1274        2768        1285
0000128        2756         668        1520        1805
0000144        2717        1377        2085        1242
0000160        2617         837        1436        1961
0000176        1115        6048        2292        1152
0000192       13689        2418        1130        2771
0000208        1640        2275        2892        1164
0000224        1581        1165         976        1757
0000240        1280        2023       15758        1249
0000256        3150         882        1178        1437
0000272        1169        2677        2033        1165
0000288         960        1094        1460        2869
0000304        2390        7427       10795        3655
0000320        2690        8961        5172        7195
0000336       17634       18041       13380        2929
0000352        5286        1878        1598       24600
0000368       20128       33203       10753       12622
0000384       14100        2768        5842       23758
0000400        1979       15902        1469        1847
0000416        4885       20087        4679       18414
0000432       19778       17664       18774       25773
0000448       17586       26585       29362        8241
0000464       10088        8159       20556        7585
0000480        4895       21123        1386       20651
0000496       18438        4598       35584        5296
0000512       24503       16030       26572       21504
0000528        6252       12983        7276        5037
0000544        2782        6355
0000552
