0000000       17310      129924        1921           0
0000016           0           0           0           0
0000032           0           0          24          43
0000048          29          47          27          21
0000064          25          28          28          20
0000080          21          10          70          12
0000096          21          24          25          17
0000112           9           6          55          18
0000128          38           2          16          39
0000144          45          23          21           8
0000160          39           9          10          42
0000176           9          57          49          17
0000192          43          46           9          22
0000208          24          26          48          12
0000224          12          10           5          16
0000240          23          22          70          17
0000256          24          10           9          16
0000272           5          37          38          15
0000288           5           8           4           9
0000304           9          14          17           5
0000320           2          23           8          23
0000336          20          25          21          12
0000352          14           1           3          19
0000368          23          25          16          21
0000384          13           5          12          33
0000400           1          32           3           2
0000416          14          30           7          22
0000432          16          17          16          30
0000448          10          32          13          12
0000464           7           8          10           7
0000480           7          13           4          15
0000496          12           5          53           6
0000512          12          37          23          23
0000528           7          23           8          13
0000544           6           6
0000552
