0000000       54851      170835        1948           0
0000016           0           0           0           0
0000032           0           0        2677        3049
0000048        2344        3049        2029        2144
0000064        2010        2378        2337        2448
0000080        2284        1965        3522        1565
0000096        2265        1869        2076        1587
0000112        2006        1837        3242        2039
0000128        2537         880        2003        2988
0000144        2689        2044        2045        1906
0000160        2789        1476        1593        2482
0000176        1435        3301        3204        1752
0000192        3012        3316        1763        2456
0000208        2128        2448        3151        1409
0000224        1875        1530        1442        1963
0000240        1893        2706        3780        2172
0000256        2405        1535        1726        2699
0000272        1552        2793        2584        1719
0000288        1804        1398         658         678
0000304        1120        1213        1592         973
0000320         528        1688        1185        1789
0000336        1580        1802        1282        1622
0000352        2057         573        1334        1341
0000368        1505        1707        1477        1624
0000384        1174        1001        1503        1880
0000400         749        1625         616         814
0000416        1687        2159        1016        1379
0000432        1550        1233        1697        1880
0000448         990        2023        1253        1264
0000464         890        1089        1421         744
0000480         963         969         621        1106
0000496        1288         934        2739         743
0000512        1470        2219        1406        1787
0000528        1152        1396         631         865
0000544         824         638
0000552
