0000000       57450      274530        1920           0
0000016           0           0           0           0
0000032           0           0     5804139     5865780
0000048     5882855     5833640     5732917     5904467
0000064     5862899     5837671     5859413     5762912
0000080     5861775     5865627     5772695     5880926
0000096     5887567     6029306     5876291     5946170
0000112     5855817     5935904     5835533     5796476
0000128     5977538     5786473     6081495     5727272
0000144     6022783     5886460     6164421     5842729
0000160     5853237     5777269     5724092     5447883
0000176     5637716     5495133     5367583     5561048
0000192     5823030     5405284     5499728     5863642
0000208     5528439     5786243     5472128     5741717
0000224     5874524     5911115     5374368     5630874
0000240     5407975     5445687     5690691     5351081
0000256     5803158     5260946     5672690     5295313
0000272     5688842     5491628     5419856     5447078
0000288     5290256     5482077     9828902     9925974
0000304     9663089     9923228     9815680    10073744
0000320    10121250     9984100    10008858    10078640
0000336     9992753    10281859    10132882     9726177
0000352    10070872    10424845     9806858    10183388
0000368    10052784    10203243    10059303     9994362
0000384    10369349     9827727    10059841     9852704
0000400    10009497     9827130    10081696     9818218
0000416     9772688     9898683     9886077     9903099
0000432     9911509    10005847     9793581     9798157
0000448    10006027     9739416    10063522     9897646
0000464    10045749    10121531     9940042    10063419
0000480     9998803    10492660     9766380    10176869
0000496     9896007     9884828     9768287     9924472
0000512    10158723     9613597    10115784     9757871
0000528     9874721     9675117    10012399     9704386
0000544     9628850     9889072
0000552
