0000000       21424      563385        1922           0
0000016           0           0           0           0
0000032           0           0          15          17
0000048           8          17           7          13
0000064          16          13          13           9
0000080           9           9          26           2
0000096          10          10           8          15
0000112          13          12          15          13
0000128          24           2          12          22
0000144          20           8          13           5
0000160          15           3          14          13
0000176           7          29          12          11
0000192          27          25           8          17
0000208           7          18          26           6
0000224           8           9          14           8
0000240           9           9          30          15
0000256          22          10           7           8
0000272           5          12          15          10
0000288           2           1          10          10
0000304           3          11          17          11
0000320           9          12          20          13
0000336          23          10           6           9
0000352          16           8          10          17
0000368          13          19          17          26
0000384          14          13          13          18
0000400          15          17           7           8
0000416          18          19           7           6
0000432          13          14          20          16
0000448          11          12          25          19
0000464           8          12          22           4
0000480          12          17           7          22
0000496          17          13          24          18
0000512          15          12          16          17
0000528          11          14          14           7
0000544           8          10
0000552
