0000000       32233      157189        1923           0
0000016           0           0           0           0
0000032           0           0         613         791
0000048         496         735         335         360
0000064         407         419         527         330
0000080         211         243        1207         172
0000096         339         262         252         209
0000112         203         189         912         286
0000128         564          60         212         475
0000144         548         285         307         223
0000160         537         139         179         565
0000176         104         984         916         187
0000192         685         999         214         545
0000208         396         429         786         165
0000224         218         132         139         304
0000240         294         573        1353         392
0000256         470         150         165         360
0000272         169         680         539         225
0000288         182         128          53          65
0000304          83         110         151          77
0000320          35         161         108         137
0000336         164         178         121         112
0000352         171          50          94         139
0000368         179         238         144         122
0000384         116          94         112         215
0000400          56         129          53          57
0000416         134         222          85         152
0000432         173         139         201         247
0000448         130         296         135         113
0000464          83         121         149          76
0000480          76         112          53         128
0000496         134          84         424          84
0000512         164         280         167         268
0000528          99         158          76         100
0000544          71          71
0000552
