0000000       41831      692697        1920           0
0000016           0           0           0           0
0000032           0           0           1           1
0000048           1           0           1           0
0000064           2           1           1           1
0000080           0           2           2           1
0000096           0           2           0           2
0000112           0           0           1           1
0000128           1           1           0           1
0000144           3           1           1           1
0000160           0           0           1           0
0000176           0           5           4           1
0000192           7           1           0           0
0000208           0           3           1           0
0000224           0           1           1           1
0000240           0           1           5           0
0000256           0           0           2           0
0000272           0           1           1           0
0000288           2           0           0           1
0000304           1           0           5           0
0000320           0           4           1           3
0000336           6           6           3           0
0000352           1           0           0           7
0000368          13          17           2           2
0000384           2           0           0          10
0000400           0          10           0           0
0000416           0          10           0           3
0000432           3           2           1           9
0000448           5           5           2           1
0000464           1           0           2           1
0000480           0           7           2           2
0000496           1           0          11           0
0000512           7           2          11           6
0000528           0           3           1           0
0000544           2           1
0000552
