0000000           3          10           1           7
0000016           6           5           1           1
0000032           1          22          13           1
0000048           0           0           2           0
0000064          15           9           0           2
0000080           3           4           3           9
0000096           8          10           6           1
0000112           8           3           6           9
0000128          11           3           0           8
0000144           9          12           7           4
0000160           1           1           1           0
0000176          11           7          14          13
0000192           2           1           6           1
0000208           0           2           8           7
0000224          12          14          16          14
0000240           1          16           9           9
0000256          12          21          10           5
0000272           4          11           9           4
0000288           1           6          13           9
0000304           3           8           8          17
0000320           4           9          24           5
0000336           7           3          13           8
0000352           9          14           5           9
0000368           1           8           6          24
0000384          12          10          19          19
0000400          22          10           4           1
0000416           3           5           9          20
0000432           3           4           7           9
0000448           6           7          13          10
0000464          16           4       49950     2522604
0000480        1922           0           0           0
0000496           0           0           0           0
0000512           3           1           1           0
0000528           3           1           1           1
0000544           0           0
0000552
