0000000           0           1           0           0
0000016           1           0           1           1
0000032           0           0           0           0
0000048           0           0           1           0
0000064           0           0           0           1
0000080           0           0           1           0
0000096           0           1           0           1
0000112           1           0           0           0
0000128           1           0           1           0
0000144           1           0           1           1
0000160           2           0           1           0
0000176           1           1           2           0
0000192           1           1           2           1
0000208           0           0           1           0
0000224           5           1           2           3
0000240           1           1           1           1
0000256           0           4           1           0
0000272           0           0           0           0
0000288           1           0           0           0
0000304           0           0           0           0
0000320           0           0           0           0
0000336           2           0           1           1
0000352           1           0           0           0
0000368           0           0           0           0
0000384           2           0           3           0
0000400           4           1           1           2
0000416           0           0           0           0
0000432           0           0           0           0
0000448           0           0           4           0
0000464           0           0        7592     2546014
0000480        1922           0           0           0
0000496           0           0           0           0
0000512           0           0           0           0
0000528           0           0           0           0
0000544           0           0
0000552
