0000000       60297     2067090        1924           0
0000016           0           0           0           0
0000032           0           0    18568701    18568439
0000048    18561736    18563163    18561768    18558485
0000064    18563374    18557296    18561420    18556053
0000080    18560787    18555079    18564977    18572948
0000096    18579462    18555035    18573693    18571086
0000112    18573054    18569334    18552341    18577222
0000128    18552498    18573151    18553093    18569335
0000144    18550607    18570070    18552345    18575342
0000160    18572388    18578806    18591461    18576140
0000176    18571448    18553575    18567230    18553325
0000192    18562166    18553436    18559545    18553220
0000208    18563602    18553758    18561291    18563753
0000224    18559667    18553293    18560476    18564155
0000240    18559081    18558548    18552789    18558589
0000256    18551235    18556940    18551496    18558204
0000272    18552088    18556889    18550962    18558323
0000288    18559532    18562711    18555816    18555530
0000304    18555354    18554634    18555329    18553529
0000320    18555408    18554087    18557326    18553120
0000336    18556577    18553007    18557633    18558055
0000352    18558226    18552525    18555789    18559229
0000368    18558288    18558731    18551903    18557515
0000384    18552036    18556645    18552006    18557193
0000400    18551902    18559281    18551912    18556589
0000416    18559148    18557986    18356585    18356275
0000432    18351026    18343061    18346602    18342597
0000448    18345443    18342768    18344864    18342878
0000464    18346201    18343641    18346512    18345844
0000480    18348917    18341476    18345888    18347766
0000496    18344763    18345568    18341051    18343913
0000512    18339355    18344872    18339341    18343332
0000528    18338921    18343334    18338782    18348274
0000544    18345422    18345830
0000552
