0000000           0           4           0           0
0000016           1           1           0           0
0000032           0           6           2           1
0000048           1           0           0           0
0000064           5           1           1           1
0000080           3           0           1           2
0000096           1           6           0           0
0000112           4           0           0           3
0000128           0           1           0           2
0000144           2           4           1           0
0000160           0           0           0           0
0000176          10           2          10           3
0000192           0           0           2           0
0000208           2           2           0           3
0000224          10           3           9          15
0000240           0          13           1           0
0000256           4          12           4           1
0000272           1           0           2           0
0000288           0           1           6           3
0000304           0           1           0           4
0000320           2           0          14           0
0000336           1           1           5           6
0000352           3           9           0           2
0000368           0           1           1           6
0000384           7           1          21           3
0000400           7          10           0           0
0000416           0           3           3           7
0000432           3           1           1           1
0000448           1           5          11           4
0000464           2           0       27934     2534316
0000480        1923           0           0           0
0000496           0           0           0           0
0000512           0           1           1           1
0000528           1           0           0           0
0000544           0           1
0000552
