0000000         556        1129         753         983
0000016         759         783         734         662
0000032         549        1354         972         555
0000048         623         468         629         445
0000064        1195        1072         219         579
0000080         577         882         884        1039
0000096        1070        1312         930         683
0000112        1209         883         955        1231
0000128         973         764         728        1003
0000144        1187        1143        1008         831
0000160         625         540         554         548
0000176        1537        1326        1394        1079
0000192         854         634        2012         924
0000208         793         683        1183        1096
0000224        1241        1075        1377        1286
0000240         754        1262         808        1011
0000256        1137        1777        1076         720
0000272         885         860         937         580
0000288         728         991        1134         869
0000304         609         852         867        1181
0000320         899         932        1426         935
0000336         850         853        1829        1768
0000352        1233        1644        1061        1258
0000368         857        1192        1182        2466
0000384        1879        1100        2151        1463
0000400        2168        1700         972         720
0000416         773        1083        1089        1514
0000432        1084        1013        1159         962
0000448        1020        1046        1835        1200
0000464        1196         781       47489     2475834
0000480        1919           0           0           0
0000496           0           0           0           0
0000512         599         367          56          24
0000528         631         631          51         413
0000544         237         134
0000552
