0000000        2678       41438        4898       36501
0000016        7817        9964        4373        6639
0000032        4006       43743       21623        2618
0000048        3258        2486        5594        2374
0000064       56172       21224        1604        3177
0000080        3131       18325       12325       75088
0000096       39839       86489       24188       11287
0000112       78600       18298       50985       60642
0000128       39487       15693       14211       57642
0000144       61453       64431       51923       31116
0000160        6811        3697        6132        4394
0000176       93502       63051       92431       58359
0000192       27726        5534       49288       14758
0000208       11312       13390        9852       35768
0000224       68624       23274       64012       68656
0000240        5716       35126       14262       14752
0000256       47863      102469       30037        6709
0000272       14954       19681       10411        3646
0000288        6939       21104       38755       18955
0000304        3591        6352       13294       21389
0000320       12564       18498       56386        8452
0000336       12415       12474      113198      105278
0000352       73113       94715       53278       69719
0000368       41054       61508       73240      133135
0000384      106854       62696      120518       87970
0000400      120193      103611       39293       22201
0000416       27058       63155       48751       91401
0000432       56224       48974       68940       45340
0000448       42778       57889      103484       72274
0000464       61613       25814       47150     2452395
0000480        1919           0           0           0
0000496           0           0           0           0
0000512        1882        1579        1131         813
0000528        1866        1802         968        1735
0000544        1368        1281
0000552
