0000000       52716    15141098        1920           0
0000016           0           0           0           0
0000032           0           0      146357      137059
0000048      116026      137519      136351      142947
0000064      141300      123589      139125      126431
0000080      142748      137190      121788      113098
0000096      128300      127754      133107      121357
0000112      129040      133103      150005      130795
0000128      130885      143675      125898      117535
0000144      138189      122390      147673      132295
0000160      136107      119215      114808      138691
0000176      126049      141515      143567      140706
0000192      131414      133392      150515      141642
0000208      168573      141571      162441      144821
0000224      153685      143074      127207      127543
0000240      133957      142128      129801      148810
0000256      143650      127383      138965      145597
0000272      167696      152677      135627      167475
0000288      135246      143500      128389      148674
0000304      133686      139189      128133      169789
0000320      129645      149320      141718      143177
0000336      155954      201488      140515      125032
0000352      134472      119883      132697      145801
0000368      132285      154974      130001      158741
0000384      136444      142216      135532      143360
0000400      145861      120402      146791      146352
0000416      139235      133107      137175      128834
0000432      170197      145465      154766      148024
0000448      140232      148264      148756      259141
0000464      140707      164921      134760      144317
0000480      133155      141818      131214      135133
0000496      146709      167610      170936      155556
0000512      137095      124017      138179      133446
0000528      154634      134414      171233      139014
0000544      139871      138741
0000552
