0000000       65404    15337809        1920           0
0000016           0           0           0           0
0000032           0           0           0           0
0000048           0           0           0           1
0000064           1           0           2           0
0000080           2           0           2           0
0000096           0           2           1           1
0000112           1           1           1           2
0000128           2           0           1           1
0000144           0           0           0           2
0000160           3           1           0           1
0000176           0           0           1           1
0000192           1           1           1           3
0000208           3           3           1           3
0000224           2           0           0           3
0000240           1           1           0           1
0000256           2           0           1           2
0000272           0           3           0           3
0000288           3           3           2           0
0000304           0           4           2           0
0000320           0           3           1           2
0000336           2           1           2           1
0000352           2           0           1           0
0000368           0           0           0           2
0000384           0           1           0           5
0000400           0           1           1           2
0000416           0           2           1           0
0000432           2           3           2           1
0000448           0           2           3           1
0000464           1           0           2           0
0000480           0           0           4           0
0000496           2           1           2           1
0000512           0           0           1           1
0000528           3           0           1           0
0000544           0           3
0000552
