0000000       10562    15298841        1921           0
0000016           0           0           0           0
0000032           0           0          12           2
0000048           1           9           6           1
0000064           5           0           5           3
0000080           4           2           1           4
0000096           3           1           5           0
0000112           2           0           4           0
0000128           1           3           3           1
0000144           1           3           5           4
0000160           2           2           1           5
0000176           2           3           1           7
0000192           3           3           1           5
0000208           5          13           3           0
0000224           8           1           2           3
0000240           5           0           1           3
0000256           1           3           2           2
0000272           4           3           2          22
0000288           1           1          11           2
0000304           4          17          15          17
0000320           5          26           2          12
0000336           6           4           1          13
0000352           0           2           5          10
0000368           4           2           1          18
0000384           1           6           4           7
0000400           0           1          11          14
0000416           1           3           1           2
0000432           3           3           6          22
0000448           2           1           5           6
0000464           3           8           3           2
0000480           1           5           6           1
0000496           4          15           4           6
0000512           2           1           2           2
0000528          10           0           3           3
0000544           0           2
0000552
