0000000       56046    15232645        1923           0
0000016           0           0           0           0
0000032           0           0         292          61
0000048          51         123         147          72
0000064          74          47         103          55
0000080          61          65          62          43
0000096          56          52          58          66
0000112          73          69         104          64
0000128          72          66          59          63
0000144          61          56         138          90
0000160          94          64          51         129
0000176          51         131          67         157
0000192          75          90          95         130
0000208         128         252         121          95
0000224         184          64          77          58
0000240          88          53          75          92
0000256          85          84          58          88
0000272          93          95          54         375
0000288          71         107         281         101
0000304         402         469         883         528
0000320         208         726          64         447
0000336         380         122         264         616
0000352          87          76         196         737
0000368         232         229          59         882
0000384          74         112         123         308
0000400          83          66         424         559
0000416         108          62          72          82
0000432          82         177         155         774
0000448          82         134         173         134
0000464          82         278         148         101
0000480         106         153         235          97
0000496         119         615          82         215
0000512          81          65          86          76
0000528         456          66          97          64
0000544          64         110
0000552
