0000000        1586    15035954        1921           0
0000016           0           0           0           0
0000032           0           0         180          58
0000048          48         133         154          71
0000064          79          49         109          54
0000080          73          67          82          25
0000096          53          40          87          64
0000112          81         100         104          92
0000128          75          94          49          66
0000144          66          48         158          90
0000160          99          63           4          69
0000176          21         113          48          73
0000192         110          65          44          81
0000208          75         135          83          70
0000224         144          32          89          42
0000240          62          18          29          46
0000256          40          67          40          79
0000272          91         101          26         143
0000288          81          65           6           3
0000304          10          15          13          17
0000320           4          13           3          15
0000336          17          13           6           6
0000352           5           6          11           8
0000368           9           6           2          23
0000384           2           8           1          14
0000400           3           3          12           6
0000416           8           3           7           6
0000432           2           7          10          23
0000448           9          10          12          10
0000464           5           9           7           3
0000480           6           7           8           7
0000496          13          21           7          14
0000512           4           1           8           6
0000528          16           7           8           5
0000544           7          16
0000552
