0000000       12813    15049582        1923           0
0000016           0           0           0           0
0000032           0           0        2951         824
0000048         968        2476        2474        1178
0000064        1497        1050        1550         841
0000080        1175        1151        1096         578
0000096        1110         730        1559        1121
0000112        1597        1589        1533        1670
0000128        1139        1611        1086        1393
0000144        1202         935        2130        1502
0000160        1651         591         250        1193
0000176         430        1486         827        1216
0000192        1826        1137         956        1152
0000208        1213        2586        1340        1103
0000224        2395         678        1539         685
0000240        1273         608         588         981
0000256         717        1363         791        1343
0000272        1647        1826         608        2926
0000288        1717        1073         164         147
0000304         171         272         198         324
0000320         160         263          97         188
0000336         252         200         192         167
0000352         148         109         194         236
0000368         176         184          67         281
0000384          83         157         138         256
0000400         111          92         271         241
0000416         164          94         250         199
0000432         168         321         271         404
0000448         227         306         267         381
0000464         198         302         254         239
0000480         263         281         254         171
0000496         236         415         213         311
0000512         220         164         200         259
0000528         395         154         239         209
0000544         179         249
0000552
