0000000       32384    15390468        1923           0
0000016           0           0           0           0
0000032           0           0           0           0
0000048           0           1           0           1
0000064           0           0           0           0
0000080           0           0           0           0
0000096           0           0           0           0
0000112           1           0           0           1
0000128           0           0           0           1
0000144           0           1           0           0
0000160           0           2           0           1
0000176           0           0           0           0
0000192           0           1           0           0
0000208           0           0           0           2
0000224           0           0           0           0
0000240           1           0           0           0
0000256           1           0           0           0
0000272           0           0           0           0
0000288           2           0           1           0
0000304           0           0           0           0
0000320           1           0           0           2
0000336           1           0           0           0
0000352           0           1           0           0
0000368           0           0           0           1
0000384           0           0           0           0
0000400           0           0           0           0
0000416           1           0           1           0
0000432           0           0           0           0
0000448           0           0           0           0
0000464           1           0           0           0
0000480           0           0           0           1
0000496           0           0           0           0
0000512           0           0           0           0
0000528           0           0           0           0
0000544           0           1
0000552
