0000000       31027    15074897        1923           0
0000016           0           0           0           0
0000032           0           0    17967481    17958990
0000048    17958758    17929856    17954438    17929992
0000064    17946924    17932755    17947313    17931898
0000080    17947723    17929597    17947197    17951970
0000096    17949551    17931246    17948628    17942773
0000112    17948112    17944304    17920763    17943148
0000128    17924156    17939407    17925100    17943720
0000144    17921400    17937757    17917555    17937933
0000160    17944722    17944907    17952686    17949620
0000176    17948635    17933822    17947867    17930763
0000192    17942860    17933905    17944311    17931126
0000208    17943415    17931197    17943751    17946246
0000224    17941601    17934488    17944640    17944333
0000240    17943085    17941982    17933719    17943283
0000256    17928979    17939733    17931385    17942249
0000272    17926313    17939364    17931076    17937528
0000288    17942960    17941649    17130843    17132006
0000304    17123268    17110027    17121351    17103470
0000320    17118461    17106235    17118471    17097679
0000336    17122174    17103411    17119804    17117354
0000352    17122226    17106408    17124426    17115285
0000368    17116513    17113320    17095879    17109164
0000384    17094821    17115743    17095724    17114792
0000400    17096382    17115838    17095225    17112442
0000416    17123072    17118784    17717794    17711469
0000432    17708170    17690179    17703746    17682301
0000448    17701188    17688399    17700307    17686332
0000464    17703475    17687384    17702797    17702279
0000480    17704650    17688513    17702830    17701708
0000496    17699786    17695872    17688989    17694912
0000512    17686913    17696565    17684597    17696702
0000528    17673395    17696127    17682871    17698585
0000544    17697453    17698930
0000552
