0000000         580    15285235        1921           0
0000016           0           0           0           0
0000032           0           0          59          11
0000048           5          33          45           3
0000064          12           5          38           2
0000080           7          10          20           1
0000096           5           2          10          11
0000112          13           8          33           4
0000128          15           5           8           1
0000144           3           5          21          17
0000160          23           1           4          45
0000176           3          25           9          28
0000192          18          14          23          33
0000208          36          38          21          23
0000224          42           8           9           9
0000240          21           1           8          11
0000256          20          19          18          13
0000272          24          18           0          59
0000288          17          25          41          23
0000304          35          67          49          58
0000320          34          65           9          35
0000336          44          21          21          38
0000352          20          16          27          51
0000368          37          36           4          81
0000384           5          20          24          41
0000400           6          10          43          41
0000416          21           8           9           7
0000432           1          35          32          58
0000448          20          24          26           9
0000464          16          37          26          14
0000480          21          33          28          26
0000496          23          52           3          44
0000512           9           4          17           7
0000528          50           2          14           3
0000544           7          22
0000552
