0000000       23110    15207280        1920           0
0000016           0           0           0           0
0000032           0           0        2613        1925
0000048        1646        2225        2443        1955
0000064        2088        1377        2045        1420
0000080        1926        1938        1726        1102
0000096        1715        1649        1965        1533
0000112        1939        1780        2436        1742
0000128        1873        1746        1797        1464
0000144        1810        1520        2398        2075
0000160        2148        1584        1165        2384
0000176        1480        2249        1893        2214
0000192        2071        2083        2192        2353
0000208        2961        2474        2618        2240
0000224        2555        1780        1915        1980
0000240        2091        1642        1622        2221
0000256        2162        1953        2081        2333
0000272        2547        2560        1551        2886
0000288        1973        2489        2093        2147
0000304        2174        2616        2304        3120
0000320        2289        2655        2103        2330
0000336        2539        2969        2369        2196
0000352        2175        1825        2064        2509
0000368        2271        2540        1761        2924
0000384        1812        2241        2183        2502
0000400        2014        1762        2588        2541
0000416        2119        2000        1963        1886
0000432        2109        2431        2389        2782
0000448        2160        2342        2458        3527
0000464        2097        2596        2205        2120
0000480        1972        2291        2105        1986
0000496        2287        2887        2130        2715
0000512        1974        1627        2097        2003
0000528        2745        1734        2387        1908
0000544        1972        2277
0000552
