0000000       30454     9557291        9557           0
0000016           0           0           0           0
0000032           0           0    84945163    84915447
0000048    84931824    84743779    84843817    84716504
0000064    84822266    84717601    84816520    84700001
0000080    84831323    84735353    84819494    84829782
0000096    84771131    84710995    84843762    84849347
0000112    84791474    84788486    84751083    84820529
0000128    84678398    84773820    84681527    84793067
0000144    84716461    84762798    84701851    84769346
0000160    84808569    84800867    76642308    76583004
0000176    76541802    76367451    76563023    76398151
0000192    76521108    76457233    76484869    76438034
0000208    76545777    76440716    76565584    76579851
0000224    76582341    76424138    76572077    76552329
0000240    76530308    76503892    76450033    76529466
0000256    76383525    76513915    76384822    76526527
0000272    76345453    76434145    76383066    76495299
0000288    76486207    76485624    85912631    85909157
0000304    85889890    85744741    85914074    85731559
0000320    85823862    85737981    85812715    85787043
0000336    85811873    85757811    85868119    85854821
0000352    85813023    85746450    85871492    85813931
0000368    85829027    85798941    85740357    85827742
0000384    85686834    85799798    85746820    85824498
0000400    85736865    85841929    85713822    85835574
0000416    85894558    85857129    82580398    82530057
0000432    82538554    82453299    82519824    82467290
0000448    82497184    82467307    82517872    82443047
0000464    82518135    82415926    82512703    82516241
0000480    82532282    82407561    82532398    82507632
0000496    82518656    82485527    82414342    82435661
0000512    82391884    82499185    82372382    82468281
0000528    82419967    82427432    82402780    82453127
0000544    82457564    82484137
0000552
