0000000       46095    10234649        9567           0
0000016           0           0           0           0
0000032           0           0         662         364
0000048         258         555        1298         471
0000064         513        1304         450        2539
0000080         419         359        1065         620
0000096        5669        2250         438         267
0000112        7611        1607         274         498
0000128         694         745         799         680
0000144         428         518         500        1700
0000160        1001        1183         262        9329
0000176       13674       11129        4557        2878
0000192         446        5096        5303       11201
0000208        1467        3125       12108        2984
0000224        1350        4818        1627        9446
0000240         617         714        5683         886
0000256        3853        4325        1514         582
0000272        1231        3311         644         278
0000288         604        5932         575         215
0000304         287         336         295         414
0000320         390         252         286         203
0000336         522         222         208         186
0000352         502         245         361         325
0000368         287         361         240         389
0000384         506         337         239         204
0000400         253         234         331         259
0000416         155         291         734        2141
0000432         769         388         317         317
0000448         998         425         308         668
0000464         829        1310         734        1399
0000480        1635         850         403         893
0000496         399         760        1326        2616
0000512         336         258         557         381
0000528         648        1641         353         424
0000544        1365         406
0000552
