0000000       52693    10341311        9561           0
0000016           0           0           0           0
0000032           0           0         395         218
0000048         187         311         461         279
0000064         300         452         299         487
0000080         293         230         434         292
0000096         519         370         299         130
0000112         577         445         180         325
0000128         362         426         407         379
0000144         251         313         310         346
0000160         286         380         135         346
0000176         459         505         373         393
0000192         244         360         388         499
0000208         329         290         534         332
0000224         238         387         270         373
0000240         258         303         391         345
0000256         379         458         326         308
0000272         395         333         263         170
0000288         219         418         287          88
0000304         171         177         167         213
0000320         216         166         147          40
0000336         338          74          27         105
0000352         326          90         244         158
0000368         140         222          64         257
0000384         321         198          94          44
0000400         134          96         199         125
0000416          16          25         335         302
0000432         220         194         181         179
0000448         331         250         194         313
0000464         321         286         309         341
0000480         527         277         210         337
0000496         216         292         270         410
0000512         165         133         275         204
0000528         334         405         186         223
0000544         383         248
0000552
