0000000       26588     9971728        9558           0
0000016           0           0           0           0
0000032           0           0       25429       19524
0000048       13976       22521       25401       20360
0000064       20988       25066       20333       30828
0000080       18872       18838       25603       21238
0000096       47541       28467       19597       15071
0000112       54428       27725       15271       20915
0000128       24150       25154       25622       22751
0000144       17123       22804       20082       26727
0000160       22346       25505       14417      158375
0000176      383779      140779       47081       34706
0000192       19471       55303       56166      129546
0000208       28986       35605      148182       32867
0000224       23288       49274       26868      132027
0000240       21349       22467       58127       24489
0000256       40164       38735       27670       21126
0000272       27018       35763       20493       16380
0000288       20147       62355       21792       11606
0000304       15550       16539       13905       16523
0000320       18449       14169       14709       10477
0000336       20732       11060       11993       12519
0000352       22404       13566       16441       15973
0000368       14016       17040       12847       17201
0000384       21296       16256       13274       10818
0000400       13011       12850       15616       14670
0000416        9187       16037       30393       41039
0000432       22560       18831       18594       17413
0000448       31792       20081       19633       24969
0000464       25683       30278       25875       30451
0000480       37690       30008       18147       33429
0000496       19343       24963       28753       44216
0000512       19116       15173       25107       19049
0000528       23976       38316       18141       20601
0000544       34221       22434
0000552
