0000000       57701    10732266        9560           0
0000016           0           0           0           0
0000032           0           0           9           1
0000048           0           2          11           3
0000064           5          12           3          15
0000080           3           3           6          10
0000096           8           9           1           0
0000112          22          22           1           3
0000128           9           4           3           6
0000144           2           1           3           2
0000160          11           9           0          12
0000176          16          16           9           9
0000192           5           8          13          22
0000208           8           9          18           8
0000224           6           5           8          12
0000240           1           4           8           5
0000256           5           9           9           4
0000272           1           6           2           0
0000288           1           8           8           1
0000304           0           1           1           2
0000320           1           0           0           0
0000336           2           2           0           1
0000352           2           1           1           0
0000368           3           3           1           2
0000384           3           0           0           1
0000400           1           0           1           2
0000416           0           0           7           8
0000432           3           1           2           1
0000448           4           2           0           3
0000464          11           7           6           7
0000480           7           6           4           8
0000496           1           7           6          11
0000512           1           1           5           1
0000528           3          10           2           3
0000544           5           0
0000552
