0000000       18187    10823223        9575           0
0000016           0           0           0           0
0000032           0           0           2           0
0000048           1           1           3           0
0000064           0           0           0           0
0000080           0           0           3           0
0000096           6           0           1           0
0000112           8           3           0           2
0000128           1           0           1           4
0000144           1           0           0           0
0000160           0           1           1           5
0000176          10           5           2           1
0000192           1           2           0           7
0000208           1           1           8           2
0000224           0           1           1           9
0000240           0           0           1           0
0000256           0           4           1           0
0000272           0           2           0           1
0000288           2           3           2           1
0000304           3           3           0           0
0000320           1           1           1           2
0000336           0           0           1           0
0000352           1           2           3           1
0000368           0           0           4           0
0000384           0           0           1           1
0000400           0           0           1           1
0000416           0           0           0           2
0000432           1           0           1           0
0000448           1           1           0           1
0000464           2           3           0           2
0000480           1           0           0           1
0000496           0           0           0           1
0000512           3           0           1           0
0000528           0           1           0           0
0000544           2           1
0000552
