0000000       21196    10283114        9564           0
0000016           0           0           0           0
0000032           0           0         456         308
0000048         228         432         503         359
0000064         360         465         362         595
0000080         374         297         547         383
0000096         648         452         356         228
0000112         813         591         226         391
0000128         441         487         524         410
0000144         315         389         363         441
0000160         365         453         227        1190
0000176        4610         965         516         444
0000192         289         530         567        1247
0000208         403         376        1542         425
0000224         344         508         324        1032
0000240         311         321         532         382
0000256         490         563         407         327
0000272         432         452         288         218
0000288         285         630         401         187
0000304         245         325         275         322
0000320         327         239         259         156
0000336         358         161         177         198
0000352         386         220         352         253
0000368         242         281         211         342
0000384         419         290         225         187
0000400         226         211         308         246
0000416         138         215         407         398
0000432         308         228         241         245
0000448         447         307         215         357
0000464         345         392         353         419
0000480         582         354         254         446
0000496         287         371         333         528
0000512         259         221         354         245
0000528         372         487         250         305
0000544         479         316
0000552
