0000000        6966    10685846        9557           0
0000016           0           0           0           0
0000032           0           0          12           4
0000048           2           6          14           8
0000064           9          14           7          19
0000080           6           7           7          10
0000096          13          12           5           2
0000112          16          13           3          15
0000128           6          17          17          11
0000144           7           6          12          14
0000160          10          18           0          13
0000176          15          23          15          10
0000192           6           7          14          19
0000208           7           7          22          10
0000224           7          13           3          13
0000240           7          14          11           2
0000256          13          16           5           7
0000272           9           9          12           2
0000288           6           8          12           2
0000304           2           1           1           5
0000320           1           5           1           0
0000336           6           0           0           4
0000352           7           1           4           4
0000368           0           0           1          10
0000384           5           5           2           1
0000400           2           1           8           5
0000416           0           0          10           9
0000432           7           4           5           3
0000448           9           5           3           5
0000464          12          14           7          15
0000480          19           9          11          11
0000496           6           7           7          15
0000512           4           2          13           1
0000528           7          11           6           3
0000544           7           7
0000552
