0000000       49288    10755456        9559           0
0000016           0           0           0           0
0000032           0           0           3           2
0000048           1           1           6           1
0000064           1           7           1           8
0000080           0           2           7           6
0000096           9           6           0           1
0000112          13          10           0           5
0000128           3           5           6           2
0000144           1           1           2           8
0000160           5           6           0          10
0000176          14          10           6           6
0000192           2           8           8          19
0000208           6           3          18           7
0000224           3           1           5          13
0000240           0           1           8           2
0000256           6           5           6           3
0000272           4           7           1           2
0000288           3           6           4           1
0000304           1           1           3           1
0000320           5           0           1           1
0000336           2           0           1           1
0000352           2           3           2           1
0000368           0           1           3           1
0000384           1           0           2           1
0000400           3           3           0           0
0000416           0           1           2           6
0000432           4           1           1           1
0000448           6           5           0           1
0000464           3           3           2           3
0000480          12           4           1           5
0000496           3           5           6          11
0000512           2           3           1           2
0000528           7           6           0           2
0000544           5           3
0000552
