0000000       53197    10510399        9549           0
0000016           0           0           0           0
0000032           0           0          64           7
0000048          11          16         163          15
0000064          38         159          16         268
0000080          11          16         140          73
0000096         325         211          20          10
0000112         437         180           8          26
0000128          59          70          61          44
0000144          13          22          23         168
0000160          90         116           5         291
0000176         389         448         205         185
0000192          23         244         242         403
0000208          95         149         405         159
0000224          69         229          96         286
0000240          28          43         241          59
0000256         199         220          90          21
0000272         104         163          41           3
0000288          44         236          37           6
0000304           9           5           9          16
0000320          14           8           8           3
0000336          43           6          10           3
0000352          13           5          18          15
0000368           7          12           2          15
0000384          15          12           8           8
0000400          11          16          11           8
0000416           5           8           0           0
0000432           0           0           0           0
0000448           0           0           0           0
0000464           0           0           0           0
0000480           0           0           0           0
0000496           0           0           0           0
0000512           0           0           0           0
0000528           0           0           0           0
0000544           0           0
0000552
