0000000       19886    10004546        9579           0
0000016           0           0           0           0
0000032           0           0       19719       15660
0000048       11584       18768       19639       16553
0000064       16668       20015       16584       23528
0000080       15049       14827       20006       16615
0000096       26856       19601       15751       12781
0000112       27926       21474       12745       16639
0000128       18875       20400       19963       17958
0000144       13979       18017       16261       19207
0000160       16890       18987       11709       28208
0000176       61049       31350       22597       22861
0000192       15360       22611       23784       28753
0000208       20333       18254       32392       19876
0000224       16274       21458       17041       27874
0000240       16541       17014       22437       18716
0000256       21431       23711       19352       16272
0000272       19939       20191       15795       12516
0000288       15112       23741       17421        9733
0000304       12657       13978       12161       13937
0000320       14976       11919       12157        9929
0000336       16841        9572       10933       10458
0000352       18637       11520       13874       12914
0000368       12109       14374       11101       14117
0000384       17066       13722       11544        9988
0000400       10867       11196       13096       12578
0000416        8376       14792       23723       20533
0000432       15729       15088       14596       13793
0000448       23236       16067       15129       19911
0000464       19461       19779       18969       20229
0000480       28531       20951       14617       24023
0000496       15063       18870       18375       23661
0000512       15209       11711       19470       15102
0000528       19249       26501       14365       16336
0000544       24532       17646
0000552
