0000000       51502     9654081        9558           0
0000016           0           0           0           0
0000032           0           0    54744890    54773569
0000048    54088423    53486651    54113509    53810102
0000064    54491696    53429166    54256873    53547323
0000080    54404691    54010524    54315102    54439520
0000096    54656984    54814626    54810240    54781064
0000112    54685560    54108716    53769733    54008619
0000128    54499414    54075254    54446408    54079791
0000144    53352286    54761744    54227671    54277286
0000160    54219626    55095566    67322579    70480238
0000176    69621888    66226011    68613657    65572234
0000192    68955105    65516336    68662418    65280145
0000208    68394740    65935416    67534305    67165944
0000224    67759634    66838612    68558709    67508500
0000240    68038642    67649208    65536778    68216449
0000256    65687121    66063598    66189994    67008096
0000272    65782835    68303949    65966069    67852301
0000288    68367451    70133924    52997874    53647557
0000304    52917947    53667237    52461631    52806991
0000320    53755699    53836081    53257731    52133728
0000336    53303077    53743495    53965834    54040370
0000352    52653007    55458305    52775697    54281188
0000368    53946352    53927785    53912332    52095060
0000384    53564829    53204114    53722889    52142233
0000400    53548013    52920730    51926346    52376819
0000416    52066621    53863999    70716548    70763301
0000432    69779782    68259563    69691328    67105674
0000448    69581231    67186012    69585226    67621803
0000464    68944975    68511542    69882392    69377309
0000480    68821391    69734032    68736334    69826107
0000496    68785716    69209562    68261481    69447454
0000512    69025693    68177206    68416834    69023029
0000528    67143724    68868593    68334448    69000761
0000544    68892052    69398276
0000552
