0000000         138    10842622        9558           0
0000016           0           0           0           0
0000032           0           0           0           1
0000048           1           0           1           2
0000064           3           2           1           2
0000080           2           2           1           2
0000096           1           1           1           0
0000112           0           1           1           0
0000128           0           0           0           1
0000144           3           0           0           1
0000160           1           2           0           2
0000176           9           4           5           0
0000192           0           2           0           6
0000208           2           0           2           0
0000224           0           0           0           3
0000240           0           3           4           2
0000256           2           3           1           0
0000272           0           0           2           0
0000288           0           0           2           3
0000304           0           1           0           1
0000320           2           2           0           1
0000336           0           3           1           1
0000352           0           0           0           0
0000368           1           0           1           1
0000384           0           1           1           0
0000400           0           0           1           0
0000416           1           3           2           0
0000432           0           1           0           0
0000448           0           0           0           1
0000464           0           2           1           2
0000480           0           1           0           0
0000496           2           0           1           2
0000512           0           0           1           1
0000528           1           4           1           1
0000544           0           1
0000552
