0000000       48486     9938946        9557           0
0000016           0           0           0           0
0000032           0           0       65152       28549
0000048       19591       32136      102525       37069
0000064       54586       97084       36572      152710
0000080       30434       33441       91885       61316
0000096      344010      187996       32252       21265
0000112      361595      112544       21102       35567
0000128       74751       64113       85397       55402
0000144       25477       48324       38150      142518
0000160       94205      126333           0           0
0000176           0           0           0           0
0000192           0           0           0           0
0000208           0           0           0           0
0000224           0           0           0           0
0000240           0           0           0           0
0000256           0           0           0           0
0000272           0           0           0           0
0000288           0           0           0           0
0000304           0           0           0           0
0000320           0           0           0           0
0000336           0           0           0           0
0000352           0           0           0           0
0000368           0           0           0           0
0000384           0           0           0           0
0000400           0           0           0           0
0000416           0           0           0           0
0000432           0           0           0           0
0000448           0           0           0           0
0000464           0           0           0           0
0000480           0           0           0           0
0000496           0           0           0           0
0000512           0           0           0           0
0000528           0           0           0           0
0000544           0           0
0000552
