0000000        2424    10861972        9560           0
0000016           0           0           0           0
0000032           0           0           1           0
0000048           0           0           1           0
0000064           3           1           0           3
0000080           2           3           2           5
0000096           2           0           0           1
0000112           1           1           1           1
0000128           0           1           0           0
0000144           1           1           1           2
0000160           0           2           4           1
0000176           6           2           2           1
0000192           1           0           1           0
0000208           2           2           5           2
0000224           2           4           1           0
0000240           1           1           2           1
0000256           1           1           0           0
0000272           1           0           1           0
0000288           1           0           2           1
0000304           1           1           1           2
0000320           2           1           0           0
0000336           1           0           0           0
0000352           2           0           1           1
0000368           2           1           1           0
0000384           1           1           1           0
0000400           0           1           0           0
0000416           1           1           1           3
0000432           4           1           1           0
0000448           2           1           0           2
0000464           4           3           1           3
0000480           1           2           3           0
0000496           1           1           2           1
0000512           0           0           1           0
0000528           2           1           0           1
0000544           1           0
0000552
