0000000       40608    10091458        9584           0
0000016           0           0           0           0
0000032           0           0       16663       13813
0000048       10082       16166       15732       13981
0000064       13572       16135       14015       18470
0000080       13158       12634       16129       13790
0000096       18763       14313       13420       10783
0000112       19704       17313       11051       14320
0000128       15567       16724       16207       15094
0000144       12619       15223       13429       14386
0000160       13108       14871        9985       14135
0000176       17816       18696       15274       16296
0000192       11221       14757       16045       17655
0000208       14470       12164       18977       13758
0000224       11543       14093       11859       15245
0000240       12750       13011       14296       13886
0000256       14894       17448       13916       12752
0000272       14758       13931       11737       10007
0000288       11286       15776       14255        8656
0000304       10942       12047       10599       12089
0000320       13033       10728       11039        8400
0000336       13562        8233        9312        9227
0000352       16053        9819       12079       10841
0000368       10495       12209        9592       12294
0000384       14532       11917       10051        8384
0000400        9215        9672       11487       10860
0000416        6592       10185       15826       12704
0000432       10469       10249       10854       10297
0000448       15745       11528       11531       13816
0000464       12997       12823       13155       13756
0000480       19974       13498       11088       16286
0000496       11759       12972       11812       15561
0000512       10963        9997       12932       11199
0000528       14330       17905       10731       11613
0000544       16974       13513
0000552
