0000000       63327     1809723        1925           0
0000016           0           0           0           0
0000032           0           0           1           0
0000048           4           2           2           9
0000064           1           3           0           2
0000080           2           4           2           2
0000096           3           0           6           3
0000112           1           0           1           2
0000128           1           6           2           4
0000144           3           0           0           2
0000160           1           3           0           2
0000176           6           6           8           3
0000192           3           9           0           2
0000208           8           2           5           1
0000224           3           4           0          10
0000240           4           2           7           2
0000256           0           1           1           1
0000272           0           2           1           2
0000288           7           1           4           2
0000304           0           1           1           8
0000320           5           2           5           1
0000336           1           1           5           3
0000352           1           2           4           0
0000368           1           1           0           2
0000384           3           3           1           3
0000400           2           3           6           1
0000416           3           2           0           0
0000432           8           1           0           1
0000448           1           2           4           1
0000464           0           3           2           1
0000480           1           1           0           1
0000496           1           0           0           3
0000512           1           0           0           0
0000528           0           1           1           2
0000544           4           1
0000552
