0000000       43011     2030221        1922           0
0000016           0           0           0           0
0000032           0           0          67          37
0000048          41          85          79          74
0000064          66          87          43          67
0000080          59          76          50          84
0000096          59          52          97          46
0000112          36          44          31          35
0000128          52          54          42          48
0000144          45          29          38          55
0000160          55          80          10          79
0000176          53          75          53          33
0000192          52          60          25          47
0000208          60          75          41          51
0000224          56          48          29          70
0000240          60          59          79          45
0000256          32          52          71          38
0000272          48          85          41          41
0000288          78          57          66          33
0000304          33          49          49          44
0000320          54          31          39          41
0000336          49          29          40          45
0000352          44          52          66          17
0000368          39          46          22          18
0000384          73          38          23          39
0000400          24          39          43          40
0000416          34          26          15          40
0000432          64          36          32          40
0000448          24          50          29          40
0000464          43          56          41          35
0000480          35          51          31          23
0000496          52          13          38          88
0000512          51          33          24          61
0000528          61          43          60          42
0000544          53          62
0000552
