0000000        1048     1862301        1921           0
0000016           0           0           0           0
0000032           0           0    17962231    17953776
0000048    17950783    17916455    17938844    17917467
0000064    17934729    17916774    17940615    17917432
0000080    17939587    17914460    17940171    17930876
0000096    17932126    17928995    17932419    17935277
0000112    17938742    17934006    17922952    17939135
0000128    17914926    17931572    17918520    17935908
0000144    17917797    17939065    17922684    17933727
0000160    17940790    17935592    17948435    17953554
0000176    17950865    17943608    17949530    17943612
0000192    17946934    17943284    17947047    17943663
0000208    17947907    17943063    17947449    17947228
0000224    17948044    17943690    17948049    17947273
0000240    17947818    17946695    17942825    17947638
0000256    17943409    17947068    17941686    17947196
0000272    17943283    17946752    17943086    17946989
0000288    17948964    17949364    17948775    17947645
0000304    17945896    17942846    17946331    17943160
0000320    17945506    17943330    17944665    17943014
0000336    17945511    17943216    17945600    17945352
0000352    17945399    17942204    17945661    17945150
0000368    17945238    17945485    17943097    17945625
0000384    17940900    17945733    17943037    17945641
0000400    17942589    17946244    17940707    17946228
0000416    17948144    17947931    17955112    17952534
0000432    17948471    17944692    17946155    17943996
0000448    17946735    17944400    17946380    17944135
0000464    17946321    17944310    17946377    17946245
0000480    17946094    17944098    17946320    17945619
0000496    17945899    17945833    17943763    17946358
0000512    17943407    17945211    17943747    17946100
0000528    17942772    17945683    17943575    17946615
0000544    17946417    17947855
0000552
