0000000       65205     1835071        1920           0
0000016           0           0           0           0
0000032           0           0        2020         509
0000048         676        1306        1345        3259
0000064         640        1310         462        1607
0000080         829        2872         643         992
0000096        1152         370        1959         635
0000112         817         907         405         528
0000128         541        1512         780        1227
0000144         525         387         435        1505
0000160        1225         936         124        2008
0000176         849        2747         953         496
0000192         951        1962         223         768
0000208        1348        1677        1067         598
0000224        1054         860         386        2812
0000240        1659         545        1450         999
0000256         395        1301        1590         887
0000272         852         869         770         506
0000288        1163         554        1264         934
0000304         626        1263         700        1679
0000320         661         765         957         790
0000336        1233         592        1193         830
0000352        1003         795        1595         414
0000368         833         860         567         595
0000384        2460        1060         319        1257
0000400         754        1259        1524         576
0000416        1541         730         309         496
0000432        1023         489         359         485
0000448         347         617         482         501
0000464         563        1043         588         415
0000480         515         567         469         320
0000496         642         304         631        1124
0000512         486         386         444         720
0000528         732         464         543        1096
0000544         642         913
0000552
