0000000       21625     2041940        1920           0
0000016           0           0           0           0
0000032           0           0          57          19
0000048          29          50          55          66
0000064          43          47          21          57
0000080          53          75          30          64
0000096          71          26          72          55
0000112          52          46          21          32
0000128          38          44          46          47
0000144          29          11          19          50
0000160          42          81           0          54
0000176          40          60          48          33
0000192          39          62           2          30
0000208          56          62          62          48
0000224          35          47          11          75
0000240          51          40          50          33
0000256          15          69          64          46
0000272          28          48          33          23
0000288          80          36          30          20
0000304          12          37          22          25
0000320          22           1          32          20
0000336          31           9          37           7
0000352           9          40          48           1
0000368          20          17           2           2
0000384          64           8           3          22
0000400          15          18          43           9
0000416          17           3           2          17
0000432          43          11           6          13
0000448           5          29          19          22
0000464          28          46          24           8
0000480           9          10          13           2
0000496          19           2          18          67
0000512          15           9           7          52
0000528          30          19          24          35
0000544          24          21
0000552
