0000000       37130     1971521        1921           0
0000016           0           0           0           0
0000032           0           0        2692        2413
0000048        3172        3571        3214        3250
0000064        3110        3388        2321        2963
0000080        2704        3338        2764        3415
0000096        2963        2057        3872        2778
0000112        2540        2661        2497        2298
0000128        3155        2984        2575        2664
0000144        2612        2234        2281        3091
0000160        2495        3931        1555        3149
0000176        2649        3201        2464        2410
0000192        3037        3232        1888        2286
0000208        2945        3490        2672        3095
0000224        2799        3071        2025        3515
0000240        3099        2560        3198        2476
0000256        2099        3169        3414        2655
0000272        2644        3509        2429        2385
0000288        3479        3111        2513        2129
0000304        2241        2993        2633        2481
0000320        2505        1989        2519        2440
0000336        2496        2141        2787        2639
0000352        2249        2628        3067        1882
0000368        2540        2630        2016        1900
0000384        3222        2650        1916        2524
0000400        2137        2467        3283        2403
0000416        2281        2739        1859        2520
0000432        2960        2697        1913        2556
0000448        2410        2582        2260        2514
0000464        2692        2924        2659        2644
0000480        2347        3507        2525        2211
0000496        2972        2183        2511        4547
0000512        2760        2159        2269        3138
0000528        3461        2252        2532        2673
0000544        2879        3588
0000552
