0000000       13791     1995049        1947           0
0000016           0           0           0           0
0000032           0           0        1530         466
0000048         685        2216        1913        2458
0000064        1619        1507         575        1947
0000080        1376        2617         831        2234
0000096        2028         457        2170        1481
0000112        1401        1626         535         658
0000128         897        1827        1455        1683
0000144        1091         284         400        1896
0000160        1403        2232          44        2651
0000176        1778        2524        1976         754
0000192        2411        2468         152        1320
0000208        2323        2634        2095        1782
0000224        1225        1829         230        2802
0000240        2072        1216        2396        1439
0000256         836        2081        2813        1606
0000272         876        1770        1112         753
0000288        2628        1190         882         471
0000304         259        1167         597         489
0000320         815         118         755         426
0000336         866         121         747         367
0000352         276        1280        1330          70
0000368         342         397          61          77
0000384        2226         212         103         578
0000400         204         300        1268         174
0000416         536         134          82         495
0000432        2011         188         260         308
0000448         146         608         420         442
0000464         819        1629         642         361
0000480         241         209         334         122
0000496         516          78         565        2238
0000512         419         208         134        1398
0000528         891         427         716        1492
0000544         851         645
0000552
