0000000        8741     2067247        1926           0
0000016           0           0           0           0
0000032           0           0           3           0
0000048           2           6           1           4
0000064           3           2           3           4
0000080           4          13           4           6
0000096           1           1           5           1
0000112           1           3           1           2
0000128           4           0           1           3
0000144           2           0           1           9
0000160           1           3           0          22
0000176           2           8           4           4
0000192           7          16           1           2
0000208           8          11           4           3
0000224           2           3           0          34
0000240           3           4           5           1
0000256           1           5          33           1
0000272           2           2           2           1
0000288           3           1           1           0
0000304           0           2           3           2
0000320           3           1           1           0
0000336           2           0           0           4
0000352           3           1           2           0
0000368           2           4           0           0
0000384           5           1           0           1
0000400           1           1           3           1
0000416           0           2           0           0
0000432           1           0           0           1
0000448           0           2           2           0
0000464           1           0           3           2
0000480           2           0           0           0
0000496           0           0           0           4
0000512           0           0           1           5
0000528           0           0           0           0
0000544           4           4
0000552
