0000000       50568     1912962        1923           0
0000016           0           0           0           0
0000032           0           0      177442      158150
0000048      195215      203403      194245      176516
0000064      176110      199035      161749      172928
0000080      164033      186524      185259      190010
0000096      170686      146816      209828      171425
0000112      153318      162231      174197      147706
0000128      192163      176024      166945      160826
0000144      165212      152004      149216      190493
0000160      159603      208770      140494      178606
0000176      169935      188648      155600      165090
0000192      178328      184160      150311      156306
0000208      180801      195948      166102      201100
0000224      173426      188447      155798      188270
0000240      187183      161678      193728      163530
0000256      146340      198488      179403      167284
0000272      169366      209959      165850      165618
0000288      197277      191678      167186      147709
0000304      155806      187755      171841      162594
0000320      164997      157952      177889      179298
0000336      173273      166724      186601      189681
0000352      162727      170878      196812      150337
0000368      168936      172684      159523      157703
0000384      201155      192531      153914      173860
0000400      159683      175437      209341      179404
0000416      166060      207722      155917      193864
0000432      182331      211323      146595      178251
0000448      182006      170140      167921      174841
0000464      187657      184368      178459      180414
0000480      181353      249643      178506      178979
0000496      198433      165400      177328      255716
0000512      192948      168060      178304      187450
0000528      206999      161624      166881      177548
0000544      184907      236908
0000552
