0000000       44880      788157        1922           0
0000016           0           0           0           0
0000032           0           0      159069      183807
0000048      122268      170552      141821      148253
0000064      138780      145673      146185      155952
0000080      133659      142263      150096      143244
0000096      174330      132042      142788      140046
0000112      160107      152140      131591      145999
0000128      147641      159193      154353      143922
0000144      129195      152797      135363      143681
0000160      135836      138694      125429      135452
0000176      161360      163523      148095      162069
0000192      128701      143039      149701      146286
0000208      148409      126700      156046      140760
0000224      125189      136693      124774      150694
0000240      134868      134782      144006      139122
0000256      139424      153136      145514      141731
0000272      148956      132538      131647      129229
0000288      127949      141809      144033      110707
0000304      130285      142558      126152      133602
0000320      141503      126958      125383      114158
0000336      136221      112287      130404      121252
0000352      191917      132658      131302      136807
0000368      126268      142644      122069      125521
0000384      149602      140248      127946      111090
0000400      114465      125609      128188      144336
0000416      114440      176374      166629      132933
0000432      114967      121981      130462      119911
0000448      156902      127222      140919      141251
0000464      137839      130107      135485      130522
0000480      180774      142534      121203      170541
0000496      136568      129188      125099      144781
0000512      129953      120550      141991      127109
0000528      140461      161728      122755      127246
0000544      163316      146998
0000552
