0000000       62927      799887        1923           0
0000016           0           0           0           0
0000032           0           0      157477      181484
0000048      121333      168387      141180      145356
0000064      137809      143851      144902      155737
0000080      132764      140663      148940      141735
0000096      173658      133005      141754      138316
0000112      160149      151656      130260      144843
0000128      145786      158344      154345      142285
0000144      127124      151787      134951      142635
0000160      136025      138942      124555      135537
0000176      161806      163764      147945      161406
0000192      127833      142931      149798      146556
0000208      147471      126390      155214      140195
0000224      124206      136475      124978      150862
0000240      134052      134397      144948      138476
0000256      138494      152955      145569      140372
0000272      147604      133019      130752      128086
0000288      127576      141869      142150      107834
0000304      128584      139318      121421      130594
0000320      139077      123480      122299      101982
0000336      134991      106794      120420      117113
0000352      190670      127682      128275      133135
0000368      122573      138934      116121      123805
0000384      147536      137438      122435      101773
0000400      110269      118415      124667      138415
0000416       93265      141402      155976      132591
0000432      115058      122209      128482      118333
0000448      156780      126535      138664      140327
0000464      136668      129675      134967      130832
0000480      180044      143241      120714      170482
0000496      134838      128038      124152      145433
0000512      129268      119004      141474      125903
0000528      139347      174619      121725      127740
0000544      162360      145200
0000552
