0000000       51730      710354        1922           0
0000016           0           0           0           0
0000032           0           0        1968         778
0000048         988        1439        2614        1020
0000064        1083        2705         893        3532
0000080         773        1176        2307        1744
0000096        4020        2022         856         362
0000112        3811        2498         651        1465
0000128        1104        1996        1325        1674
0000144         843         706         972        2010
0000160        2170        1344         149        1179
0000176        1986         892         633         621
0000192         266         775         577        1544
0000208         482         475        1434         602
0000224         429         560         376        1335
0000240         346         398         994         362
0000256         654        1157         454         423
0000272         453         490         363         262
0000288         358         550        3065         529
0000304        1257        1113        1644        1831
0000320        1044        1021         852        1445
0000336        3159        1040         552         743
0000352        3962         781        2710         817
0000368         707        1044         797        3581
0000384        2846        1379         836         600
0000400        1080         717        2405        1617
0000416         908         540         810         797
0000432         676         455         377         681
0000448         820         892         347        1098
0000464        1000         755         622         805
0000480        1778         585         589         706
0000496         482         679        1048         900
0000512         376         395         661         402
0000528        1158        1052         396         519
0000544        1256         535
0000552
