0000000       19432      722025        1921           0
0000016           0           0           0           0
0000032           0           0       21414       18332
0000048       16533       20995       23142       16022
0000064       15236       23576       15114       28335
0000080       13600       17021       21996       18736
0000096       30669       17147       15099       11276
0000112       27139       23312       13603       19558
0000128       15185       21888       17155       19825
0000144       14891       13754       14640       19323
0000160       22014       15290        5184       12285
0000176       16436       13142       11153       12397
0000192        7007       12527       10462       14566
0000208       10026        9522       15524       11598
0000224        8936        9838        8600       14446
0000240        8712        8765       12895        9259
0000256       10705       14566       10352       10529
0000272       10077        9618        8364        7856
0000288        8425       10160       35761       16099
0000304       24139       24068       32047       31035
0000320       21431       21579       20419       43313
0000336       37473       25132       20771       19701
0000352       54538       22904       42986       20412
0000368       19623       22193       21804       54241
0000384       36861       26244       26344       20474
0000400       27197       24606       38017       35538
0000416       36397       22939       17100       13374
0000432       11820       11551       10601       14625
0000448       15553       15722       10309       17510
0000464       15614       13573       12177       13197
0000480       23115       12632       12440       14831
0000496       12436       13107       14779       14436
0000512       10102       11864       13473       11338
0000528       18190       19205       10693       11802
0000544       19857       12822
0000552
