0000000       13998      850549        1920           0
0000016           0           0           0           0
0000032           0           0        3329        2801
0000048        1986        3292        3117        2749
0000064        2805        3220        2843        3655
0000080        2692        2477        3201        2702
0000096        3855        2695        2670        2200
0000112        4021        3321        2268        2892
0000128        3171        3320        3156        3051
0000144        2444        3050        2676        2925
0000160        2572        2955        1971        2804
0000176        3701        3757        2971        3258
0000192        2255        2931        3174        3508
0000208        2936        2406        3815        2773
0000224        2314        2795        2357        3024
0000240        2489        2632        2834        2867
0000256        3011        3487        2844        2592
0000272        3048        2707        2403        1988
0000288        2259        3168        2844        1701
0000304        2295        2548        2251        2413
0000320        2593        2147        2191        1736
0000336        2728        1693        1938        1939
0000352        3497        2012        2453        2338
0000368        2221        2519        1975        2385
0000384        2951        2520        2053        1799
0000400        2004        1999        2369        2346
0000416        1454        2346        2991        2532
0000432        2052        1982        2265        2106
0000448        3111        2330        2381        2748
0000464        2637        2551        2649        2751
0000480        4095        2685        2209        3262
0000496        2480        2637        2454        3097
0000512        2223        1983        2718        2219
0000528        2723        3589        2177        2386
0000544        3386        2746
0000552
