0000000       11764      698655        1922           0
0000016           0           0           0           0
0000032           0           0         167          76
0000048          68         134         185         111
0000064         107         201          97         281
0000080          99         123         208         148
0000096         311         166          78          31
0000112         287         212          47         122
0000128         133         171         164         154
0000144         104          77          87         185
0000160         167         138           8         123
0000176         208         145          87          56
0000192          17         101          58         192
0000208          39          55         193          81
0000224          55          76          39         142
0000240          32          32         114          35
0000256         100         133          46          37
0000272          40          50          25          16
0000288          21          82         172          39
0000304         109          64          83         133
0000320          98          81          75          79
0000336         195          82          40          52
0000352         245          60         146          85
0000368          57          96          56         181
0000384         195         108          66          38
0000400          75          70         135         113
0000416          46          25          72          92
0000432          73          36          21          40
0000448          84          77          15         122
0000464         108          99          51          80
0000480         184          73          38          62
0000496          31          75         106         113
0000512          24          26          51          32
0000528         114         100          31          41
0000544         124          45
0000552
