0000000    19081502    19085964    19081526    19086144
0000016    19081304    19084267    19081184    19085512
0000032    19084941    19085930    19064735    19065149
0000048    19065367    19062734    19064697    19063047
0000064    19062274    19063412    19063302    19062874
0000080    19063144    19063418    19063599    19062821
0000096    19063653    19062663    19062645    19063076
0000112    19062807    19062730    19061101    19062262
0000128    19060982    19061567    19060932    19061690
0000144    19060607    19062072    19060414    19061277
0000160    19062241    19061705    18627521    18627808
0000176    18625682    18621196    18622918    18620652
0000192    18622533    18620521    18622526    18620419
0000208    18623424    18620896    18623644    18622787
0000224    18625047    18620050    18623112    18623718
0000240    18622365    18622550    18619370    18621814
0000256    18618770    18622106    18618702    18621344
0000272    18618341    18621623    18618184    18624969
0000288    18622875    18622789        1753    13233226
0000304        1920           0           0           0
0000320           0           0           0           0
0000336    18528410    18389931    18328215    17541464
0000352    18293455    17153780    18245626    17187644
0000368    17929936    17090887    17900451    17369434
0000384    17961316    18169929    18160051    17539874
0000400    18085419    17993130    18111224    17785047
0000416    17187909    17929886    17263071    17865551
0000432    17439863    17870957    17338732    17756687
0000448    17263066    17843988    17890665    18005708
0000464    18874348    18860220    18854545    18843467
0000480    18849774    18839583    18844276    18841708
0000496    18838834    18842559    18842876    18838418
0000512    18836549    18838524    18831416    18830971
0000528    18832713    18834772    18828015    18825221
0000544    18824461    18824157
0000552
