0000000      188796      179840      181477      159229
0000016      149739      128881      244947      152376
0000032      141084      150208      154783      126576
0000048      138383      126175      142798      132967
0000064      117428      149072      118220      128878
0000080      131917      164408      141443      110247
0000096      121570      116973      124088      105779
0000112      109494      135827      133591      115904
0000128      111405      118380      120828      143187
0000144      121198      128022      141729      121917
0000160      128754      125069      299246      236098
0000176      213750      221589      272619      223637
0000192      234758      207334      236297      275877
0000208      321447      299750      264215      220088
0000224      312559      326670      218433      240314
0000240      216418      216364      182715      219763
0000256      211041      196832      298087      193906
0000272      177234      203627      293566      201079
0000288      173039      193128       63908    13281880
0000304        1917           0           0           0
0000320           0           0           0           0
0000336      103152       81652       41106       23975
0000352      106769       97973       42209       93637
0000368       64055       54819       26708      117626
0000384       50644      110812       67406       72214
0000400       42804       58084       39316      127197
0000416      101116       22189       38201       23050
0000432       50338       21231      132234       99494
0000448        8997       31707       35020       91334
0000464      101950      128971      125889      135628
0000480      111785       87061      136709      106578
0000496      117979      135013      115209      103680
0000512       91582      129815      131729      128511
0000528      122910      114802       80033       55372
0000544       68749       66315
0000552
