0000000         738         319         766         354
0000016          96          13         128          15
0000032          24          29         103         538
0000048         837         430         834         915
0000064          35         545         119         202
0000080         607        1214         259          45
0000096         178         217         149          14
0000112          48         233         492         244
0000128          24          57         118         258
0000144         114         166         799          76
0000160          86          90         858         928
0000176         558         799         249         515
0000192         166         394         490        1183
0000208         913         364        1201         771
0000224        1146         885         213          59
0000240          75         524         336         830
0000256         379         322         462         315
0000272         229         387         864         606
0000288         538          80       31542    13424023
0000304        1921           0           0           0
0000320           0           0           0           0
0000336          40          15           6           4
0000352          41          39           6          22
0000368           7           6           6          88
0000384           9          41          10          14
0000400          15           9           9         104
0000416          21           9           5           8
0000432           7           3         129          34
0000448           0           7          13          23
0000464          15          81          14         242
0000480          13           5         125          11
0000496          23          87          26          12
0000512           9          53         102          89
0000528          45          18           8           4
0000544           5           6
0000552
