0000000          17          14          28           7
0000016           4           4          15           5
0000032           7           3          10          21
0000048          24          18          29          30
0000064           3          17           6           7
0000080          18          40           9           1
0000096          11           9           6           6
0000112           8          11          15           8
0000128           3           5           5          13
0000144           4           7          36           7
0000160           8           4          25          40
0000176          18          23           9          11
0000192           3           8          12          28
0000208          34          12         108          22
0000224          40          36          10           9
0000240           4          16           8          27
0000256          11          16          14           9
0000272           7           7          31          19
0000288          17           8        7618    13465166
0000304        1922           0           0           0
0000320           0           0           0           0
0000336          10           5           1           0
0000352           4           6           3           4
0000368           2           3           1           9
0000384           2           8           2           4
0000400           4           1           1          12
0000416           7           0           0           0
0000432           1           0          18           6
0000448           0           0           0           4
0000464           2           7           1          12
0000480           3           1           7           4
0000496           5           2           4           1
0000512           0           9           9           9
0000528           6           4           0           0
0000544           1           0
0000552
