0000000       44723    12928225        1949           0
0000016           0           0           0           0
0000032           0           0         225         288
0000048          87          27         352         427
0000064          32         180         185         154
0000080         191         350         157         284
0000096         106         159         126          71
0000112          54         642         240          67
0000128          57          66          80          53
0000144         237         240          23          95
0000160          90         172           0           9
0000176          21          45          15          17
0000192          23          28          19          51
0000208          30           9          22          19
0000224          47          31          35          12
0000240          10           4          13           4
0000256          59          31          61          31
0000272          16          10          38          16
0000288          21          12         568         750
0000304         758        1124         722        1569
0000320         206        2273         423         931
0000336         873        1963         636         524
0000352        1344         839        1019         374
0000368         603         737         727         921
0000384         411        1054         606         969
0000400        1513        1075        2515        1147
0000416         744         636         144         291
0000432         121         283          65         161
0000448          52         110          84         378
0000464         146          54         219         134
0000480         228         162          46          15
0000496          31          81         110         129
0000512          72          60          53          59
0000528          94          78         159         118
0000544         231          57
0000552
