0000000        1356        1125        1390         939
0000016         690         332        1338         611
0000032         558         426         921        1059
0000048        1299         951        1287        1275
0000064         521        1166         709         881
0000080        1028        1847         906         514
0000096         760         752         825         371
0000112         532         866        1115         776
0000128         400         679         705        1049
0000144         719         775        1306         695
0000160         710         724        1759        1776
0000176        1128        1550         954        1158
0000192         729        1127        1112        2259
0000208        1858         999        2285        1414
0000224        2081        1863         841         533
0000240         634        1141         972        1492
0000256        1018         930        1037         865
0000272         886         980        1752        1215
0000288        1155         684       46046    13394808
0000304        1994           0           0           0
0000320           0           0           0           0
0000336         625         387          62          24
0000352         639         661          66         458
0000368         221         186          47         817
0000384         183         702         249         250
0000400          89         120          47        1019
0000416         592          22          49          30
0000432         116          19         927         533
0000448          11          57          63         464
0000464         246         708         511         864
0000480         345         163         859         309
0000496         528         801         483         202
0000512         205         725         909         810
0000528         697         450          52          25
0000544          75          50
0000552
