0000000       55605     1174986        1920           0
0000016           0           0           0           0
0000032           0           0       37293       34486
0000048       34233       35000       27048       32410
0000064       31691       30756       30327       34976
0000080       42611       26025       32240       27364
0000096       30970       25269       35701       27869
0000112       32175       34058       33258       27627
0000128       31371       27039       30750       40416
0000144       34332       34774       36166       32096
0000160       33263       27103       32724       32564
0000176       29299       37003       33171       31894
0000192       42577       35601       29222       33444
0000208       28360       32587       33312       27109
0000224       33876       30901       26178       32502
0000240       30114       33782       36132       28733
0000256       31460       28877       31989       40778
0000272       33150       35919       31903       26649
0000288       28020       31972       29451       29049
0000304       27798       29513       33142       35244
0000320       26643       31867       38710       36425
0000336       31654       30904       29803       41566
0000352       58839       30097       33487       30609
0000368       31495       29892       27126       34997
0000384       27420       27517       36697       33331
0000400       29570       29424       28868       25428
0000416       32773       40339       28947       29271
0000432       32498       27848       30689       33533
0000448       30755       28716       35006       29683
0000464       33654       32601       30228       25806
0000480       28532       26951       27810       28900
0000496       30407       36964       36955       30010
0000512       32099       35493       28513       32527
0000528       31002       27339       25976       28150
0000544       27006       27804
0000552
