0000000       39552     1083540        1921           0
0000016           0           0           0           0
0000032           0           0       54288       53286
0000048       49481       49554       32814       47771
0000064       47614       38627       45564       43071
0000080       52853       32332       46889       33672
0000096       41361       31284       48772       35112
0000112       39741       43001       46857       33945
0000128       46262       33135       37437       50223
0000144       51847       49955       52865       47722
0000160       47920       36517       39166       41820
0000176       39635       59340       55846       38984
0000192       72520       56287       41420       56378
0000208       35413       52485       41621       33526
0000224       51987       37962       31298       51542
0000240       41826       55853       61751       36389
0000256       49754       40195       40284       61064
0000272       40807       59516       39541       32712
0000288       34298       38947       46738       52865
0000304       48111       49486       58061       61333
0000320       45448       63204       59447       59254
0000336       54723       60410       57804       71169
0000352       69781       43376       50370       56238
0000368       55700       55954       47246       56341
0000384       48210       41209       66299       53076
0000400       49700       48648       45157       36703
0000416       52763       75013       54457       51302
0000432       56578       54642       57086       60084
0000448       51661       51671       59775       49707
0000464       59556       57543       51992       44666
0000480       45535       45358       41048       54620
0000496       49233       63456       70898       43926
0000512       50833       66155       53535       60454
0000528       52572       44963       41124       44305
0000544       38079       42647
0000552
