0000000       35841     1215980        1919           0
0000016           0           0           0           0
0000032           0           0       33612       31010
0000048       30288       30795       22284       29267
0000064       28198       26057       27200       28971
0000080       36881       21503       28907       23216
0000096       27384       20855       31833       22538
0000112       27779       29974       29519       23629
0000128       27908       21972       26826       34843
0000144       30795       30898       32575       28541
0000160       29513       24165       22953       28680
0000176       26119       33393       29972       27893
0000192       39111       32209       26273       30223
0000208       24986       29366       29353       23583
0000224       30284       27414       21345       29290
0000240       26505       30412       33118       25255
0000256       28616       25797       27711       36321
0000272       28839       32865       27602       22731
0000288       23586       26560       26519       26730
0000304       25012       26528       30162       32312
0000320       24146       29905       35080       32966
0000336       29052       28806       27742       38728
0000352       55026       26707       29976       28381
0000368       28791       27989       24585       31242
0000384       25084       24748       33984       30409
0000400       26851       26672       26220       22809
0000416       30284       37316       27114       26454
0000432       29553       25817       28446       30850
0000448       27941       25895       31901       27406
0000464       30838       29695       27432       23808
0000480       26008       25085       24858       26500
0000496       27708       33731       34085       26822
0000512       29594       33013       26613       30303
0000528       28682       24815       23622       25356
0000544       24127       24935
0000552
