0000000       12882      846282        1921           0
0000016           0           0           0           0
0000032           0           0      250970      238105
0000048      241682      244724      194568      223072
0000064      210874      212213      209520      240309
0000080      281620      194051      218248      198784
0000096      223319      189111      239673      205836
0000112      225636      230808      225179      195125
0000128      209901      196409      210649      296576
0000144      223135      240095      239509      223922
0000160      237482      191957      231975      220092
0000176      208368      237301      215600      215248
0000192      277101      234966      201718      222459
0000208      198335      223612      224233      193005
0000224      233263      207127      185145      227058
0000240      199658      230399      237898      198578
0000256      219480      200651      228931      284179
0000272      226203      226025      214378      195408
0000288      201492      226195      189456      191245
0000304      178090      190104      212770      214756
0000320      178897      205360      245904      237562
0000336      200710      206713      197978      291767
0000352      423106      200463      221175      190357
0000368      197542      183995      176914      219579
0000384      177534      181967      224084      217812
0000400      189759      182675      194475      177867
0000416      217995      238107      190603      190090
0000432      212619      183074      195948      203708
0000448      196640      182514      227897      199627
0000464      209903      213905      194286      170705
0000480      184952      180527      184837      186685
0000496      206229      255260      245982      192560
0000512      211599      228352      182199      203186
0000528      198058      174936      170391      181753
0000544      179850      182841
0000552
