0000000        4013      912396        1920           0
0000016           0           0           0           0
0000032           0           0      253457      240473
0000048      243980      245450      196547      226686
0000064      213330      216143      212480      242169
0000080      286843      196276      220973      200037
0000096      225946      192387      242898      209483
0000112      227914      234093      228189      198575
0000128      211965      199118      213548      300901
0000144      226658      242735      244789      226729
0000160      240824      194396      235231      223277
0000176      211031      240269      217154      218035
0000192      281008      237724      204033      224981
0000208      200841      227469      227491      195731
0000224      234717      211046      188212      229137
0000240      203174      232552      241135      201921
0000256      221437      202603      234476      289524
0000272      228925      228807      217485      197323
0000288      204315      229204      192598      193026
0000304      181686      192528      216563      217378
0000320      180563      209704      245712      240911
0000336      203069      209766      198963      297498
0000352      429536      204761      223738      192384
0000368      199356      187050      179126      221566
0000384      179051      186405      227472      221388
0000400      191500      185425      196603      182501
0000416      221883      240493      193006      194183
0000432      216275      185067      199435      206624
0000448      199902      184769      231234      202881
0000464      213990      217495      196028      173341
0000480      187091      183679      187506      188250
0000496      208972      259195      247923      196460
0000512      213947      232389      185917      206672
0000528      201766      177502      172338      184756
0000544      181506      186157
0000552
