0000000       40619     1163249        1919           0
0000016           0           0           0           0
0000032           0           0       38186       35327
0000048       35175       36225       28006       33245
0000064       32567       31895       30861       36262
0000080       44384       26854       33218       28403
0000096       31753       26289       36382       28665
0000112       33283       35049       33954       28684
0000128       31801       27781       31602       42062
0000144       35071       35847       37233       33222
0000160       33830       28056       33930       33275
0000176       30109       38370       33199       32551
0000192       42862       36017       29774       33692
0000208       29036       33011       33876       27829
0000224       34480       31505       26967       32991
0000240       30644       34377       36593       29352
0000256       31814       29724       32717       41356
0000272       33798       36482       32682       27581
0000288       29087       33196       30079       29221
0000304       28132       30279       33776       35681
0000320       27080       32327       39076       36663
0000336       32251       31385       30788       43104
0000352       60550       30590       33860       30380
0000368       31428       30604       27588       35774
0000384       28475       28074       37768       34381
0000400       30264       29680       29281       26318
0000416       33138       40971       29434       29641
0000432       32605       28654       31360       33888
0000448       31048       28747       35675       30757
0000464       33921       32783       31002       26688
0000480       28761       27870       28377       29503
0000496       31227       37855       37848       30631
0000512       32842       36076       28972       32800
0000528       32006       27983       26781       28451
0000544       27710       28204
0000552
