0000000       46786     1188638        1921           0
0000016           0           0           0           0
0000032           0           0       36263       33741
0000048       32891       34094       26118       31439
0000064       31075       29541       29335       33871
0000080       41012       25062       31295       26352
0000096       30170       24611       34877       26583
0000112       31226       32805       32014       26901
0000128       30464       25921       29552       39016
0000144       33429       33382       34945       31200
0000160       31961       26407       31282       31250
0000176       28401       36281       32034       30518
0000192       41747       34295       28120       32803
0000208       27250       32037       31953       26146
0000224       32842       29732       25075       31524
0000240       28842       32691       35418       27992
0000256       30278       28302       30487       39201
0000272       31433       35106       30456       25837
0000288       26847       30634       28582       28342
0000304       27194       28600       32633       34487
0000320       26231       31100       37670       35241
0000336       31256       30369       29537       41408
0000352       58028       29332       32411       30110
0000368       30545       29595       26244       33932
0000384       26997       26559       36074       32977
0000400       29022       28656       28319       24578
0000416       31688       39127       28116       28473
0000432       31819       27654       30211       32659
0000448       29805       28024       33946       29370
0000464       32408       31677       29220       25475
0000480       27785       27052       26895       28407
0000496       30047       35971       36656       29148
0000512       31826       34583       28032       32016
0000528       30500       26925       25282       27538
0000544       26111       26724
0000552
