0000000       14667      873501        1922           0
0000016           0           0           0           0
0000032           0           0      251812      238684
0000048      242200      245684      196294      224085
0000064      211147      215350      210837      241410
0000080      285442      195527      220029      198238
0000096      224932      190784      241334      207208
0000112      225166      231054      226368      196501
0000128      210811      197053      212791      297800
0000144      223668      240351      241687      224607
0000160      239172      192904      232567      221406
0000176      208782      238665      216668      216065
0000192      277827      236214      201177      222942
0000208      199442      224879      224712      193628
0000224      233754      208389      186030      226928
0000240      201776      231211      238216      202099
0000256      219718      200162      230759      285810
0000272      227228      228432      215421      196513
0000288      202825      228217      190705      192333
0000304      180115      192188      213870      216245
0000320      179880      207408      246263      239833
0000336      202254      208285      198525      286716
0000352      426496      202610      221231      192575
0000368      196963      185026      177588      219833
0000384      178588      183651      225572      220167
0000400      189487      183663      194441      179919
0000416      219726      238811      190468      191616
0000432      214194      184039      196519      205137
0000448      197661      183150      228318      201473
0000464      210746      213999      195363      171245
0000480      185854      181127      184407      187582
0000496      207167      257604      245513      193511
0000512      211806      230114      183132      204584
0000528      200008      175349      171179      182925
0000544      181020      183911
0000552
