0000000       36104     1005783        1920           0
0000016           0           0           0           0
0000032           0           0      248340      234215
0000048      237790      239266      191477      221360
0000064      209939      209016      208971      235805
0000080      278309      192055      218315      195584
0000096      222153      187757      237594      204119
0000112      222267      228284      224603      195267
0000128      209473      193995      208782      287736
0000144      223123      237678      239946      223382
0000160      235739      192163      225867      218065
0000176      206347      237464      215604      214370
0000192      276176      235749      201749      221234
0000208      197843      222311      222070      191842
0000224      232527      206069      183936      225812
0000240      200478      229530      238515      199385
0000256      219094      199387      228650      282028
0000272      224135      226179      211692      193252
0000288      199172      223410      187797      190246
0000304      177531      189433      210730      213929
0000320      177122      206239      241972      236448
0000336      201263      207028      197341      284057
0000352      411706      200887      218524      191797
0000368      195664      186308      175511      219760
0000384      176861      182266      225391      217090
0000400      188198      182259      193363      179395
0000416      216416      236972      188814      189492
0000432      211616      183211      194198      203813
0000448      195863      181081      227996      200592
0000464      210668      212491      194791      170792
0000480      184553      180243      183238      187082
0000496      205716      254211      244091      192761
0000512      210902      228074      180213      203463
0000528      198584      174762      170095      180649
0000544      178286      182426
0000552
