0000000       45113     1149645        1920           0
0000016           0           0           0           0
0000032           0           0       38700       35937
0000048       35748       37200       28672       33925
0000064       33422       32912       31649       37574
0000080       45132       28018       33775       28940
0000096       32984       26894       37079       29803
0000112       34478       35720       34546       29211
0000128       32616       28707       32471       42597
0000144       35732       36641       37938       33553
0000160       34133       28277       35162       33995
0000176       30540       38566       33929       33418
0000192       44050       36911       30171       34740
0000208       29659       33691       34684       28755
0000224       34895       32413       28058       33737
0000240       30729       34991       37670       30263
0000256       32760       30190       33835       42439
0000272       34892       37151       33297       28758
0000288       29832       33814       30229       30183
0000304       28585       30406       34589       35986
0000320       27418       33692       41599       37705
0000336       32527       32670       31353       43769
0000352       61493       31321       34889       31571
0000368       32308       30830       28225       35819
0000384       28502       28589       38172       34688
0000400       30766       29984       30064       26582
0000416       34101       42166       29946       29863
0000432       33443       29432       32011       34145
0000448       31263       29255       36461       31078
0000464       34228       33366       31162       26863
0000480       29718       28364       28721       30195
0000496       32014       38484       38954       31612
0000512       33376       36547       29688       33661
0000528       32470       28336       27210       29286
0000544       28154       28560
0000552
