0000000       55075     1031070        1920           0
0000016           0           0           0           0
0000032           0           0      231612      228545
0000048      221989      207463      111369      208951
0000064      198180      136924      198158      131631
0000080      192802      113591      203068      131882
0000096      191115      103786      212168      119818
0000112      161933      199788      204626      128673
0000128      198115      111990      171004      207956
0000144      217100      223122      228852      211440
0000160      220499      153860       93685      208540
0000176      199581      234039      213729      190274
0000192      274232      233086      194929      220635
0000208      177099      221179      204486      168529
0000224      227767      182050      113146      221483
0000240      187043      226793      234443      173896
0000256      213688      181711      198013      266884
0000272      189883      224037      180142      133953
0000288      135398      143985      187128      189136
0000304      176187      189061      209206      212869
0000320      176472      205601      246756      234757
0000336      199544      205377      196438      286693
0000352      408573      197766      215595      189376
0000368      195489      183967      174862      216942
0000384      176125      180458      222791      215512
0000400      186139      180848      190968      172192
0000416      213919      234817      188044      187989
0000432      209893      181342      193371      202152
0000448      194811      180570      225727      197856
0000464      209284      211571      192869      169844
0000480      182735      179201      181136      186143
0000496      203271      251138      241673      189201
0000512      207653      226129      180515      201342
0000528      198435      173039      167889      178918
0000544      171943      179206
0000552
