0000000       63664      925997        1920           0
0000016           0           0           0           0
0000032           0           0      254659      241617
0000048      244248      247936      196925      226329
0000064      213570      217315      213362      243419
0000080      287032      198747      221284      200510
0000096      227150      192630      244596      209583
0000112      228504      234965      229131      198930
0000128      213586      199510      214655      302086
0000144      226937      243887      245951      227222
0000160      241323      195428      234625      224055
0000176      211314      241173      219960      218607
0000192      282724      240026      204069      226593
0000208      202134      227254      228124      196505
0000224      237298      210689      189154      229027
0000240      204083      234687      241917      202822
0000256      222382      202714      234590      288192
0000272      230244      228704      218061      197563
0000288      203737      229625      193432      194898
0000304      181919      193202      216927      218768
0000320      181317      210457      244634      242265
0000336      203573      210631      201191      295088
0000352      426517      204494      224112      193892
0000368      199820      187798      179157      222213
0000384      180183      186823      227916      221235
0000400      191401      186256      197244      183055
0000416      221985      241034      194178      194437
0000432      217175      185788      199139      207348
0000448      200620      184135      232475      203200
0000464      214639      217477      197440      173376
0000480      187673      183748      187505      190118
0000496      209624      259178      250664      196533
0000512      215673      232758      184653      206637
0000528      201664      177961      172082      184810
0000544      181944      186298
0000552
