0000000        9604     2167063        9554           0
0000016           0           0           0           0
0000032           0           0    49002502    49344376
0000048    49499984    49141365    48868881    49029037
0000064    49317679    49175259    49052962    49449344
0000080    49611384    49197326    49189056    49949231
0000096    49705574    50516234    49096275    49769118
0000112    50006876    49323930    50127640    48912178
0000128    49533701    49087440    50369977    49152887
0000144    49622004    49187747    50412466    49346800
0000160    48535510    49253975    25032778    24938559
0000176    24274214    25323114    25512561    25379128
0000192    24586649    24810445    24915916    26077222
0000208    25251855    25688194    24779314    25132284
0000224    25009483    27136129    24331893    24575438
0000240    24928018    24640544    24639692    24307965
0000256    26121024    23032643    25150391    23388314
0000272    25796348    25015935    24577778    23803710
0000288    23260359    24080851      438465      390522
0000304      418631      489933      477982      468847
0000320      765908      665977      658580      371777
0000336      627728      669045      552679      494653
0000352      578140      788526      461801      665862
0000368      634948      589378      471561      657908
0000384      416337      402799      449472      490346
0000400      457636      522982      391471      466574
0000416      573275      572713    41745843    42635022
0000432    42198426    42801304    41693351    43181686
0000448    43621127    40861205    41753746    44083740
0000464    43516186    45104375    43706520    44132753
0000480    42210371    49496335    42650745    43340426
0000496    44093333    42764214    42651018    41609540
0000512    47560799    41303037    46641578    41857682
0000528    43935999    40334485    41959908    39323776
0000544    40880369    41725535
0000552
