0000000       28976     2876550        9561           0
0000016           0           0           0           0
0000032           0           0           1           3
0000048           2           2           1           3
0000064           5           2           2           5
0000080           4           2           4           6
0000096           0           2           1           2
0000112           0           1           2           4
0000128           5           1           0           1
0000144           3           8           0           2
0000160           2           1           2           0
0000176           1           0           2           3
0000192           0           5           3           0
0000208           1           7           0           2
0000224           5           1           1           0
0000240           1           1           1           0
0000256           2           1           3           1
0000272           0           1           2           2
0000288           1           1           2           3
0000304           2           2           1           2
0000320           3           2           3           2
0000336           5           2           0           0
0000352           7           3           1           1
0000368           2           2           1           2
0000384           3           2           2           3
0000400           2           1           2           1
0000416           1           2           2           4
0000432           3           4           3           2
0000448           2           2           1           2
0000464           2           1           2           1
0000480           2           4           2           2
0000496           1           1           0           1
0000512           4           3           1           0
0000528           2           2           7           2
0000544           3           1
0000552
