0000000       62550     2741261        9555           0
0000016           0           0           0           0
0000032           0           0           3           3
0000048           2           2           4           4
0000064           3           2           3           6
0000080          13           6          25          11
0000096           3           4           4           9
0000112           6           5           5           2
0000128           7           2           6           6
0000144           6           8           7           6
0000160           3           2           2           0
0000176           5           1           3           4
0000192           3           9           6           3
0000208           1          24           4           1
0000224          27           2           2           2
0000240           1           3           2           1
0000256           4           7           4           3
0000272           2           5          14           4
0000288           4           5           2           3
0000304           1           5           4           1
0000320          12           3           7           5
0000336           7           4           4           7
0000352          19           5           1           3
0000368           5           2           3           7
0000384           6           4           5           9
0000400           1          12           3           1
0000416           0           1           6          19
0000432          13          31           6          10
0000448           3           6           5           5
0000464           2           4           5           6
0000480           6          46          10           2
0000496           2           7           7           3
0000512          11           8           2           5
0000528           5           1          11           1
0000544           3           1
0000552
