0000000       24623     2760573        9556           0
0000016           0           0           0           0
0000032           0           0           6           0
0000048           4           1           5           3
0000064           5           2           2           3
0000080           6           4          11           9
0000096           3           4           8           5
0000112           2           5           3           7
0000128           2           9           3           4
0000144           8           4           3           4
0000160           3           4           3           4
0000176           4           3           1           4
0000192           4           7           4           2
0000208           3          12           1           5
0000224           8           6           2           3
0000240           4           2           3           9
0000256           5           5           3           3
0000272           4           7           6           0
0000288           3           3           5           3
0000304           4           1           4           6
0000320           5           4           6           2
0000336           4           7           7           4
0000352           9           3           5           4
0000368           5           2           3           4
0000384           2           9           6           7
0000400           3           9           2           2
0000416           2           5           2           3
0000432           8          13           6           5
0000448           6           5           4           3
0000464           4           4           2           3
0000480           5          18           4           5
0000496           6           2           7           1
0000512           4           5           4           0
0000528           7           3           8           3
0000544           7           2
0000552
