0000000       42301     2041584        9551           0
0000016           0           0           0           0
0000032           0           0    32982542    32782385
0000048    32683600    32584928    32678478    32751295
0000064    32601331    32868255    32529993    32694922
0000080    32574572    32770059    32921650    32743914
0000096    33020436    32704805    32916743    32470673
0000112    32712477    32739844    32506009    32764215
0000128    32490591    32568583    32155500    32655059
0000144    32502720    32515316    32319126    32572208
0000160    32939273    32628005    84431773    84329201
0000176    84297578    84104443    84286732    84081130
0000192    84253066    84116481    84208008    84115546
0000208    84225620    84090524    84242663    84262382
0000224    84249912    84121030    84233076    84222469
0000240    84201892    84204770    84100057    84199552
0000256    84071551    84161579    84071134    84210381
0000272    84070358    84136338    84042280    84172673
0000288    84181640    84197392    88480825    88453880
0000304    88422937    88243007    88349595    88235142
0000320    88340111    88236661    88320783    88232363
0000336    88326304    88239969    88348811    88343601
0000352    88320454    88240254    88342019    88321750
0000368    88333088    88289233    88215590    88307549
0000384    88217953    88276770    88217352    88295308
0000400    88211448    88287839    88213827    88293112
0000416    88329077    88350192    84121185    84049141
0000432    84006359    83782945    83938752    83765195
0000448    83981911    83804746    83933937    83817797
0000464    83959423    83848280    83981569    84023789
0000480    83981219    83846953    83952731    84007591
0000496    84028473    83903149    83786803    83923885
0000512    83780419    83870731    83774361    83889160
0000528    83740789    83861080    83743919    83855355
0000544    83867631    83952614
0000552
