0000000       14612     2468724        9557           0
0000016           0           0           0           0
0000032           0           0        3635        3184
0000048        2443        2160        3390        3646
0000064        1745        4053        2846        4329
0000080        4117        4012        4628        4194
0000096        4035        4514        3369        4383
0000112        3690        3924        3352        3022
0000128        4122        3449        4081        4192
0000144        4174        4208        4276        4163
0000160        3775        3681         289        3030
0000176        3477        1918        3291        3357
0000192        1944        4370        4400        2998
0000208        1968        5474        3163        2872
0000224        5216        4190         922        1571
0000240        2585        3397        3199        3915
0000256        1783        3286        2921        1217
0000272         816        4571        4301        2235
0000288        3751        3964        3255        1497
0000304        2623        2895        3212        2879
0000320        4287        3148        3700        2173
0000336        4171        3526        2825        2455
0000352        4781        2842        2758        2602
0000368        3070        2314        3821        3353
0000384        2485        2832        1946        4019
0000400        1899        5169        1240        1807
0000416         878        3459        2704        5295
0000432        4419        4854        3170        3764
0000448        2537        2234        4284        3414
0000464        2808        2744        3912        3122
0000480        2983        3471        3650        2895
0000496        2281        3980        3113        3606
0000512        3114        4066        2817        2668
0000528        3959        2990        5914        3388
0000544        3701        2918
0000552
