0000000       50778     1898723        9558           0
0000016           0           0           0           0
0000032           0           0           4           4
0000048           2           2           6           6
0000064           4           3           5           4
0000080          10           6          11          12
0000096           3           6           2           4
0000112           2           5           1           3
0000128           3           1           6           6
0000144           4           6           4           2
0000160           3           3           3           4
0000176           8           9           3           7
0000192           6           9          10           6
0000208           2          15           8           2
0000224          20           9           2           4
0000240           4           3           5          10
0000256           4          13           5           4
0000272           2           9           9           4
0000288          14           7          18           4
0000304          10          16          15          11
0000320          25          17          17          18
0000336          21          16           7           7
0000352          44           6          15           7
0000368          16           8          23          15
0000384          11          17           5          33
0000400           7          49          12          10
0000416           7          20           6           8
0000432           9          10           8           7
0000448           6           5           5           9
0000464           3           8          12           5
0000480           7          15          11           4
0000496           6           8           6          13
0000512           8          14           2           6
0000528          12           4          23           5
0000544           9           7
0000552
