0000000       36902     3108489        9560           0
0000016           0           0           0           0
0000032           0           0           1           1
0000048           0           2           2           1
0000064           0           0           0           1
0000080           0           1           3           2
0000096           1           0           2           2
0000112           2           2           1           2
0000128           1           2           1           1
0000144           0           2           2           3
0000160           1           1           0           2
0000176           0           0           0           2
0000192           1           0           1           2
0000208           1           1           0           1
0000224           2           2           1           1
0000240           1           2           0           0
0000256           1           3           1           1
0000272           1           1           1           3
0000288           1           1           3           2
0000304           2           4           1           2
0000320           1           2           0           1
0000336           0           2           2           2
0000352           2           1           2           0
0000368           4           2           0           0
0000384           1           1           1           0
0000400           0           0           2           0
0000416           0           3           0           2
0000432           1           1           1           0
0000448           0           0           2           2
0000464           0           2           1           1
0000480           0           1           3           0
0000496           0           0           1           0
0000512           0           2           0           1
0000528           0           1           2           0
0000544           3           3
0000552
