0000000       64096     2350673        9581           0
0000016           0           0           0           0
0000032           0           0        6668        5842
0000048        5009        4888        6403        6324
0000064        4348        7951        5547        8331
0000080        9070        7449        9363        8628
0000096        7408        9214        6522        8667
0000112        6905        7063        6553        5961
0000128        7429        6565        7908        7872
0000144        7704        8520        7752        8132
0000160        6621        6878        3387        5793
0000176        6411        4701        6082        6477
0000192        4313        7615        7812        5678
0000208        4612       11088        5855        5506
0000224       10756        8018        3781        4262
0000240        5386        6041        6382        7067
0000256        4834        5785        5403        4101
0000272        3920        8553        7460        4958
0000288        6822        7104        5228        3611
0000304        4464        4832        5286        4937
0000320        7079        5611        6133        4242
0000336        6422        5926        4755        5344
0000352        7584        5278        4963        4616
0000368        5224        4910        6802        5708
0000384        4712        4955        4603        6347
0000400        4920        7963        4142        4513
0000416        3598        5601        5325       10501
0000432        8930       10399        6209        7592
0000448        5289        4692        7998        6902
0000464        5603        5661        8087        6648
0000480        5785       13762        6923        5582
0000496        4923        7785        6144        6843
0000512        6512        7517        5549        5469
0000528        7712        6693       11496        6544
0000544        7272        5998
0000552
