0000000       50626     2934560        9553           0
0000016           0           0           0           0
0000032           0           0           2           2
0000048           1           0           3           1
0000064           1           3           0           2
0000080           2           1           1           3
0000096           1           2           1           2
0000112           1           0           2           3
0000128           3           5           1           0
0000144           4           2           1           1
0000160           2           4           4           1
0000176           1           2           1           2
0000192           1           0           2           4
0000208           0           4           0           0
0000224           1           1           2           3
0000240           3           0           3           5
0000256           4           0           3           2
0000272           0           2           0           3
0000288           4           5           3           1
0000304           1           1           2           2
0000320           3           2           1           2
0000336           4           3           1           1
0000352           2           0           1           0
0000368           1           1           4           1
0000384           1           2           2           1
0000400           1           3           1           0
0000416           0           2           3           0
0000432           1           3           2           2
0000448           4           0           3           2
0000464           3           0           0           1
0000480           1           4           2           2
0000496           3           1           1           2
0000512           1           2           4           3
0000528           1           2           3           1
0000544           1           2
0000552
