0000000       36512     2663910        9557           0
0000016           0           0           0           0
0000032           0           0          45          49
0000048          17          15          53          77
0000064          11          81          34         100
0000080          93          83         116          97
0000096          62          96          30          92
0000112          65          72          48          55
0000128          94          56          93          88
0000144          81          80          72          75
0000160          61          77           2          36
0000176          73          14          48          41
0000192          27          74          89          50
0000208           8         132          37          31
0000224         119          77           7          14
0000240          23          54          38          61
0000256          10          59          39           6
0000272           8         103          85          18
0000288          76          66          59          17
0000304          60          62          69          56
0000320          99          66          83          29
0000336          91          67          74          41
0000352         131          38          68          51
0000368          55          35          70          67
0000384          48          54          27          95
0000400          16         155          12          20
0000416           5          88          49         103
0000432          93         124          69          79
0000448          44          32          90          72
0000464          48          33          88          56
0000480          42          85          79          29
0000496          20          77          62          56
0000512          73         100          29          42
0000528          69          33         124          59
0000544          66          47
0000552
