0000000       34701     3359811        9557           0
0000016           0           0           0           0
0000032           0           0           3           5
0000048           1           0           0           1
0000064           3           2           0           1
0000080           0           3           0           1
0000096           0           1           1           2
0000112           1           0           0           0
0000128           0           1           4           2
0000144           1           0           0           2
0000160           0           0           0           0
0000176           1           0           0           2
0000192           1           1           0           0
0000208           0           0           1           0
0000224           1           1           2           1
0000240           1           0           1           2
0000256           0           4           0           2
0000272           1           0           1           0
0000288           0           0           0           0
0000304           0           1           1           0
0000320           0           0           0           0
0000336           0           0           1           1
0000352           2           3           2           0
0000368           2           2           3           0
0000384           2           0           0           2
0000400           0           1           1           0
0000416           0           0           0           0
0000432           1           1           2           1
0000448           0           2           1           0
0000464           2           1           0           2
0000480           1           3           0           2
0000496           0           2           0           1
0000512           1           0           3           1
0000528           1           0           0           0
0000544           4           1
0000552
