0000000       45697     3263130        9560           0
0000016           0           0           0           0
0000032           0           0           0           1
0000048           1           1           0           0
0000064           0           0           1           0
0000080           2           2           0           0
0000096           0           0           0           2
0000112           0           2           0           0
0000128           2           1           0           2
0000144           2           2           1           1
0000160           1           1           2           2
0000176           0           1           2           0
0000192           0           2           0           3
0000208           1           1           1           2
0000224           3           3           3           1
0000240           1           0           2           1
0000256           2           0           0           1
0000272           2           1           1           1
0000288           1           0           1           0
0000304           0           3           3           2
0000320           1           1           1           0
0000336           2           1           0           2
0000352           0           6           0           1
0000368           1           0           0           1
0000384           0           0           1           0
0000400           0           1           1           2
0000416           1           0           2           1
0000432           2           1           1           1
0000448           0           0           2           1
0000464           0           0           2           1
0000480           1           0           3           3
0000496           0           3           1           2
0000512           3           0           1           0
0000528           0           1           1           0
0000544           1           2
0000552
