0000000       37787     3166450        9557           0
0000016           0           0           0           0
0000032           0           0           0           1
0000048           0           1           0           3
0000064           3           1           0           2
0000080           0           2           0           1
0000096           2           1           2           1
0000112           1           0           2           2
0000128           2           2           1           3
0000144           2           2           3           1
0000160           1           4           1           1
0000176           2           2           0           0
0000192           2           0           1           1
0000208           1           0           3           3
0000224           1           1           5           2
0000240           2           2           1           1
0000256           1           3           2           0
0000272           2           2           1           1
0000288           1           3           0           2
0000304           1           0           0           3
0000320           2           1           0           0
0000336           1           2           0           0
0000352           1           1           1           0
0000368           1           3           1           0
0000384           2           2           1           3
0000400           0           1           0           1
0000416           1           0           2           1
0000432           1           1           1           0
0000448           1           1           3           3
0000464           1           0           2           2
0000480           0           1           1           1
0000496           0           0           0           1
0000512           2           0           0           0
0000528           1           1           0           0
0000544           0           0
0000552
