0000000       10188     1941181        9559           0
0000016           0           0           0           0
0000032           0           0          36          19
0000048          10           9          26          42
0000064           9         107          11          93
0000080          90          57         111          63
0000096          51          73          32          48
0000112          29          37          21          16
0000128          46          19          52          49
0000144          63          30          27          40
0000160          38          49           5          59
0000176         155          19          89          87
0000192          47         195         164          73
0000208          30         358          65          77
0000224         346         124          21          31
0000240          50          75         125         154
0000256          27         150          75          44
0000272          13         179         174          75
0000288         197         129         305         218
0000304         221         253         326         240
0000320         415         299         297         265
0000336         408         310         253         233
0000352         615         201         301         175
0000368         255         223         439         284
0000384         237         319         221         491
0000400         261         627         199         215
0000416         116         362          62         170
0000432         155         239         118         166
0000448          27          58          69         109
0000464          50          88         180          62
0000480          87         159         107          33
0000496          26         113          76          91
0000512          83         135          34          67
0000528         144          51         281          97
0000544          88          90
0000552
