0000000       35631     2799233        9557           0
0000016           0           0           0           0
0000032           0           0           3           4
0000048           0           4           6           3
0000064           1           3           1           6
0000080           3           1           4           2
0000096           5           7           4           3
0000112           6           6           4           3
0000128           5           9           5           2
0000144           5           8           6           6
0000160           4           2           2           2
0000176           4           1           5           3
0000192           1           4           3           3
0000208           4          10           2           3
0000224           6           2           2           3
0000240           3           5           8           4
0000256           2           5           3           2
0000272           2           1           4           2
0000288           4           6           3           2
0000304           2           7           3           3
0000320          10           4           7           2
0000336           6           6           6           2
0000352           3           7           2           3
0000368           1           3           5           2
0000384           3           3           2           1
0000400           5           5           4           0
0000416           1           3           1           4
0000432           4           6           5           7
0000448           3           0           1           2
0000464           2           3           3           1
0000480           4           6           3           1
0000496           3           5           3           4
0000512           5           7           5           2
0000528           4           6           7           7
0000544           2           1
0000552
