0000000        1561     2311988        9561           0
0000016           0           0           0           0
0000032           0           0       97102      115165
0000048       60604       37988       96809      117215
0000064       31454      206128       73845      202222
0000080      226780      160083      247011      227087
0000096      130585      235587       63708      231652
0000112      141914      128951      118552       69893
0000128      156305      120639      217399      196190
0000144      192905      224692      165252      196110
0000160      112875      171263        6520       48448
0000176       89054       18080       69824       37874
0000192       19241       88106      126491       45872
0000208       19423      254839       52700       35853
0000224      256015      146757        8400       16390
0000240       24697       42776       44092       69584
0000256       17177       48344       40583        9045
0000272        9266      137264       99792       21263
0000288       97185       85706       18882        7611
0000304       15399       23360       46246       13330
0000320       95757       21770       26513        9005
0000336       44382       39321       16659       13653
0000352       98641       13778       13722       19417
0000368       21520       12748       18413       23803
0000384       11448       12702        9206       50304
0000400        8847       80646        7282        9025
0000416        6099       35035       92276      251047
0000432      190922      231656      133152      165809
0000448       78801       32116      121562      134876
0000464       89903       93501      186099       88999
0000480       74807      199915      131749       63699
0000496       40880      127948       75770      124891
0000512      146916      153333       66244       64773
0000528      161416       47203      240473       77863
0000544       97495       94129
0000552
