0000000       47303     2721928        9556           0
0000016           0           0           0           0
0000032           0           0           6           6
0000048           3           4           2           4
0000064           2          23           9          15
0000080          48           4          48          33
0000096           4          21           3          14
0000112           4          10           5           6
0000128           8           1          17          11
0000144          19          25          11           9
0000160           6          14           2           4
0000176           7           6           5           4
0000192           3           8          10           3
0000208           2          60           2           4
0000224          54          13           2           4
0000240           6           4           9           4
0000256           3           6           3           2
0000272           4          17          10           2
0000288          10           4           6           7
0000304           5           7           5           4
0000320          38           3           2           3
0000336           9           8           1           3
0000352          56           7           6           4
0000368           9          10           8           3
0000384           1           6           2          30
0000400           6          42           5           4
0000416           2           4           3          31
0000432          28          58          10          24
0000448           2           4           8           7
0000464           2           2          25           7
0000480           4          53           7           5
0000496           4           5           8           9
0000512          21          16           3           4
0000528          17           2          24          10
0000544           5           6
0000552
