0000000        2142     3379132        9559           0
0000016           0           0           0           0
0000032           0           0           1           0
0000048           0           1           0           0
0000064           2           3           2           3
0000080           1           1           1           0
0000096           2           0           0           1
0000112           1           1           0           1
0000128           1           0           1           0
0000144           2           1           0           3
0000160           2           3           2           0
0000176           1           0           1           0
0000192           1           0           0           0
0000208           1           1           2           1
0000224           0           0           0           0
0000240           0           0           1           0
0000256           1           2           1           2
0000272           1           3           1           2
0000288           4           3           2           0
0000304           0           3           0           3
0000320           0           2           1           1
0000336           4           1           0           1
0000352           1           5           0           4
0000368           1           2           1           0
0000384           0           2           0           4
0000400           0           2           4           0
0000416           2           1           3           0
0000432           2           0           0           1
0000448           5           3           0           0
0000464           1           3           2           0
0000480           1           1           0           2
0000496           0           1           1           1
0000512           1           1           0           4
0000528           0           0           2           0
0000544           1           0
0000552
