0000000       31735     3205142        9554           0
0000016           0           0           0           0
0000032           0           0           0           0
0000048           1           1           2           2
0000064           2           0           0           0
0000080           1           0           1           1
0000096           1           5           1           1
0000112           0           0           2           1
0000128           1           1           0           0
0000144           1           2           0           1
0000160           0           1           0           2
0000176           0           0           1           0
0000192           0           1           0           0
0000208           0           1           1           0
0000224           0           1           0           0
0000240           0           1           1           0
0000256           3           1           0           1
0000272           0           2           3           0
0000288           1           3           0           1
0000304           0           0           0           0
0000320           1           1           0           0
0000336           1           0           1           1
0000352           1           0           1           3
0000368           0           0           1           0
0000384           1           0           0           1
0000400           0           2           0           1
0000416           3           0           2           1
0000432           0           0           1           0
0000448           1           1           1           1
0000464           0           2           1           2
0000480           1           0           1           1
0000496           0           0           1           0
0000512           1           0           2           2
0000528           2           0           1           0
0000544           2           1
0000552
