0000000       38935     2124567        9558           0
0000016           0           0           0           0
0000032           0           0    91215449    91254400
0000048    91197767    90719603    91024949    90606127
0000064    91033783    90568101    90968090    90619691
0000080    91069980    90569205    90972950    91069937
0000096    91074414    90853219    90948486    90967163
0000112    91052683    90903198    90730727    90815242
0000128    90642372    90795855    90775018    90819230
0000144    90643095    90791525    90726155    90831298
0000160    90809340    90843622    90930696    91289060
0000176    90915795    90319350    90959488    90111950
0000192    90717686    90062085    90644767    90253994
0000208    90696467    90167034    90644948    90616710
0000224    90579886    90411753    90515401    90501368
0000240    90503771    90454908    89967040    90420463
0000256    90095040    90248602    90050312    90320473
0000272    90040579    90424188    89968355    90360637
0000288    90335695    90508281    53221012    53178031
0000304    53526317    53370102    53987325    53499147
0000320    55978112    55422132    55315400    53002400
0000336    55195935    57147507    55818678    53465984
0000352    55098538    58283385    54158936    55932470
0000368    54890802    54456844    53166776    54721088
0000384    53737446    51721961    53355805    52008739
0000400    52671826    52364101    52241652    51743758
0000416    53677398    53363795    93465364    93414611
0000432    93311578    93099485    93252875    93027431
0000448    93216382    93030555    93153378    93038508
0000464    93158068    93066427    93177632    93165326
0000480    93185182    93075531    93169782    93123885
0000496    93130752    93075348    93002814    93057906
0000512    93013928    93039826    93011242    93045772
0000528    92993654    93031252    92989058    93019920
0000544    93038671    93052695
0000552
