0000000       63389     2973221        9554           0
0000016           0           0           0           0
0000032           0           0           1           1
0000048           0           2           0           4
0000064           1           2           1           1
0000080           0           1           1           2
0000096           0           1           4           4
0000112           5           0           1           2
0000128           1           0           2           2
0000144           2           0           2           1
0000160           1           1           1           2
0000176           3           2           4           0
0000192           0           2           2           3
0000208           0           3           2           3
0000224           1           4           5           1
0000240           3           1           1           3
0000256           0           0           0           2
0000272           1           0           1           0
0000288           0           1           2           2
0000304           1           1           2           4
0000320           1           2           0           1
0000336           2           5           2           2
0000352           1           1           0           2
0000368           0           2           0           3
0000384           0           0           0           3
0000400           4           0           0           1
0000416           1           2           3           2
0000432           1           0           1           2
0000448           1           1           1           2
0000464           0           1           0           0
0000480           3           2           3           0
0000496           1           1           1           5
0000512           1           2           3           4
0000528           4           1           1           1
0000544           0           3
0000552
