0000000       47142      732811        1920           0
0000016           0           0           0           0
0000032           0           0         775         491
0000048         680        1076         245         698
0000064         431         410         677         653
0000080         430         380         874         508
0000096         384         461         479         400
0000112         216         369         666         354
0000128         493         545         537         397
0000144         836         314         444         297
0000160         363         382         287         832
0000176         695         436         616         414
0000192         391         483         545         313
0000208         276         244         426        1036
0000224         304         453         417         203
0000240         323         501         171         300
0000256         262         412         213         433
0000272         355         528         265         336
0000288         375         456         211          90
0000304         221         194         274         352
0000320         211         160         160         211
0000336         170         234         268         324
0000352         240         322         181         338
0000368         205         199         191         283
0000384         233         243         431         282
0000400         232         338         356         375
0000416         291         267         980         800
0000432        1552        1081        1625         760
0000448         717         404         646         822
0000464         486         904        1077         636
0000480        1330         769         976         799
0000496         640         988         667         635
0000512        1952        2763         460         703
0000528         715        1109         635        2157
0000544        1195        1371
0000552
