0000000       59623      748322        1923           0
0000016           0           0           0           0
0000032           0           0       13500       10600
0000048       12349       15285        8871       12546
0000064        9568       10593       12879       11517
0000080       10929       10379       13589       10434
0000096        9740       10866       11269       10571
0000112        6928        9630       12136        9511
0000128       11116       13103       11367       12422
0000144       13619        8808       10904        8552
0000160        9960       10338        8222       13367
0000176       14908       11122       12916       10357
0000192       10169       10805       11392        9069
0000208        8740        8839       10408       16324
0000224       10607       10723       10133        7160
0000240        9519       11072        5727        8885
0000256        7623       10646        6853       11615
0000272        9299       12446        8576       10388
0000288       10662        9118        5784        3393
0000304        6743        5819        8513        8932
0000320        6509        5113        4412        6085
0000336        4863        6406        7294        7590
0000352        6683        7317        5493        7782
0000368        6086        6138        5786        8138
0000384        6288        7012        9595        7270
0000400        6687        8766        9776        8986
0000416        8066        7458       28064       22712
0000432       26902       23867       28275       25374
0000448       22051       18822       21365       21904
0000464       18740       23265       22554       19127
0000480       26767       21144       24817       21570
0000496       21192       22690       21940       20595
0000512       28819       34843       17849       23028
0000528       23155       29784       22950       33121
0000544       25250       26628
0000552
