0000000       43297      717316        1923           0
0000016           0           0           0           0
0000032           0           0          79          49
0000048          74         132          16          74
0000064          24          24          63          72
0000080          37          30          94          57
0000096          17          26          41          27
0000112           8          25          65          32
0000128          39          56          37          18
0000144          85          18          36          10
0000160          22          31          18          95
0000176          65          34          57          35
0000192          11          38          38          15
0000208          24          10          22         113
0000224          13          44          40           7
0000240          17          47           1          13
0000256          10          28          12          27
0000272          23          57          11          18
0000288          17          22           3           4
0000304          16          12          15          23
0000320          14           7           9           6
0000336           7           6          15          15
0000352           5          12           7          15
0000368           4          14           6          22
0000384          11          14          50          18
0000400          10          26          27          33
0000416          15          24          95          82
0000432         155         127         132          59
0000448          85          37          43          87
0000464          41          97         103          65
0000480         118          64         111         107
0000496          69         104          58          45
0000512         200         226          24          71
0000528          47          99          60         212
0000544         112         159
0000552
