0000000       22616      791170        1924           0
0000016           0           0           0           0
0000032           0           0    18122044    18107743
0000048    18014874    17581141    17926833    17516295
0000064    17926545    17533101    17924637    17585100
0000080    17808909    17573223    17846164    17909929
0000096    17875092    17687584    17848820    17778347
0000112    17888692    17814315    17580738    17833219
0000128    17516227    17770629    17590362    17740458
0000144    17603129    17808932    17560058    17806455
0000160    17797608    17858401    17949499    18113280
0000176    18017491    17827056    18032281    17803920
0000192    17976273    17807504    17993376    17778812
0000208    17971015    17802367    17966676    17945072
0000224    17923060    17814855    17958177    17965362
0000240    17928889    17923721    17833879    17914725
0000256    17812068    17890422    17830137    17888525
0000272    17774772    17901382    17781143    17914284
0000288    17921525    18014194    18588421    18588857
0000304    18576827    18542835    18567618    18521974
0000320    18564446    18535263    18564924    18531964
0000336    18570436    18543225    18568241    18552991
0000352    18556566    18542353    18559564    18555275
0000368    18552646    18551827    18530609    18546346
0000384    18526649    18544256    18519639    18541621
0000400    18523860    18540374    18519613    18541121
0000416    18545431    18546780    10965181    11148711
0000432    10957542    10883701    10719285    10461075
0000448    10855958    10639768    10883407    10745523
0000464    10974025    10713107    11038149    11227366
0000480    10856418    11123869    10967281    11201837
0000496    10804045    10783756    10613160    10788352
0000512    10810664    10596783    10850239    10637577
0000528    10410385    10451313    10476624    10612027
0000544    10687270    10700947
0000552
