0000000       30727     3060470        9559           0
0000016           0           0           0           0
0000032           0           0           3           2
0000048           4           0           0           2
0000064           2           1           4           1
0000080           1           0           0           1
0000096           0           0           2           0
0000112           1           2           2           1
0000128           2           1           0           1
0000144           1           2           5           2
0000160           2           2           1           2
0000176           0           0           3           1
0000192           0           0           1           5
0000208           1           3           0           0
0000224           1           0           3           0
0000240           2           2           2           2
0000256           0           4           0           4
0000272           6           3           1           2
0000288           1           5           1           2
0000304           0           0           2           0
0000320           3           1           1           0
0000336           1           1           0           1
0000352           1           1           0           1
0000368           3           0           1           2
0000384           0           2           2           2
0000400           2           1           0           2
0000416           1           1           1           3
0000432           2           0           1           0
0000448           0           3           1           1
0000464           1           2           2           1
0000480           0           1           1           1
0000496           3           0           1           1
0000512           1           2           0           1
0000528           1           2           1           2
0000544           2           1
0000552
