0000000       30807     2615573        9569           0
0000016           0           0           0           0
0000032           0           0          48          78
0000048          50          57          75          49
0000064          75          57         111          76
0000080          90          84          52          76
0000096         100          78          48          62
0000112          42          49          56          57
0000128          82          52          42          91
0000144          80          62          60          90
0000160          59          64          34          68
0000176          97         108          64          80
0000192         120          75          71         117
0000208         106          74          72          67
0000224          71         102          89          61
0000240          45          78          62          83
0000256          95         109          66         111
0000272          55          88          43          63
0000288          72         103          76          82
0000304          83          82          90          49
0000320          97          78         141          96
0000336          48         139          88         104
0000352         141         106          53          61
0000368          98         116          86          68
0000384          73          78          86          60
0000400         109          75          82          73
0000416          96          74         101          51
0000432          79          86          88          77
0000448         122          73          99          86
0000464          82          65          72          63
0000480         104          70         118          55
0000496         120          66          59          72
0000512         111          69         111          85
0000528          55          84          70          96
0000544          81          93
0000552
