0000000       51919     2240485        9551           0
0000016           0           0           0           0
0000032           0           0      261588      285588
0000048      239443      273664      255835      255225
0000064      254251      270135      311603      292312
0000080      291962      263527      270938      272117
0000096      301730      268413      260878      249956
0000112      221845      225354      216786      282835
0000128      283525      233864      236990      270060
0000144      324185      240561      268437      298143
0000160      253559      248039      244033      268625
0000176      265724      302613      286538      277005
0000192      263275      250070      239055      276213
0000208      278816      251288      261550      280358
0000224      278226      261939      269442      235086
0000240      219082      269158      270855      274418
0000256      274124      301082      266546      282733
0000272      224940      266070      249438      283448
0000288      252534      302748      217815      296959
0000304      242801      234706      259541      231966
0000320      284636      245385      292164      252193
0000336      268758      268267      271030      277631
0000352      340529      287471      262342      255649
0000368      262019      284918      258057      250303
0000384      254866      289096      244367      240627
0000400      326750      306864      247356      246332
0000416      253483      265086      308726      243134
0000432      294002      259429      287549      256341
0000448      302709      255951      266278      245707
0000464      309324      248768      248445      244512
0000480      241470      249450      276861      265704
0000496      285034      268479      270191      271461
0000512      282796      249651      305249      269343
0000528      235528      377297      263315      261696
0000544      264649      279002
0000552
