0000000       39965     1892634        9557           0
0000016           0           0           0           0
0000032           0           0           1           2
0000048           1           3           0           1
0000064           3           3           1           1
0000080           1           0           1           1
0000096           5           1           0           0
0000112           1           2           3           0
0000128           3           1           0           3
0000144           0           2           1           0
0000160           0           0           1           2
0000176           1           4           1           1
0000192           0           2           2           2
0000208           3           0           1           1
0000224           0           3           0           2
0000240           1           2           3           3
0000256           2           3           0           1
0000272           2           1           1           1
0000288           3           5           0           1
0000304           2           2           2           1
0000320           1           0           1           0
0000336           2           1           2           2
0000352           1           2           1           0
0000368           2           1           0           2
0000384           0           0           3           0
0000400           1           2           0           2
0000416           2           1           0           2
0000432           0           1           0           4
0000448           2           1           2           0
0000464           4           1           3           0
0000480           1           2           1           0
0000496           2           1           2           3
0000512           1           3           2           5
0000528           0           2           1           1
0000544           1           3
0000552
