0000000       45343     3350557        9556           0
0000016           0           0           0           0
0000032           0           0           2           2
0000048           0           4           1           0
0000064           2           2           0           2
0000080           1           0           3           2
0000096           0           0           0           0
0000112           1           0           0           0
0000128           0           1           0           0
0000144           0           0           0           0
0000160           3           3           0           0
0000176           2           2           1           0
0000192           1           1           1           0
0000208           2           1           0           0
0000224           1           1           0           0
0000240           1           1           2           0
0000256           0           3           1           0
0000272           0           1           1           0
0000288           1           1           1           0
0000304           0           1           1           2
0000320           0           0           0           0
0000336           0           0           1           0
0000352           0           1           0           3
0000368           1           2           1           1
0000384           1           3           0           0
0000400           1           1           0           2
0000416           0           0           0           1
0000432           1           1           0           1
0000448           2           0           3           0
0000464           1           1           1           0
0000480           1           2           1           1
0000496           1           0           0           5
0000512           2           2           1           1
0000528           0           3           0           0
0000544           1           1
0000552
