0000000       13714     2362224        9558           0
0000016           0           0           0           0
0000032           0           0        4229        6259
0000048        4817        6143        5309        4680
0000064        5676        5687        8492        7265
0000080        6553        6794        5168        5354
0000096        8612        7735        4443        5112
0000112        3985        4202        4603        5333
0000128        6728        4850        4204        6798
0000144        7164        5472        5372        7399
0000160        5582        5223        4420        8662
0000176        7219       11397        8267        7547
0000192       18983        6670        6801       12632
0000208       20401        7086        6882        7410
0000224        6611       12919        7541        6419
0000240        4964        6436        8043        8089
0000256        7738        8785        6967       12349
0000272        5664        9106        5023        6873
0000288        6564       13348        4786        7176
0000304        6506        5632        7537        4872
0000320        7794        6040       15465        6597
0000336        5906       22657        6864        7887
0000352       22601        8893        5472        6259
0000368        6974        7906        6468        6529
0000384        6258        6542        6109        5290
0000400        9741        7340        5959        6352
0000416        7006        6198        9146        6190
0000432       10378        7091       10071        6773
0000448       18616        7882       16287        7207
0000464       10873        7689        6580        5301
0000480       10332        7245       12255        6860
0000496       19705        6231        6942        6261
0000512       10737        6539       14461        7055
0000528        5855        9196        6051        7585
0000544        7772        7720
0000552
