0000000       13381     2060644        9558           0
0000016           0           0           0           0
0000032           0           0      225309      202283
0000048      187887      170707      194626      217750
0000064      156071      278739      226684      267310
0000080      222820      242567      194427      244846
0000096      239756      163109      165689      205426
0000112      152853      184119      167421      269406
0000128      194229      236024      159558      270510
0000144      183746      210447      197405      215621
0000160      214503      208134       57667       67647
0000176       65283       74985       71392      116774
0000192       68152       73449       57140       81578
0000208       82652       61473       58614       65828
0000224       97881       63716       99179       58140
0000240       53691       69071       91528       71142
0000256       58194      107055       66513      104095
0000272       58805       73418       74363       69865
0000288       65304       72834      662088      693987
0000304      671622      662376      705615      681594
0000320      647349      766491      696093      736372
0000336      653896      741959      756396      676751
0000352      857466      646857      705246      643556
0000368      656750      708846      705700      767213
0000384      693261      805355      733822      725631
0000400      729608      761611      642065      742918
0000416      788696      696601      685028      682682
0000432      673691      632029      651394      657586
0000448      659269      764835      602626      624373
0000464      642436      693679      629748      622773
0000480      665837      612147      638176      626655
0000496      620857      643452      611513      619661
0000512      624413      764584      684962      635502
0000528      653845      672867      643043      633843
0000544      670786      602273
0000552
