0000000        5412     3292531        9569           0
0000016           0           0           0           0
0000032           0           0           0           1
0000048           1           2           1           1
0000064           2           0           0           2
0000080           1           0           1           4
0000096           0           1           0           0
0000112           1           1           0           0
0000128           0           0           0           3
0000144           0           0           0           0
0000160           1           1           1           1
0000176           0           0           0           1
0000192           0           0           2           1
0000208           2           2           3           1
0000224           0           0           1           0
0000240           0           1           1           0
0000256           1           0           0           0
0000272           2           2           1           0
0000288           1           0           0           2
0000304           1           0           2           0
0000320           0           3           2           0
0000336           0           1           0           0
0000352           0           1           2           3
0000368           1           0           2           0
0000384           1           0           0           0
0000400           4           5           2           4
0000416           1           1           2           2
0000432           1           0           0           0
0000448           3           0           0           1
0000464           4           2           1           0
0000480           1           3           0           1
0000496           1           2           2           1
0000512           1           0           0           1
0000528           0           1           1           0
0000544           0           1
0000552
