0000000       26760     2925025        9555           0
0000016           0           0           0           0
0000032           0           0           1           1
0000048           3           2           1           1
0000064           3           0           2           0
0000080           0           2           4           1
0000096           1           3           0           2
0000112           1           1           0           2
0000128           0           1           0           0
0000144           0           3           1           2
0000160           0           0           2           1
0000176           1           3           3           1
0000192           1           1           2           2
0000208           2           5           1           3
0000224           3           1           2           1
0000240           1           1           0           1
0000256           1           2           1           1
0000272           2           1           3           1
0000288           1           2           2           0
0000304           1           3           2           1
0000320           3           1           2           1
0000336           2           4           3           1
0000352           1           1           1           6
0000368           1           0           1           5
0000384           0           0           0           4
0000400           6           4           2           5
0000416           0           1           0           1
0000432           1           0           0           1
0000448           2           0           1           3
0000464           3           3           1           0
0000480           4           2           2           0
0000496           4           1           2           2
0000512           1           3           2           3
0000528           1           1           0           2
0000544           1           1
0000552
