0000000       23461     2905671        9558           0
0000016           0           0           0           0
0000032           0           0           0           0
0000048           3           1           0           1
0000064           3           1           1           1
0000080           4           1           1           0
0000096           1           1           0           1
0000112           0           2           2           4
0000128           3           0           5           1
0000144           2           0           3           1
0000160           3           0           0           0
0000176           0           0           2           1
0000192           2           0           0           3
0000208           3           1           1           1
0000224           2           2           2           0
0000240           2           0           4           1
0000256           0           2           2           1
0000272           1           0           3           1
0000288           3           2           0           1
0000304           4           1           2           3
0000320           3           2           5           1
0000336           1           2           0           0
0000352           4           2           2           2
0000368           1           2           0           0
0000384           3           2           1           1
0000400           2           1           4           1
0000416           0           2           4           3
0000432           4           0           2           2
0000448           0           0           3           1
0000464           3           3           1           1
0000480           3           4           1           1
0000496           4           1           1           1
0000512           2           1           4           0
0000528           2           0           1           1
0000544           0           1
0000552
