0000000       36660     3041123        9560           0
0000016           0           0           0           0
0000032           0           0           0           1
0000048           0           2           0           1
0000064           1           1           2           0
0000080           1           1           2           2
0000096           3           2           2           0
0000112           1           3           1           0
0000128           0           2           1           2
0000144           1           1           0           2
0000160           1           3           1           1
0000176           1           0           4           0
0000192           1           0           1           1
0000208           0           0           1           1
0000224           0           2           3           0
0000240           1           3           2           1
0000256           3           0           2           2
0000272           3           1           1           2
0000288           0           1           2           0
0000304           4           0           2           0
0000320           2           0           1           2
0000336           1           1           2           1
0000352           1           1           2           1
0000368           3           2           2           1
0000384           3           2           1           0
0000400           1           1           0           0
0000416           0           2           1           0
0000432           0           3           3           0
0000448           2           2           0           1
0000464           2           0           2           0
0000480           0           2           0           0
0000496           0           0           2           2
0000512           2           2           3           0
0000528           1           1           1           1
0000544           1           1
0000552
