0000000        5464     3079801        9561           0
0000016           0           0           0           0
0000032           0           0           2           3
0000048           1           2           2           0
0000064           2           0           1           0
0000080           1           1           1           1
0000096           3           2           0           2
0000112           2           1           1           2
0000128           0           0           1           1
0000144           1           1           1           0
0000160           1           1           0           0
0000176           1           2           1           3
0000192           1           1           1           2
0000208           0           2           1           2
0000224           1           1           1           1
0000240           0           0           1           1
0000256           0           1           0           1
0000272           1           2           3           2
0000288           1           1           0           0
0000304           0           0           2           1
0000320           1           0           0           2
0000336           0           2           2           2
0000352           0           0           0           2
0000368           1           2           1           0
0000384           2           2           2           0
0000400           1           3           2           0
0000416           0           2           2           0
0000432           1           0           0           1
0000448           4           1           1           1
0000464           4           1           1           2
0000480           0           2           1           1
0000496           2           1           1           2
0000512           1           0           1           1
0000528           1           0           1           1
0000544           0           0
0000552
