0000000       41436     2037472       11479           0
0000016           0           0           0           0
0000032           0           0       15580       19615
0000048       14096       15878       16281       15946
0000064       13465       21228       25254       24434
0000080       20584       21914       16628       19257
0000096       25117       16824       12483       16162
0000112        9258       12319       12094       20115
0000128       18949       15996       11114       23319
0000144       18680       16780       16029       20965
0000160       17203       16620        4425       14364
0000176       12842       18331       15259       20361
0000192       16039       14456       10837       19481
0000208       20090       12534       10809       13786
0000224       16080       15133       18627       10988
0000240        7783       12280       18759       15415
0000256       11374       22224       12820       21944
0000272        9765       15885       11493       13011
0000288       12350       16700       14803       23712
0000304       19573       16683       23629       15507
0000320       20450       21345       28170       21779
0000336       17771       29092       24845       22663
0000352       40018       22113       17880       17035
0000368       18652       24157       20336       22488
0000384       19542       24763       20466       17388
0000400       29277       26077       15589       21369
0000416       25125       17632       29228       22014
0000432       29028       20854       26047       22064
0000448       31683       28140       22450       20303
0000464       27621       25383       19095       16408
0000480       25654       19353       26324       21185
0000496       26580       20218       18699       18191
0000512       25132       26828       33651       21544
0000528       19870       31268       20217       22824
0000544       26219       16838
0000552
