0000000       39546     2654217        9554           0
0000016           0           0           0           0
0000032           0           0          13          59
0000048          43          40          35          22
0000064          51          48          97          64
0000080          60          81          37          37
0000096         119          81          22          34
0000112          21          20          29          42
0000128          69          37          18          88
0000144          59          65          42          74
0000160          59          56           6          73
0000176          64          84          62          75
0000192          82          64          52         100
0000208          90          56          59          52
0000224          40          81          79          57
0000240          33          58          81          85
0000256          83          84          54          87
0000272          54          87          23          53
0000288          66          95          37          69
0000304          60          52          77          33
0000320          81          63         100          52
0000336          44          97          85          78
0000352         121          92          42          71
0000368          72          83          72          57
0000384          59          56          61          35
0000400          99          72          62          63
0000416          86          45          65          55
0000432          70          71          64          55
0000448         115          48         106          74
0000464         101          79          48          31
0000480         100          48          97          68
0000496         101          38          39          41
0000512          89          67         112          66
0000528          49          61          32          78
0000544          91          72
0000552
