0000000       37284     2422239        9555           0
0000016           0           0           0           0
0000032           0           0        3255        4214
0000048        2918        3669        3439        3229
0000064        3661        3581        4829        4208
0000080        4028        3764        3380        3465
0000096        4847        4078        2923        3120
0000112        2766        2735        3003        3738
0000128        3994        3017        2677        4246
0000144        4378        3491        3521        4468
0000160        3410        3435        2987        3814
0000176        3840        5314        3895        3899
0000192        4437        3623        3426        4623
0000208        4701        3198        3730        4007
0000224        3619        4210        3974        3179
0000240        2957        3761        3966        3875
0000256        4204        4732        3921        4465
0000272        3141        3980        2939        3898
0000288        3501        4512        3105        4128
0000304        3418        3450        4205        2788
0000320        4677        3629        4958        3775
0000336        3473        4617        3881        4051
0000352        5951        4554        3429        3550
0000368        4127        4106        3761        3517
0000384        3655        3659        3709        3279
0000400        4902        4074        3572        3597
0000416        3899        3659        4440        3097
0000432        4337        3734        4086        3422
0000448        5298        3550        4492        3900
0000464        4586        3940        3622        2973
0000480        4240        3648        4604        3719
0000496        5122        3630        3787        3408
0000512        4300        3545        5090        3865
0000528        3280        5138        3379        4049
0000544        4085        4247
0000552
