0000000        7730     2480186        9548           0
0000016           0           0           0           0
0000032           0           0         640        2951
0000048        1892        2700        2279        1314
0000064        2766        2685        4255        3487
0000080        3060        3438        1875        2246
0000096        4350        3543        1190        2198
0000112        1050        1395        1855        1902
0000128        3289        1955        1208        3606
0000144        3195        2513        2296        3587
0000160        2572        2377         947        3401
0000176        3245        4744        3433        3337
0000192        3945        3157        2866        4132
0000208        4059        2852        3171        3402
0000224        2936        3748        3539        2727
0000240        2021        3036        3541        3550
0000256        3668        4162        3250        4128
0000272        2539        3463        1542        2989
0000288        2961        4109        2051        3467
0000304        3187        2835        3755        1845
0000320        4094        2941        4308        3268
0000336        2721        4144        3363        3676
0000352        5078        4186        2247        3108
0000368        3481        3675        3212        3032
0000384        3023        3059        2997        2247
0000400        4499        3576        2803        2995
0000416        3323        2677        3876        2610
0000432        3670        3103        3714        2795
0000448        4559        3166        3782        3239
0000464        3856        3490        2981        1955
0000480        3706        3078        3987        3098
0000496        4343        2406        2700        2370
0000512        4039        2893        4557        3084
0000528        2408        3661        2090        3573
0000544        3598        3425
0000552
