0000000        3280     3137775        9558           0
0000016           0           0           0           0
0000032           0           0           1           2
0000048           0           2           2           1
0000064           0           3           0           2
0000080           2           0           2           3
0000096           1           0           2           2
0000112           0           2           0           0
0000128           0           0           0           3
0000144           0           0           1           1
0000160           0           0           0           1
0000176           0           0           2           2
0000192           1           2           1           1
0000208           1           0           3           1
0000224           1           2           1           0
0000240           1           1           0           1
0000256           0           0           1           0
0000272           1           3           1           0
0000288           0           0           0           1
0000304           1           2           0           2
0000320           0           0           0           0
0000336           0           0           1           2
0000352           1           0           2           1
0000368           0           1           2           1
0000384           2           0           0           0
0000400           0           0           1           2
0000416           0           0           1           0
0000432           1           2           2           3
0000448           0           1           0           0
0000464           1           0           1           1
0000480           0           1           0           0
0000496           0           0           1           1
0000512           1           0           0           1
0000528           0           0           0           0
0000544           1           0
0000552
