0000000       14794     2381579        9554           0
0000016           0           0           0           0
0000032           0           0        3401        4730
0000048        3430        4495        3973        3367
0000064        4251        4154        6186        5215
0000080        4764        5074        3680        3985
0000096        6623        5544        3320        3690
0000112        3002        3110        3272        4043
0000128        4986        3440        2986        5072
0000144        5195        4153        3881        5264
0000160        3967        3936        3355        5908
0000176        5549        7623        6089        5789
0000192        7132        5198        5061        7167
0000208        7555        4911        5607        5803
0000224        5074        6619        5670        4812
0000240        3746        4943        5850        6023
0000256        5900        6568        5405        6836
0000272        4376        6040        3549        5188
0000288        4795        7199        3680        5516
0000304        4956        4416        5902        3609
0000320        6271        4439        7697        5216
0000336        4430        7618        5293        5858
0000352        9392        6959        4118        4790
0000368        5508        6009        5035        5082
0000384        5021        5015        4893        4067
0000400        7513        5665        4612        4932
0000416        5457        4684        6899        4568
0000432        6918        5566        6903        5287
0000448        8186        5711        7038        5545
0000464        7312        5805        5158        4023
0000480        6418        5527        7022        5222
0000496        7867        4652        5220        4683
0000512        6967        4948        7885        5272
0000528        4448        6826        4338        5682
0000544        6092        5901
0000552
