0000000        7461     2538207        9556           0
0000016           0           0           0           0
0000032           0           0          53         129
0000048          82         107          84          84
0000064         138         139         692         445
0000080         146         455          96         107
0000096        1049         673          71         103
0000112          72          69         106         103
0000128         210          90          67         283
0000144         171         146         109         195
0000160         116         119          93         464
0000176         188         914         325         304
0000192        1674         209         203        1246
0000208        1925         234         133         214
0000224          83        1112         247         167
0000240          77         111         371         337
0000256         144         366         198        1320
0000272         116         537          64         130
0000288         148        1007          91         160
0000304         349         112         395          78
0000320         217         140        2462         231
0000336         113        2889         264         516
0000352        3230         755         109         151
0000368         163         366         136         263
0000384         137         108         158          95
0000400         714         171         131         181
0000416         292         114         503         163
0000432         897         181         822         199
0000448        2297         559        1780         282
0000464         929         336         184          80
0000480        1277         303        1408         155
0000496        2315         119         141          87
0000512        1008         144        1841         135
0000528         111         147          92         320
0000544         393         185
0000552
