0000000       29926     3002422        9564           0
0000016           0           0           0           0
0000032           0           0           1           0
0000048           2           1           2           2
0000064           2           0           1           3
0000080           3           2           1           0
0000096           2           2           1           0
0000112           1           1           1           1
0000128           1           2           1           0
0000144           1           2           0           2
0000160           2           1           1           3
0000176           2           0           2           1
0000192           2           0           1           1
0000208           0           1           2           1
0000224           0           0           0           1
0000240           0           2           0           2
0000256           1           4           0           1
0000272           1           2           1           2
0000288           1           0           3           3
0000304           2           1           2           3
0000320           0           2           5           3
0000336           2           3           5           2
0000352           2           1           2           2
0000368           4           0           1           3
0000384           0           3           2           1
0000400           2           0           4           1
0000416           1           2           0           1
0000432           0           0           3           2
0000448           1           0           1           0
0000464           1           0           0           1
0000480           3           1           0           2
0000496           1           3           3           0
0000512           0           2           0           2
0000528           0           2           2           2
0000544           2           2
0000552
