0000000       38497     3234492        9557           0
0000016           0           0           0           0
0000032           0           0           3           2
0000048           2           0           1           1
0000064           0           1           1           0
0000080           2           1           2           1
0000096           0           0           2           0
0000112           2           1           1           2
0000128           0           1           0           1
0000144           0           0           0           1
0000160           0           1           1           1
0000176           3           1           0           1
0000192           0           0           0           0
0000208           1           0           1           1
0000224           0           0           2           0
0000240           0           1           1           0
0000256           2           1           1           1
0000272           1           2           0           0
0000288           0           3           2           1
0000304           0           1           1           0
0000320           2           1           0           2
0000336           0           0           5           2
0000352           2           0           0           2
0000368           1           0           0           0
0000384           1           1           1           2
0000400           0           0           0           2
0000416           0           0           0           1
0000432           1           1           0           0
0000448           3           1           1           2
0000464           0           2           1           0
0000480           1           0           2           0
0000496           1           2           0           0
0000512           2           2           1           1
0000528           1           5           2           1
0000544           2           0
0000552
