0000000        4319     2199920        9557           0
0000016           0           0           0           0
0000032           0           0     7574106     7679948
0000048     7831938     8014270     7781512     7688632
0000064     7975637     7662917     7720207     7777850
0000080     7812353     7779447     7749065     7881520
0000096     8297380     8965384     8247533     7915763
0000112     8376525     8065335     8104028     7643934
0000128     8123721     7836121     8307704     7615479
0000144     8335186     7657850     8041282     7895013
0000160     7987358     7646949    33082459    32394835
0000176    31669708    32839653    32093835    31329209
0000192    32592157    31997290    32831037    33120206
0000208    32707130    33321686    33173294    32648907
0000224    32686056    35736088    31226107    32911705
0000240    32608894    32248406    31967342    32521920
0000256    33711999    30096141    33575265    30805076
0000272    33012421    31258726    31576644    30766025
0000288    31061704    32543609    14819178    15054934
0000304    14962388    15464505    15358257    15966975
0000320    15743955    15836636    15859793    16262078
0000336    15856277    17598401    15936706    16013433
0000352    16504907    18011235    16107786    16644191
0000368    16316322    15592419    16124348    15657259
0000384    16171443    14906040    15828793    15275139
0000400    16952584    15334293    16461938    14905573
0000416    15048455    15599481    40636400    40242584
0000432    41040062    41877311    41469468    42352906
0000448    40175554    41440880    41503409    42507489
0000464    41012254    42428062    41157732    40408443
0000480    40705168    45225629    41578135    40382181
0000496    41219299    40407825    43022406    39693425
0000512    43418906    38278062    41508432    38894880
0000528    41427916    39306066    39928128    38132976
0000544    39511612    39801693
0000552
