0000000       49156     3099128        9559           0
0000016           0           0           0           0
0000032           0           0           0           1
0000048           1           0           0           0
0000064           2           1           0           1
0000080           1           1           2           0
0000096           0           0           1           2
0000112           1           1           0           1
0000128           1           2           0           1
0000144           1           1           2           2
0000160           0           2           0           2
0000176           2           0           0           0
0000192           2           2           3           1
0000208           1           1           0           1
0000224           1           0           2           2
0000240           3           0           2           0
0000256           1           0           1           2
0000272           2           2           0           0
0000288           0           1           1           1
0000304           0           0           2           1
0000320           1           0           1           1
0000336           1           2           1           2
0000352           1           1           1           1
0000368           1           5           1           2
0000384           1           0           1           4
0000400           1           3           2           4
0000416           2           0           2           0
0000432           1           1           1           1
0000448           0           0           0           1
0000464           1           0           0           0
0000480           1           0           2           0
0000496           2           1           1           1
0000512           2           0           1           0
0000528           2           0           0           1
0000544           0           1
0000552
