0000000       39734     2692920        9585           0
0000016           0           0           0           0
0000032           0           0           3          13
0000048           5          10           5           5
0000064           6          11          72          41
0000080          24          41           7           5
0000096          89          55           1          19
0000112           1           7           9           3
0000128          20          11           2          38
0000144          12          27           9          23
0000160          13          10           3          52
0000176          28          77          39          41
0000192          93          20          32          58
0000208          73          22          16          28
0000224          11          71          36          26
0000240           1           8          43          43
0000256          18          62          25          78
0000272          12          59           2          14
0000288          21          66           5          27
0000304          39          12          60           2
0000320          29          11          89          27
0000336           6          96          38          45
0000352         100          63           4          20
0000368          37          47          13          25
0000384          17           9          17          11
0000400          62          21          20          26
0000416          52          13          52          18
0000432          64          27          58          12
0000448         101          52          64          41
0000464          79          48          27           2
0000480          69          39          79          26
0000496          99          11          13           6
0000512          58          31         104          24
0000528          11           8           8          37
0000544          47          31
0000552
