0000000       14038     1937035        9557           0
0000016           0           0           0           0
0000032           0           0           4           4
0000048           2           3           6           0
0000064           3           7           9           2
0000080           5          10           3           6
0000096          10           3           1           3
0000112           2           4           0           2
0000128          10           3           4           6
0000144           5           3           0           8
0000160           7           4           0           6
0000176           6          13           9           8
0000192           9           8           5          15
0000208          12           2           4           9
0000224          10           9           8           7
0000240           6           3           6           9
0000256          10          13           5          11
0000272           6          11           4          11
0000288           3          16           4           6
0000304           4           5          11           0
0000320           6           8          19           3
0000336           3          11           3           5
0000352          22           6           5           4
0000368           5           7           5           7
0000384           4           5           1           3
0000400          10           6           1          11
0000416           7           1           8           3
0000432           6           6           5           5
0000448          16           6          13           7
0000464           6           9           2           0
0000480           5           6           5           4
0000496          11           3           3           5
0000512           6          13          10          10
0000528           5           5           2           4
0000544           5           5
0000552
