0000000       17967     3253844        9556           0
0000016           0           0           0           0
0000032           0           0           2           2
0000048           0           1           0           1
0000064           4           1           2           0
0000080           1           4           1           2
0000096           0           3           1           0
0000112           1           0           0           2
0000128           0           3           1           1
0000144           1           1           2           0
0000160           1           2           0           4
0000176           0           0           0           2
0000192           1           0           0           0
0000208           0           2           3           2
0000224           0           2           2           0
0000240           1           1           0           1
0000256           0           2           2           2
0000272           2           1           1           3
0000288           1           1           0           1
0000304           0           3           0           0
0000320           0           1           2           0
0000336           0           3           2           0
0000352           1           0           1           2
0000368           2           1           1           0
0000384           1           1           1           0
0000400           0           1           2           1
0000416           1           0           0           0
0000432           1           1           0           0
0000448           2           0           0           0
0000464           1           1           0           0
0000480           0           0           2           1
0000496           1           0           0           0
0000512           2           0           0           0
0000528           1           1           1           0
0000544           1           2
0000552
