0000000       36133     2499523        9559           0
0000016           0           0           0           0
0000032           0           0         148        1255
0000048         651        1305        1035         326
0000064        1335        1447        3400        2664
0000080        1680        2728         655        1019
0000096        3931        3105         251         857
0000112         244         336         700         528
0000128        2188         783         326        2465
0000144        1497        1549         856        1837
0000160        1408        1047         224        3011
0000176        2507        4007        2818        2911
0000192        3830        2509        2550        3844
0000208        3731        2492        2353        2678
0000224        1849        3461        2855        2207
0000240         899        1851        3041        3029
0000256        2770        3394        2425        3915
0000272        1707        3158         454        1897
0000288        2134        3631         784        2326
0000304        2543        1350        3267         644
0000320        3217        1762        4136        2291
0000336        1382        3974        2803        3174
0000352        4956        3661         741        2123
0000368        2497        3164        2042        2483
0000384        1910        1702        2054         991
0000400        4063        2458        1752        2258
0000416        2858        1379        3122        1921
0000432        3451        2392        3276        2096
0000448        4353        2715        3628        2549
0000464        3539        3012        2063         802
0000480        3461        2512        3764        2198
0000496        4187        1106        1578        1179
0000512        3463        2177        4171        1868
0000528        1437        1920         921        2667
0000544        2980        2414
0000552
