0000000       20309     2576871        9557           0
0000016           0           0           0           0
0000032           0           0          65          99
0000048          62          82          90          77
0000064          71          86         139         103
0000080          90         108          63          78
0000096         131         125          54          58
0000112          52          57          63          66
0000128         117          76          49         124
0000144         100          78          90         109
0000160          76         100          54         110
0000176         105         144         112          75
0000192         185          94          80         145
0000208         134          98          90          75
0000224          90         115         108          81
0000240          77          77         101          99
0000256          96         116          93         144
0000272          77         144          40          96
0000288          67         118          78          92
0000304          85          74         115          61
0000320         106          65         205         100
0000336          67         288          92         100
0000352         286         123          73          87
0000368         102         102          83          77
0000384          78          83          84          69
0000400         155          88          92          89
0000416         107          82         141          72
0000432         119         102         125          79
0000448         224          89         157         118
0000464         129         107         103          56
0000480         118         104         156          80
0000496         231          66          84          74
0000512         148          90         174         103
0000528          92          92          71         103
0000544         114         117
0000552
