0000000     2183324     2584916     2222847     2065761
0000016     1822327     1632767     2076212     1931800
0000032     2115286     1747875     2498677     2070546
0000048     2131345     2575960     2275864     2310502
0000064     1784304     1784828     2098364     2012909
0000080     1705365     1896116     1928745     1644775
0000096     2534624     1789238     1842087     1850183
0000112     2960675     1875762     1719701     2043615
0000128       57408    10209482        9561           0
0000144           0           0           0           0
0000160           0           0      763558      741037
0000176      711781      823861      688697      715515
0000192      666248      795124      793103      751455
0000208      687457      706995      761988      711409
0000224      664003      696602      755377      771441
0000240      649915      775172      808558      795363
0000256      669258      761825      814040      808596
0000272      745596      770590      669521      692176
0000288      620034      673371      690518      812298
0000304      748509      562830      719787      676904
0000320      621865      872411      800595      674828
0000336      662178      765388      642923      757727
0000352      754300      717079      690401      652279
0000368      709033      519734      701538      660608
0000384      719305      639763      777516      675346
0000400      666020      683710      761200      695099
0000416      796361      717993      786857      788758
0000432      750889      850853      960053      846731
0000448      741323      809033      749259      795063
0000464      793285      844603      772389      711508
0000480      716212      864303      861685      768719
0000496      787411      813238      758463      744158
0000512      935421      737797      827168      746082
0000528      793126      821574      797467      773123
0000544      758241      845328
0000552
