0000000       44261     9801420        9561           0
0000016           0           0           0           0
0000032           0           0         328         221
0000048         243         345          50         180
0000064          85         193         178         180
0000080         239         143         108         102
0000096          67          62         259         121
0000112          50         152         267         292
0000128          66         290         117         273
0000144         172         104          67          16
0000160          68          51         452        1812
0000176         861         192        1175         874
0000192         443        2825        2955         896
0000208        1168        1832         528        1175
0000224        1203         974        1326         554
0000240         888         285        1141         564
0000256         639         754        1058        1349
0000272         462         944        1942        1257
0000288        2261         635       16724       16564
0000304       17121       26229       29195       25654
0000320        9842       12476       15466       16632
0000336        7848       27802       10240       16214
0000352       11833       29348       25810       14543
0000368       14035       28182       16133       10762
0000384       17799       12891       12387       14197
0000400       18665       14620       15831       12501
0000416       19195       18656        2152        1679
0000432        3727        3431        2318        2770
0000448        5941        4704        1252        3788
0000464        2062        1612        4667         670
0000480        2971        2091        2806        2286
0000496        2795        1438        2521        7510
0000512        5451        2467        6284        3585
0000528        1503        3020        5209        3383
0000544        7783        1066
0000552
