0000000       36629    10522003        9557           0
0000016           0           0           0           0
0000032           0           0        1300         562
0000048         381        2098          91         171
0000064         123         266         502         203
0000080         125         185         126         232
0000096          84         120         406         509
0000112          73         318        1056         565
0000128         113         518         300         964
0000144         691         130          70          63
0000160          59          71          75         202
0000176          94          24          87          59
0000192          78         152        1291          80
0000208          97         179          58         184
0000224         146         146         134          26
0000240          85          25          94          57
0000256          73          59         113          84
0000272          52         113         156          90
0000288         229          75         369        1995
0000304         601        2185        3058        2163
0000320         275         476         756        1001
0000336         220        5006        1167         710
0000352         237        5017        1978        1016
0000368         369        2305        1597         153
0000384         654         181         860         214
0000400        1126        1856         236         179
0000416         295        1770         702        3564
0000432        3440        4009        1119         721
0000448        8632        6053         644        3326
0000464        3407        1382        6260         300
0000480        5270        2869        1369         863
0000496        4321         391         651        8268
0000512        7469         512        8890        2410
0000528         562        2492       11507        4207
0000544        6644         331
0000552
