0000000       10422       14542       13359       15993
0000016       12571       11706       20819       18059
0000032       11068       14395       14938       11643
0000048       17966        9124       16854       14194
0000064       12172       11005       15584       11064
0000080       12030       20440       19601       10876
0000096       25894       15816       10679       13876
0000112       31274       15995       17358        9351
0000128       27631    10350923        9557           0
0000144           0           0           0           0
0000160           0           0        7599        6855
0000176        5954        8898        4377        6222
0000192        5275        6587        8147        6539
0000208        5902        5782        6312        5385
0000224        4656        5826        6751        7594
0000240        4347        7354        8992        8206
0000256        5502        7058        7442        7973
0000272        7072        5677        4581        4101
0000288        4017        4579        3946        7051
0000304        5161        1282        5310        3886
0000320        4331        7289        8766        4473
0000336        4910        7260        2557        7203
0000352        6461        6331        5924        3136
0000368        5318         566        5421        2899
0000384        4907        3489        6519        4934
0000400        2982        5282        6791        5364
0000416        7343        4944        8719       10082
0000432        8748       11055       12806       10685
0000448        7547        9087        8199        9927
0000464        8212       11441        9138        7686
0000480        7253       11635       10664        8675
0000496        8290       10275        9316        6611
0000512       10978        7215        9680        7419
0000528        9562       10177        8243        7279
0000544        7918       10266
0000552
