0000000      618744      738677      700139      799313
0000016      708258      656985      874671      827205
0000032      664027      717380      739972      640494
0000048      839208      578950      780628      721747
0000064      689807      639688      775661      658964
0000080      674528      868406      834110      634699
0000096     1144620      806730      615042      723008
0000112      916375      777526      788407      584039
0000128       54569    10273390        9561           0
0000144           0           0           0           0
0000160           0           0      542295      445801
0000176      366126      628251      115245      228021
0000192      202467      287093      447126      285136
0000208      112624      260690      140750      271325
0000224       93186      249978      371713      440071
0000240      109231      365166      512432      425344
0000256      189832      392493      407912      466895
0000272      452970      213098      100921       78683
0000288       67892       82064       16759      106647
0000304       46738       11167       31458       18077
0000320       27091       61969      322187       19703
0000336       30215       71698       13437       68948
0000352       57947       75366       35670       14954
0000368       26713        9219       26482       14628
0000384       24275       14360       53757       19625
0000400       14773       24711       38221       30538
0000416      117163       20500       64226      215492
0000432       85901      191089      274190      205063
0000448       69655       92923      111622      128290
0000464       43678      385306      174555      100963
0000480       48921      383081      184288      141700
0000496       63138      195274      185053       20775
0000512      111475       33625      140679       29214
0000528      140245      218384       36325       32520
0000544       44340      213351
0000552
