0000000      727617      776731      743234      839120
0000016      812896      772237      890639      862618
0000032      769359      760651      794230      720383
0000048      864570      707445      814210      770255
0000064      771624      751096      806720      837265
0000080      808899      893534      858235      791789
0000096     1175273      895738      741950      775261
0000112      992131      817276      814702      735665
0000128       41770    10234650        9555           0
0000144           0           0           0           0
0000160           0           0      752593      727246
0000176      697254      800802      658303      704668
0000192      651000      775580      776648      733649
0000208      674156      688783      746218      669257
0000224      640993      659832      740339      744128
0000240      611310      748101      798113      783633
0000256      650478      743045      770279      792286
0000272      709480      742702      634602      633142
0000288      591456      639028      479634      787807
0000304      654808      317782      635230      550850
0000320      568555      812711      793842      573018
0000336      599086      742709      400457      725888
0000352      719743      689207      641463      487780
0000368      631428      183730      617819      445670
0000384      621128      451913      702226      576791
0000400      445464      595323      694790      628842
0000416      773602      605935      761273      780490
0000432      733539      834348      949214      833958
0000448      717235      789001      733698      779203
0000464      743050      839405      761666      691520
0000480      687827      858996      845446      750079
0000496      753638      794732      744162      622507
0000512      907236      677045      807244      677718
0000528      771269      808544      725238      690946
0000544      703013      831900
0000552
