0000000       25916     9699042        9558           0
0000016           0           0           0           0
0000032           0           0           0           1
0000048           0           0           2           0
0000064           1           0           0           0
0000080           0           0           0           0
0000096           0           0           1           0
0000112           0           0           0           0
0000128           0           0           0           0
0000144           0           0           1           1
0000160           0           0           1           3
0000176           0           1           1           0
0000192           0           0           0           0
0000208           0           2           0           1
0000224           0           1           1           1
0000240           0           0           0           0
0000256           0           1           1           1
0000272           0           0           2           0
0000288           1           0           0           0
0000304           1           2           3           4
0000320           0           2           0           3
0000336           0           3           2           1
0000352           1           1           0           2
0000368           1           3           0           1
0000384           2           1           0           2
0000400           1           5           6           1
0000416           0           1           0           0
0000432           1           1           2           1
0000448           0           3           0           3
0000464           0           0           2           0
0000480           1           1           0           2
0000496           0           3           0           4
0000512           3           1           5           4
0000528           1           1           3           2
0000544           3           1
0000552
