0000000      235209      543494      480616      558088
0000016      293280      235666      781550      615960
0000032      267633      449568      496009      330676
0000048      657751      206771      591752      473663
0000064      305601      247490      561819      207824
0000080      227749      714572      694991      189731
0000096      992722      416970      231337      411693
0000112      883389      545365      612842      191932
0000128       14827    10292756        9574           0
0000144           0           0           0           0
0000160           0           0      100930       61396
0000176       44747      149006       14766       22683
0000192       19580       34034       53789       28027
0000208       15762       27394       17938       33067
0000224       14010       22888       41059       58091
0000240       13803       38093       74443       49795
0000256       19282       48753       42695       68203
0000272       62844       22392       14074       12838
0000288       11735       13295       10380       18686
0000304       14426        7010       13610       11209
0000320       11732       18648       34855       11978
0000336       12568       17341        8908       16839
0000352       16342       16369       14104        9883
0000368       13183        5290       12804        9664
0000384       12670        9318       15758       11890
0000400        9343       12639       15344       13247
0000416       19574       12351       18602       24951
0000432       18795       26378       31965       25828
0000448       17337       20154       19232       21582
0000464       17244       49321       22604       18138
0000480       15969       42838       25444       20728
0000496       18268       26367       22997       13772
0000512       24098       15733       22815       15260
0000528       21801       26031       16645       15446
0000544       16403       26906
0000552
