0000000       26764      100129       94509      105122
0000016       32056       26406      301627      145833
0000032       28579       68345       96880       41489
0000048      158720       22327      153768       70952
0000064       32858       27518      107297       24810
0000080       26632      282192      205826       23261
0000096      307662       52819       26907       51567
0000112      662626      102079      151211       21827
0000128       50384    10312131        9556           0
0000144           0           0           0           0
0000160           0           0       17365       14744
0000176       13208       20719        9153       12678
0000192       10870       13787       16243       13498
0000208       10431       12351       11705       11955
0000224        9122       11651       14523       15969
0000240        8917       14826       18332       16312
0000256       10938       14912       15641       16623
0000272       15274       11602        9195        8148
0000288        7464        8273        6922       13087
0000304        9598        4091        8884        6581
0000320        7687       12497       16665        7526
0000336        8518       12111        5491       11878
0000352       11003       11294        9355        5845
0000368        8538        3584        8254        5850
0000384        8135        6054       10723        7723
0000400        5841        8172       10540        8754
0000416       13005        7804       13570       17197
0000432       13915       18313       21596       17937
0000448       12808       15346       14060       16258
0000464       12388       20642       16199       13131
0000480       11811       21028       18231       14752
0000496       13452       17032       16230        9467
0000512       17502       11074       16638       10676
0000528       15589       17449       12072       10847
0000544       11866       17442
0000552
