0000000       31842    10654945        9557           0
0000016           0           0           0           0
0000032           0           0          91          64
0000048          60          99          23          76
0000064          44          51         101          70
0000080          55          69          53          39
0000096          29          46          70          78
0000112          21          70         138          99
0000128          43          68          77          84
0000144          79          45          43          19
0000160          17          24          21          88
0000176          36           0          45          24
0000192          34          83         125          36
0000208          45          88           9         100
0000224          74          73          59          12
0000240          53           1          55          18
0000256          43          11          58          47
0000272          13          48          55          54
0000288          92          34         149         158
0000304         124         202         197         195
0000320          90         123         119         177
0000336         115         217         132         106
0000352          97         246         183         132
0000368         115         193         160          73
0000384         144          91         148          93
0000400         159         185         117          67
0000416          95         147          83         185
0000432         168         191         137         116
0000448         305         258         108         186
0000464         179         118         221          65
0000480         210         168         130         101
0000496         181          96         124         355
0000512         270         106         328         180
0000528          90         161        1820         186
0000544         271          89
0000552
