0000000      713702      760089      733179      828443
0000016      805032      761922      885639      852917
0000032      751155      753497      774854      702528
0000048      859673      675050      803139      751375
0000064      764229      738671      797563      811693
0000080      795055      885354      848171      776917
0000096     1151991      884755      722337      768247
0000112      917549      809446      809403      708284
0000128       46201    10254065        9559           0
0000144           0           0           0           0
0000160           0           0      733970      698709
0000176      657941      788002      484036      618082
0000192      567053      673410      743366      661496
0000208      502306      609821      579043      588465
0000224      458526      597810      691280      711449
0000240      463369      695199      771798      742074
0000256      559941      695491      731545      750097
0000272      686456      614869      463909      427099
0000288      389789      430116      103479      546218
0000304      325559       41590      262421      150873
0000320      255616      437009      727499      178803
0000336      270510      481184       59856      462775
0000352      429710      448233      317828      107751
0000368      249223       18547      241922       81009
0000384      224210       90435      372838      182546
0000400       84561      223973      324542      276623
0000416      561153      186288      494334      682622
0000432      522032      682177      845220      713818
0000448      471443      574446      563503      614364
0000464      402505      780298      647212      503798
0000480      412616      802716      696082      578177
0000496      468647      636905      626354      183555
0000512      643354      328016      624666      287082
0000528      584535      685880      328535      296474
0000544      379633      690930
0000552
