0000000        5638        7822        7145        8446
0000016        7163        6462       11255       10012
0000032        6254        8123        7972        6277
0000048        9806        4511        9371        7789
0000064        7252        6105        8547        5921
0000080        6651       11083       10636        6090
0000096       13000        9415        5646        8063
0000112       13372        8993        9851        4741
0000128           0           0   922142309       32539
0000144           2           0           6 -2147483648
0000160           0           0   923780992       32539
0000176           3           0           3           0
0000192           1           0 -1022493451       32765
0000208   923764224       32539   922095575       32539
0000224           0           0           0           0
0000240 -1022493328       32765   922142309       32539
0000256  -286331154  -286331154  -286331154  -286331154
0000272  -286331154  -286331154  -286331154  -286331154
0000288  -286331154  -286331154  -286331154  -286331154
0000304  -286331154  -286331154  -286331154  -286331154
0000320  -286331154  -286331154  -286331154  -286331154
0000336  -286331154  -286331154  -286331154  -286331154
0000352  -286331154  -286331154  -286331154  -286331154
0000368  -286331154  -286331154  -286331154  -286331154
0000384  -286331154  -286331154  -286331154  -286331154
0000400  -286331154  -286331154  -286331154  -286331154
0000416  -286331154  -286331154  -286331154  -286331154
0000432  -286331154  -286331154  -286331154  -286331154
0000448  -286331154  -286331154  -286331154  -286331154
0000464  -286331154  -286331154  -286331154  -286331154
0000480  -286331154  -286331154  -286331154  -286331154
0000496  -286331154  -286331154  -286331154  -286331154
0000512  -286331154  -286331154  -286331154  -286331154
0000528  -286331154  -286331154  -286331154  -286331154
0000544  -286331154  -286331154
0000552
