0000000       12591     9739630        9562           0
0000016           0           0           0           0
0000032           0           0           1           1
0000048           1           0           2           0
0000064           2           1           1           2
0000080           1           1           0           0
0000096           0           0           0           1
0000112           2           1           1           1
0000128           2           0           0           1
0000144           0           0           0           0
0000160           1           0           0          11
0000176           5           0           2           2
0000192           2           8          11           1
0000208           2           9           0           4
0000224           1           2           6           0
0000240           3           1           1           0
0000256           0           1           5           3
0000272           2           0           3           1
0000288           5           5          27          40
0000304          32          50          59          51
0000320          11          19          20          22
0000336          16          69          15          25
0000352           8          72          54          22
0000368          20          63          30          10
0000384          34          11          23          14
0000400          28          32          16           9
0000416          20          36           6          11
0000432          14           8           6           4
0000448          32          22           4          12
0000464          10           7          22           3
0000480          16          11          13           8
0000496          14           4           7          29
0000512          37           6          34          14
0000528           7          14          39          17
0000544          31           3
0000552
