0000000    91286249    91282905    91279718    91269656
0000016    91276414    91265283    91273835    91266629
0000032    91272593    91264350    91274493    91267850
0000048    91276213    91272301    91272333    91265927
0000064    91271071    91270814    91269971    91269121
0000080    91262249    91269557    91257986    91265802
0000096    91256817    91266075    91259225    91265412
0000112    91254448    91265495    91266900    91266521
0000128       34274    10139788        9594           0
0000144           0           0           0           0
0000160           0           0    89524427    89516124
0000176    89355461    88975620    89337241    88846503
0000192    89209741    88884048    89162213    88925084
0000208    89033907    88925987    89128035    89192207
0000224    89125258    89023218    89109490    89105366
0000240    89135914    89092068    88903183    89022150
0000256    88905254    89018154    88935821    89021486
0000272    88891241    88986580    88889789    89020157
0000288    88989291    89025397    59323447    64582672
0000304    64393871    58337039    62087925    56676944
0000320    63978123    56323190    60324547    57094391
0000336    60734655    56994694    59117271    60327084
0000352    60319398    58696600    59688301    60097987
0000368    60127997    58887527    56707455    59544071
0000384    57522097    57779324    57143646    58490735
0000400    56493282    59239548    55298740    59329342
0000416    60291092    61732719    50318506    50763666
0000432    49946588    50221469    50588673    50317574
0000448    51448835    52033496    50759383    51254572
0000464    51262680    52222020    52860815    50657331
0000480    51648754    52495374    51319526    51608747
0000496    51188898    50174446    52089315    50295169
0000512    51562490    50385893    52320956    49640681
0000528    51032267    51335389    50064864    50533601
0000544    49701884    51358676
0000552
