0000000       43388     9635273        9568           0
0000016           0           0           0           0
0000032           0           0           0           1
0000048           1           1           0           0
0000064           0           0           0           1
0000080           0           0           0           1
0000096           1           2           0           1
0000112           1           0           1           1
0000128           3           0           0           0
0000144           0           0           0           0
0000160           1           0           0           0
0000176           0           1           1           0
0000192           0           1           2           0
0000208           0           0           0           0
0000224           1           1           0           1
0000240           1           0           0           0
0000256           1           2           1           0
0000272           1           0           1           1
0000288           0           0           1           0
0000304           0           1           0           0
0000320           1           0           2           0
0000336           1           0           1           1
0000352           1           1           1           0
0000368           3           0           0           0
0000384           1           1           0           0
0000400           0           0           0           0
0000416           0           0           0           0
0000432           0           0           0           0
0000448           4           0           0           0
0000464           1           0           2           0
0000480           0           0           0           2
0000496           1           0           0           1
0000512           0           0           0           0
0000528           1           0           0           0
0000544           0           0
0000552
