0000000       60803     9718379        9553           0
0000016           0           0           0           0
0000032           0           0           2           1
0000048           0           1           0           1
0000064           0           1           0           0
0000080           0           0           0           0
0000096           0           0           0           0
0000112           0           0           0           1
0000128           0           3           0           0
0000144           0           2           2           3
0000160           0           0           0           1
0000176           0           1           0           0
0000192           0           3           8           0
0000208           0           3           1           2
0000224           1           0           3           0
0000240           1           2           2           1
0000256           0           1           2           2
0000272           0           2           0           1
0000288           1           1           5           7
0000304           5          12          13           8
0000320           4           1           2           4
0000336           2           9           2           3
0000352           2          15          12           4
0000368           4           8           3           1
0000384           8           0           3           3
0000400           8           4           1           2
0000416           6           7           2           2
0000432           3           0           1           0
0000448           6           4           0           5
0000464           0           1           6           2
0000480           4           3           1           0
0000496           1           1           1          12
0000512           7           2           3           5
0000528           2           3          11           1
0000544           8           1
0000552
