0000000    75748999    76369852    74726272    73021346
0000016    73916042    72172584    74025019    72641751
0000032    74308425    72411200    74877271    73342121
0000048    74184555    75358477    74496028    73871608
0000064    73619331    73517453    74201160    74057376
0000080    72467069    73430008    72700392    73084968
0000096    73333176    73244472    72849267    73621750
0000112    74342678    73730518    73253122    74704266
0000128       10411    10159272        9565           0
0000144           0           0           0           0
0000160           0           0    55310295    55282734
0000176    55053113    54581049    55157996    53941713
0000192    54989956    54198019    55089014    54324188
0000208    54257561    54395208    54843920    55372142
0000224    54927893    55013886    55001490    55370545
0000240    55461004    55362067    54439633    54871734
0000256    54556238    54957288    55098502    54994710
0000272    54751565    55065599    54492875    55503059
0000288    54818560    55190994    32776730    32109317
0000304    32563871    33104467    31771419    31813268
0000320    33139467    31436909    31861562    32316201
0000336    32348682    32123772    31091236    32157083
0000352    32314789    34012901    31499387    32223249
0000368    32032077    30966754    31599624    31420488
0000384    32840506    29961271    32427635    30322308
0000400    31749116    31015805    30160149    30898721
0000416    31303136    31752647     5368118     5526799
0000432     5098979     5045687     5496294     5049131
0000448     5919610     5869993     5403795     5264713
0000464     5457865     5982347     6385670     5316589
0000480     5679726     6098720     5529589     5773130
0000496     5475802     5088847     5758377     5125939
0000512     5612839     5123630     5893616     4867040
0000528     5334236     5763101     4943055     5394174
0000544     4952488     5791936
0000552
