0000000       36687    10927731        9549           0
0000016           0           0           0           0
0000032           0           0           0           0
0000048           0           0           0           1
0000064           1           0           1           2
0000080           1           1           1           1
0000096           0           0           1           1
0000112           0           0           2           1
0000128           1           1           1           1
0000144           1           1           1           2
0000160           1           0           0           0
0000176           2           0           1           0
0000192           1           0           0           1
0000208           0           0           1           1
0000224           0           2           0           0
0000240           2           0           0           0
0000256           0           0           0           1
0000272           0           1           1           0
0000288           1           0           0           0
0000304           2           2           1           1
0000320           1           0           0           1
0000336           0           1           0           0
0000352           1           2           0           0
0000368           0           1           0           0
0000384           0           2           0           1
0000400           0           1           2           0
0000416           0           1           1           0
0000432           0           1           1           0
0000448           3           3           0           2
0000464           1           1           0           1
0000480           1           1           1           0
0000496           0           0           1           4
0000512           5           1           2           2
0000528           0           1           5           1
0000544           1           0
0000552
