0000000       62677    11082373        9554           0
0000016           0           0           0           0
0000032           0           0           1           0
0000048           0           1           0           0
0000064           0           0           1           0
0000080           0           0           0           0
0000096           2           0           0           0
0000112           0           1           1           1
0000128           0           1           0           0
0000144           0           1           2           0
0000160           0           0           1           0
0000176           0           1           0           1
0000192           0           0           0           1
0000208           0           0           1           1
0000224           1           0           0           0
0000240           1           0           2           1
0000256           0           1           0           1
0000272           1           0           1           1
0000288           1           1           0           0
0000304           0           0           0           1
0000320           0           1           2           2
0000336           1           1           0           4
0000352           1           1           0           0
0000368           0           1           0           2
0000384           0           1           1           0
0000400           0           0           1           1
0000416           0           0           2           0
0000432           0           1           0           0
0000448           2           1           3           0
0000464           0           0           1           1
0000480           0           0           1           1
0000496           1           0           1           2
0000512           1           2           1           2
0000528           0           3           0           1
0000544           1           0
0000552
