0000000        7642    10908417        9557           0
0000016           0           0           0           0
0000032           0           0           1           1
0000048           0           0           1           0
0000064           0           0           0           0
0000080           0           0           0           0
0000096           0           0           1           0
0000112           1           0           2           1
0000128           0           1           0           1
0000144           1           0           0           0
0000160           0           0           1           0
0000176           1           1           1           0
0000192           0           2           1           1
0000208           1           0           0           0
0000224           0           1           0           0
0000240           0           0           4           1
0000256           0           0           0           1
0000272           3           1           0           0
0000288           2           1           0           4
0000304           1           2           0           0
0000320           2           0           0           1
0000336           0           4           2           1
0000352           0           2           1           2
0000368           1           1           1           0
0000384           0           0           1           1
0000400           2           2           0           1
0000416           1           2           0           2
0000432           0           2           1           1
0000448           4           5           1           2
0000464           0           2           4           0
0000480           6           1           3           1
0000496           2           1           1           2
0000512           2           1           2           1
0000528           0           4           6           0
0000544           5           0
0000552
