0000000        1598    10703292        9575           0
0000016           0           0           0           0
0000032           0           0          55          44
0000048          27          81           3          22
0000064           4          23          52          19
0000080          12          21           2          23
0000096           3           8          39          53
0000112           3          31          59          66
0000128           5          38          34          41
0000144          51          10           7           1
0000160           1           3           2          33
0000176          16           0           8           3
0000192           3          34          94           2
0000208           7          52           1          47
0000224          37          27          16           4
0000240           4           2           4           1
0000256           7           0          30           4
0000272           3           3          27          10
0000288          49           1          90         145
0000304          99         145         186         164
0000320          71          84          89         145
0000336          68         157         111          81
0000352          71         185         132         101
0000368          89         119         126          11
0000384         133          56          86          39
0000400         122         132          76          32
0000416          67         144          57         112
0000432          78         118          95          80
0000448         199         179          66         125
0000464         116          66         147          47
0000480         142         130          90          78
0000496         130          73          93         205
0000512         167          86         216         155
0000528          68         121         327         137
0000544         163          62
0000552
