0000000       50749    10985715        9547           0
0000016           0           0           0           0
0000032           0           0           0           0
0000048           0           1           0           0
0000064           0           0           0           0
0000080           1           0           1           1
0000096           1           1           1           0
0000112           1           0           0           0
0000128           1           1           2           1
0000144           0           1           1           0
0000160           0           1           0           0
0000176           0           0           0           1
0000192           1           0           0           1
0000208           1           0           1           0
0000224           0           0           0           0
0000240           0           0           1           0
0000256           1           0           0           0
0000272           0           0           0           0
0000288           0           0           1           0
0000304           0           0           1           0
0000320           0           0           0           2
0000336           0           1           1           1
0000352           1           0           0           2
0000368           1           1           4           0
0000384           0           0           2           0
0000400           3           0           0           0
0000416           2           1           0           0
0000432           1           0           0           0
0000448           1           0           0           0
0000464           0           1           0           0
0000480           2           0           0           0
0000496           0           0           3           3
0000512           0           1           1           0
0000528           1           0           3           0
0000544           0           0
0000552
