0000000           6           8          18          13
0000016          22           4          12          13
0000032           2           9          12          12
0000048           6           3          18           4
0000064           1          13           6           2
0000080           9           0           4           5
0000096          16          30           6          10
0000112          13          21          39           4
0000128          42          56          45          35
0000144          50          56          35          24
0000160          10          35           8          20
0000176           7          64           3          32
0000192          27          23          33          28
0000208          47          10           5          67
0000224           7          61           3          43
0000240          17          13          12          35
0000256           5          69          66          11
0000272          41          14          24           4
0000288          30           5          16          24
0000304          12           7           6          22
0000320           8           6          34          37
0000336          16          21         427         112
0000352         243          86         127         232
0000368          43          45          34          73
0000384         111          35          38         151
0000400         102         154         111          87
0000416          46          60          86          95
0000432          45          77          38          67
0000448          44          90          91          48
0000464          44          78       62111    12845944
0000480        1931           0           0           0
0000496           0           0           0           0
0000512         229          81         121         100
0000528         683         112          60         170
0000544          52          94
0000552
