0000000          76         118         161         147
0000016         237          83         185         107
0000032          32         145         158         144
0000048         103          73         174          97
0000064          85         224         101          57
0000080         126          22          74         103
0000096         275         470          90         262
0000112         272         303         503         148
0000128         664         926         570         496
0000144         917         904         584         466
0000160         381         726         241         404
0000176         181        1089         105         478
0000192         430         366         541         421
0000208         774         182          99         800
0000224         133         922         158         532
0000240         230         250         135         702
0000256         146         886         662         152
0000272         967         149         409          93
0000288         523         147         196         430
0000304         138         153         194         547
0000320         121          80         563         563
0000336         299         253        4642        2428
0000352        3670        1403        2262        3700
0000368         877        1390         680        1590
0000384        2030         907         819        2349
0000400        2041        2864        1847        1703
0000416        1028        1212        1545        1846
0000432        1131        1627         933        1287
0000448        1122        1963        1818        1392
0000464        1052        1699       28627    12857622
0000480        1921           0           0           0
0000496           0           0           0           0
0000512        4579        3331        3208        3351
0000528        8100        3414        1990        4578
0000544        1740        2599
0000552
