0000000           0           0           1           0
0000016           0           0           0           2
0000032           0           0           0           1
0000048           0           0           0           0
0000064           0           0           0           0
0000080           0           0           0           0
0000096           0           0           0           0
0000112           0           0           1           0
0000128           0           0           0           0
0000144           1           0           0           1
0000160           0           0           0           0
0000176           0           0           0           1
0000192           0           0           0           1
0000208           0           0           0           0
0000224           0           0           0           0
0000240           0           0           0           1
0000256           0           0           0           0
0000272           0           1           1           0
0000288           0           0           0           0
0000304           1           0           0           0
0000320           0           0           0           0
0000336           0           0           0           0
0000352           0           1           0           1
0000368           0           0           0           0
0000384           0           0           0           1
0000400           0           0           0           0
0000416           0           0           0           1
0000432           0           0           0           0
0000448           1           1           0           0
0000464           0           0       31689    13496570
0000480        1923           0           0           0
0000496           0           0           0           0
0000512           0           0           0           0
0000528           0           0           0           0
0000544           0           0
0000552
