0000000    18712392    18697441    18701731    18707632
0000016    18715711    18692294    18709814    18714826
0000032    18725764    18721755    18689839    18720523
0000048    18687428    18725319    18687895    18706702
0000064    18687882    18704633    18687862    18712411
0000080    18700241    18713646    18718827    18713519
0000096    18706137    18689994    18704798    18689590
0000112    18701641    18689844    18698542    18690298
0000128    18702233    18689667    18705271    18701778
0000144    18700721    18690141    18699967    18700891
0000160    18699523    18699058    18689081    18699784
0000176    18689105    18696897    18689970    18699155
0000192    18688104    18695949    18688090    18696247
0000208    18701790    18698143    18690599    18690919
0000224    18689848    18688006    18689492    18687865
0000240    18689200    18687770    18688762    18687639
0000256    18689371    18687568    18689880    18689253
0000272    18689419    18687627    18689213    18689164
0000288    18689102    18688872    18687442    18689220
0000304    18687641    18688872    18687514    18689121
0000320    18687556    18689368    18687456    18689248
0000336    18689890    18690245    18692751    18691930
0000352    18691390    18688171    18689918    18687916
0000368    18689701    18688115    18689322    18687980
0000384    18689717    18688136    18689579    18690380
0000400    18689766    18687943    18689492    18689916
0000416    18689468    18689413    18687553    18689892
0000432    18687659    18689484    18687560    18689473
0000448    18687536    18689437    18687632    18689991
0000464    18689927    18690144       19927    12908298
0000480        1940           0           0           0
0000496           0           0           0           0
0000512    19138063    19134983    19134123    19131826
0000528    19133743    19131926    19130591    19132551
0000544    19130406    19138133
0000552
