0000000           0           0           0           0
0000016           0           1           0           0
0000032           0           0           0           0
0000048           0           0           0           0
0000064           0           0           0           0
0000080           0           0           1           0
0000096           0           1           0           0
0000112           0           1           1           0
0000128           0           1           2           0
0000144           0           4           0           0
0000160           0           0           0           0
0000176           0           0           0           0
0000192           0           2           0           0
0000208           0           0           0           8
0000224           0           1           1           0
0000240           3           0           0           0
0000256           0           5           5           0
0000272           3           0           1           0
0000288           0           0           0           1
0000304           0           0           0           1
0000320           0           0           3           0
0000336           2           1          10           1
0000352           5           1           3           0
0000368           0           0           0           0
0000384           2           0           0          13
0000400           0           2           6           0
0000416           0           1           2           3
0000432           0           1           0           0
0000448           0           1           0           1
0000464           1           0       26636    13457313
0000480        1923           0           0           0
0000496           0           0           0           0
0000512           0           0           1           0
0000528           1           1           1           0
0000544           0           0
0000552
