0000000      111227      110556      121136      108667
0000016      128188      108069      127503      116978
0000032      110353      125612      114533      133776
0000048      123620      100197      122047      100901
0000064      105537      198132      121972       95177
0000080      109270       84371       50863       96307
0000096      121956      126564       74681      116603
0000112      108846      116834      147165       84180
0000128      177536      131919      135752      130802
0000144      128726      147523      124465      135758
0000160      116062      120351       76192      121981
0000176      107346      144200      101109      125564
0000192      121596      118613      117103      107775
0000208      146938      114163       87914      122309
0000224      119825      122275      101354      123243
0000240      105710      106672       95280      128358
0000256       99247      125541      111998      101308
0000272      133567      103397      105620      107445
0000288      109317       75110      122338      109812
0000304       90098       97724      124266      114031
0000320       89214       82385      105194      121060
0000336      128852      117886      113888      178937
0000352      144544      120062      110777      193044
0000368      109007      105725      102348      112147
0000384      117152       98940      103339      140846
0000400      101792      133096      106529      122451
0000416      102530      111889      119553      111841
0000432       97586      112896      109571      111840
0000448       99349      127171      101100      102868
0000464      105454      125605       60311    13205998
0000480        1924           0           0           0
0000496           0           0           0           0
0000512       63627       42682       40015       49060
0000528      127616       36071       67744       30897
0000544       22910       46970
0000552
