0000000           0           0           1           0
0000016           2           0           1           0
0000032           0           0           0           0
0000048           0           0           0           0
0000064           0           0           1           0
0000080           0           0           0           0
0000096           0           1           0           1
0000112           0           0           2           1
0000128           2           9           2           3
0000144           3           4           0           0
0000160           0           0           0           0
0000176           0           2           0           1
0000192           0           1           0           1
0000208           0           0           0          13
0000224           0           8           0           0
0000240           4           0           0           2
0000256           1          10           6           0
0000272           5           0           1           1
0000288           1           0           1           3
0000304           0           0           0           0
0000320           0           0           1           0
0000336           2           6          10           0
0000352          19           2           3           5
0000368           1           0           1           0
0000384           6           0           1          11
0000400           1           6           7           1
0000416           0           0           4           7
0000432           1           3           0           4
0000448           0           9           0           0
0000464           0           6       52945    13443551
0000480        1921           0           0           0
0000496           0           0           0           0
0000512           1           0           0           0
0000528           1           0           0           0
0000544           0           0
0000552
