0000000    13884356    13908080    13616814    13369526
0000016    13845303    14510911    13652619    13652408
0000032    14425244    13867116    13600833    13602228
0000048    14044980    13622303    13854648    13397542
0000064    13686016    13350284    13891978    13228197
0000080    12972471    13745561     7824732     8112003
0000096     8331791     8121730     8009549     8480245
0000112     8184696     8190387     8408448     8562136
0000128     8907550     8336273     8614466     8237891
0000144     8352047     8782076     7789841     7995669
0000160     8004851     7597867     7891805     8199263
0000176     8481279     7437016     9042995     7883216
0000192     7863372     7897612     7913699     7652730
0000208     7794565     8049665    41619108    42035183
0000224    42598162    41728901    42295770    41589401
0000240    43288092    43079664    42325696    42216220
0000256    44010056    44049268    43625695    42263018
0000272    42592756    45936386    43179431    43803012
0000288    41907998    42417970    44278364    42445666
0000304    42983984    42308201    43908605    41111526
0000320    43271071    42561909    41971656    41089019
0000336    42345881    42279105    40027480    40370145
0000352    39286752    40927212    39674325    39595542
0000368    40393776    41174927    40908223    40704047
0000384    40680368    41590606    40965252    41525804
0000400    39413724    41029654    41578382    40817926
0000416    40128515    39590406    41228868    39785725
0000432    39883074    39311337    41537261    37835982
0000448    39111365    39626642    39292888    38290345
0000464    39117929    39268381        6129    13188577
0000480        1944           0           0           0
0000496           0           0           0           0
0000512      118050      107521      112996      114799
0000528      149922      104775      120445       94090
0000544       96029      109367
0000552
