0000000       36129    10145571        9555           0
0000016           0           0           0           0
0000032           0           0      259442      297192
0000048      599141      354957      264434      166138
0000064      267037      325331      282926      566087
0000080      191793      590060      541378      661117
0000096      471284      419545      296877      339273
0000112      260681      508049      210549      569227
0000128      507312      353389      291552      453564
0000144      458237      658056      595077      582445
0000160      541583      501749      109401      262114
0000176      413136      608859      498928      703801
0000192      722958      283444       42606      572431
0000208      419577      479071      299505      542470
0000224      671910      434527      417868      391638
0000240      190547      583879      117711      452922
0000256      435781      194924      333972      260662
0000272      374025      533540      156494      178784
0000288      201602      486706      522081      612864
0000304      506327      463847      506488      543407
0000320      514273      395939      682594      389291
0000336      486687      468628      589049      629094
0000352      926939      651368      601227      525331
0000368      395862      624403      499803      550138
0000384      349628      222935      556170      188448
0000400      579197      447271      752800      426192
0000416      402608      492405      548279      599267
0000432      647746      590871      580650      737983
0000448      514444      620977      648580      528662
0000464      455301      545492      530104      629471
0000480      564867      482570      534530      580786
0000496      552490      641454      504297      541749
0000512      556955      399569      480836      531727
0000528      565146      552739      578777      633231
0000544      520554      562394
0000552
