0000000       59799    10188191        9603           0
0000016           0           0           0           0
0000032           0           0        9977       11462
0000048       24691       11045       10110        8554
0000064       10180       11069        9939       19002
0000080        9243       21371       18741       89483
0000096       14381       13376       11953       11028
0000112       10726       16616        9102       21745
0000128       16392       11663       10114       14255
0000144       14675       94644       52123       30425
0000160       18373       17637        9120       11679
0000176       13483       21178       16821       22487
0000192       23574       11800        6948       20495
0000208       14724       16152       13185       19111
0000224       66054       14606       14557       13899
0000240        9738       21560        8647       16783
0000256       14535       11129       13455       11585
0000272       13444       18392        9833        9449
0000288       10807       15988       18451       60079
0000304       16898       14520       19465       20109
0000320       17608       13237       41147       12666
0000336       16246       15544       44718       35384
0000352       46258       49859       30029       19231
0000368       12972       42037       18568       32160
0000384       11637        9940       20069        9192
0000400       34577       14591       68952       14010
0000416       13415       19047       26867       67626
0000432      216788       97668       92056      260481
0000448       42312       62713      205753       34264
0000464       15083       89358       33936       94699
0000480       88137       28299       34101       54455
0000496       32134      115678       23891       24741
0000512       63441       12115       25452       28047
0000528       45676       97411       54629       80390
0000544       26346       82041
0000552
