0000000        5476    10381916        9584           0
0000016           0           0           0           0
0000032           0           0          34          45
0000048         106          43          38          24
0000064          39          55          41         110
0000080          31          91          84         167
0000096          72          57          53          41
0000112          38          73          23          92
0000128          78          68          43          76
0000144          53         192         136          93
0000160          86          64          52          53
0000176          68         136         105         131
0000192         126          64          13         121
0000208          87         100          78         111
0000224         181          80         100          83
0000240          53         122          40         102
0000256          76          60          69          65
0000272          78          97          49          30
0000288          37          86         105         154
0000304          87          87          83          91
0000320          82          56         129          51
0000336          59          65         127          85
0000352         193         147         130          94
0000368          57         140         107         114
0000384          59          44         110          41
0000400         125          77         171          57
0000416          63          85          57          87
0000432         173         108         100         248
0000448          62         111         167          58
0000464          37          71          50         145
0000480          94          53          74          82
0000496          63         125          46          86
0000512          78          28          65          66
0000528          81         108          92         132
0000544          61          99
0000552
