0000000         918    10166822        9561           0
0000016           0           0           0           0
0000032           0           0       24368       30012
0000048      214514       46555       25229       16041
0000064       26054       36396       27490      163423
0000080       17805      197692      172690      460319
0000096       90522       62737       31071       47878
0000112       27369      135243       19034      188162
0000128      132049       48290       33127       82372
0000144       73710      453491      350970      273171
0000160      149183      143780       14032       26307
0000176       65110      159710      123793      152585
0000192      134355       29479       10802      160465
0000208       61658       94658       32506      132420
0000224      415343       71734       70354       52504
0000240       19276      179126       14126       75925
0000256       85059       19750       36977       27383
0000272       56982      146135       17289       18230
0000288       20761      118952      160565      396644
0000304      138903      115819      182723      182863
0000320      157224       59219      355929       73712
0000336      138400       81735      342003      298197
0000352      465103      376948      271911      186751
0000368       62409      334487      166195      267600
0000384       55608       22703      191730       19718
0000400      281867      105183      448661       93064
0000416       77951      165160      259747      406419
0000432      564619      457131      444074      654889
0000448      320143      416164      572699      291016
0000464      151518      427681      291616      479217
0000480      434859      244967      295460      380996
0000496      299819      515354      224019      244170
0000512      375266      100937      241218      271567
0000528      340644      429486      369935      455312
0000544      247568      402893
0000552
