0000000       48802    10362570        9559           0
0000016           0           0           0           0
0000032           0           0          63          66
0000048         156          55          60          47
0000064          47          74          69         136
0000080          41         121         110         503
0000096          75          83          57          63
0000112          46          97          43         130
0000128          97          71          50          96
0000144          86         705         343         170
0000160         120         114          52          61
0000176         110         177         127         173
0000192         172          87          38         184
0000208         131         125          93         151
0000224         701          78         130          91
0000240          54         190          54         112
0000256         105          63          78          72
0000272          90         150          57          37
0000288          68         144         133         399
0000304         136          91         106         132
0000320         112          86         228          81
0000336         118          98         301         214
0000352         310         298         207         117
0000368          89         279         133         225
0000384          72          53         128          48
0000400         237         104         437          75
0000416          88          85          68         140
0000432         772         178         189        1086
0000448          66         168         691         103
0000464          54         204          96         259
0000480         200          91         101         114
0000496         106         280          72         102
0000512         124          44          87          98
0000528          93         196         117         189
0000544          98         178
0000552
