0000000       45083    10213330        9558           0
0000016           0           0           0           0
0000032           0           0        6243        7136
0000048       11861        6990        6096        5257
0000064        6186        7078        6287       11520
0000080        5670       11645       10634       15546
0000096        9317        8734        7494        7046
0000112        6678        9855        5430       11753
0000128       10106        7408        6396        9355
0000144        9620       15849       12968       12023
0000160       10887        9547        5904        7431
0000176        9394       13843       11323       15811
0000192       16551        8041        4322       12999
0000208       10581       11493        8836       12609
0000224       16263       10113       10151        9259
0000240        6303       12903        5553       11749
0000256        9721        7178        9043        7955
0000272        9019       11782        6292        5938
0000288        7081       10919       11302       14641
0000304       11118       10116       10641       11656
0000320       11023        9246       15231        8908
0000336       10226       10956       13339       14005
0000352       22600       15156       13875       11273
0000368        8821       14216       11229       12250
0000384        8138        6636       11986        5935
0000400       13023        9669       18078        9761
0000416        9056       10561       11345       13521
0000432       25829       14869       14556       30361
0000448       11140       14986       23064       11629
0000464        9345       13833       11147       16010
0000480       13913        9979       11337       12748
0000496       11952       16548       10639       11398
0000512       12824        8080       10413       11496
0000528       12377       13944       13025       15370
0000544       11142       13528
0000552
