0000000       14369     9529362        9560           0
0000016           0           0           0           0
0000032           0           0           0           0
0000048           0           0           1           2
0000064           0           1           0           0
0000080           1           0           0           0
0000096           2           0           1           1
0000112           1           1           2           0
0000128           1           0           0           1
0000144           0           1           0           1
0000160           0           0           0           0
0000176           0           1           1           0
0000192           0           0           0           0
0000208           2           0           0           0
0000224           0           0           3           0
0000240           4           0           0           2
0000256           0           0           1           0
0000272           2           1           0           1
0000288           1           1           0           0
0000304           0           1           0           2
0000320           1           0           2           1
0000336           0           0           0           0
0000352           1           0           0           0
0000368           2           2           0           2
0000384           0           1           0           0
0000400           1           0           2           0
0000416           1           0           0           0
0000432           1           1           0           1
0000448           1           0           0           0
0000464           1           2           0           0
0000480           0           0           0           0
0000496           0           0           0           0
0000512           0           0           2           0
0000528           0           1           0           1
0000544           0           0
0000552
