0000000       15465     9651063        9557           0
0000016           0           0           0           0
0000032           0           0         186         175
0000048         195         192         182         187
0000064         164         194         164         188
0000080         170         204         180         185
0000096         182         193         185         181
0000112         180         179         191         195
0000128         195         174         187         173
0000144         207         195         210         184
0000160         193         188         344         204
0000176         223         260         216         239
0000192         215         234         198         250
0000208         206         286         205         237
0000224         289         221         226         194
0000240         203         251         217         251
0000256         224         212         204         227
0000272         220         225         215         221
0000288         223         216         192         155
0000304         169         167         150         171
0000320         134         169         153         155
0000336         137         176         160         155
0000352         167         170         185         160
0000368         154         186         169         176
0000384         158         149         154         148
0000400         181         165         208         163
0000416         166         161         136         135
0000432         143         155         135         152
0000448         131         153         134         148
0000464         133         165         142         142
0000480         150         157         142         138
0000496         140         147         149         140
0000512         149         145         143         153
0000528         141         150         150         151
0000544         154         158
0000552
