0000000        2931    10120447        9561           0
0000016           0           0           0           0
0000032           0           0      558803      607329
0000048      679241      551026      543703      493236
0000064      560533      553259      543321      663053
0000080      534476      673709      617878      678756
0000096      639057      633763      618087      560849
0000112      566576      627940      510368      669091
0000128      628042      563085      543424      625307
0000144      662777      678344      626167      626517
0000160      665778      616134      463854      591404
0000176      624229      756962      625065      874029
0000192      970012      568600      333693      711986
0000208      639578      669740      633266      729954
0000224      705761      651104      620652      639934
0000240      508805      701448      445507      700317
0000256      609453      564963      635533      575907
0000272      608515      667084      499141      504418
0000288      556546      616781      620674      639092
0000304      617106      569621      575493      629233
0000320      603490      601717      733570      559974
0000336      589884      678086      622104      688115
0000352     1002283      687426      658449      600477
0000368      589144      666022      589217      602123
0000384      533992      495974      635946      473932
0000400      633432      589077      798894      589883
0000416      591977      601092      591886      622736
0000432      663302      617698      598240      753822
0000448      545754      643146      659974      565661
0000464      529452      560929      564635      645470
0000480      579342      528858      566898      607184
0000496      591238      656781      566192      597866
0000512      594394      498228      528838      571734
0000528      603895      569678      607824      657992
0000544      575034      588113
0000552
