0000000           1           0           0           0
0000016           0           0           0           0
0000032           0           0           1           1
0000048           1           0           1           0
0000064           0           0           0           0
0000080           0           0           0           0
0000096           2           1           3           1
0000112           0           2           0           1
0000128           2           1           0           0
0000144           0           1           0           0
0000160           0           1           0           1
0000176           0           0           1           2
0000192           2           1           0           0
0000208           0           0           0           0
0000224           0           0           0           0
0000240           0           1           1           1
0000256           0           0           0           1
0000272           0           0           0           0
0000288           0           0           0           0
0000304           0           0           0           0
0000320           0           0           1           0
0000336           1           0           1           0
0000352           0           0           1           0
0000368           1           0           0           0
0000384           0           0           0           0
0000400           0           0           0           0
0000416           1           1           0           0
0000432           0           0           1           1
0000448           0           0           1           0
0000464           0           0       38280    10906545
0000480        9555           0           0           0
0000496           0           0           0           0
0000512           1           1           0           0
0000528           0           0           0           1
0000544           2           0
0000552
