0000000           2           1           3           1
0000016           1           0           1           0
0000032           0           0           2           0
0000048           0           1           1           0
0000064           0           3           1           3
0000080           0           1           0           0
0000096           1           4           0           0
0000112           3           1           0           2
0000128           0           1           1           3
0000144           1           0           1           1
0000160           0           2           0           0
0000176           0           0           0           0
0000192           1           2           0           0
0000208           1           1           2           3
0000224           1           3           2           1
0000240           1           1           2           4
0000256           0           2           2           3
0000272           5           1           2           0
0000288           0           3           2           1
0000304           1           1           2           0
0000320           0           2           2           1
0000336           1           1           1           0
0000352           2           1           2           2
0000368           0           0           3           0
0000384           2           1           0           3
0000400           3           1           0           1
0000416           1           0           0           0
0000432           2           2           1           1
0000448           1           2           2           2
0000464           1           3       33526    10774848
0000480        9563           0           0           0
0000496           0           0           0           0
0000512           0           0           1           1
0000528           0           1           0           1
0000544           0           0
0000552
