0000000       56282    10302594        9554           0
0000016           0           0           0           0
0000032           0           0         532        1073
0000048        5233        1248         913         312
0000064         471        1527         654        4992
0000080         317        4494        4370        6428
0000096        3018        2069         993        1359
0000112         657        3336         332        4502
0000128        3536        1686         661        2968
0000144        2658        6648        5575        5166
0000160        4200        3459         224        1020
0000176        2622        5581        4324        6012
0000192        5033        1426          67        5023
0000208        3156        4110        1503        4539
0000224        6876        2483        3664        2298
0000240         572        5509         292        4148
0000256        3060         711        1651        1661
0000272        2430        4619         431         432
0000288         879        4199        4529        6316
0000304        4377        3200        3985        4495
0000320        4119        2700        6136        2151
0000336        3526        2624        5503        5543
0000352        9207        6109        5596        4201
0000368        2091        6123        4272        5132
0000384        2189         644        4760         470
0000400        5513        3383        7747        2805
0000416        2524        3614        3154        3877
0000432        5688        4628        4558        7373
0000448        3189        5120        5499        3249
0000464        1541        4535        3302        5674
0000480        4942        2559        3589        3710
0000496        3312        5712        2533        2927
0000512        3729        1105        2412        3548
0000528        3555        4472        4072        5125
0000544        3138        4313
0000552
