0000000           0           1           0           0
0000016           2           1           1           0
0000032           1           0           1           0
0000048           0           1           0           0
0000064           0           3           2           0
0000080           1           1           0           0
0000096           0           1           0           1
0000112           2           0           1           1
0000128           0           0           1           1
0000144           0           0           0           1
0000160           0           1           1           1
0000176           0           0           2           3
0000192           0           0           0           0
0000208           0           1           1           1
0000224           1           0           1           0
0000240           1           0           0           0
0000256           1           0           1           2
0000272           0           2           1           0
0000288           0           1           1           0
0000304           0           0           0           0
0000320           0           0           1           2
0000336           0           0           0           0
0000352           1           0           0           0
0000368           0           1           0           0
0000384           0           1           1           0
0000400           0           0           1           2
0000416           0           0           1           0
0000432           1           1           0           1
0000448           0           0           0           1
0000464           0           1       26178    10825129
0000480        9558           0           0           0
0000496           0           0           0           0
0000512           0           1           0           0
0000528           0           1           1           0
0000544           0           1
0000552
