0000000           0           1           0           0
0000016           1           0           0           0
0000032           1           0           1           1
0000048           1           1           1           1
0000064           0           0           0           0
0000080           0           3           1           0
0000096           0           0           1           1
0000112           0           0           0           0
0000128           2           2           1           0
0000144           0           1           1           0
0000160           1           0           2           2
0000176           1           0           0           0
0000192           0           0           1           1
0000208           0           0           1           0
0000224           0           0           0           0
0000240           0           1           0           0
0000256           0           0           0           0
0000272           0           1           0           2
0000288           2           0           2           0
0000304           0           0           1           0
0000320           0           1           0           2
0000336           0           0           0           1
0000352           2           0           1           0
0000368           1           0           0           0
0000384           1           1           0           0
0000400           0           0           1           1
0000416           4           2           0           1
0000432           0           1           0           0
0000448           1           1           0           0
0000464           0           1       26314    10983924
0000480        9551           0           0           0
0000496           0           0           0           0
0000512           0           0           1           0
0000528           0           0           0           1
0000544           0           0
0000552
