0000000           0           0           1           0
0000016           0           1           0           1
0000032           0           1           1           0
0000048           0           1           0           0
0000064           1           1           1           1
0000080           0           0           0           0
0000096           0           0           0           1
0000112           1           0           0           1
0000128           1           0           0           1
0000144           3           2           1           1
0000160           2           2           2           0
0000176           0           0           1           0
0000192           1           0           3           0
0000208           1           0           1           1
0000224           1           0           0           0
0000240           0           0           1           2
0000256           1           0           1           0
0000272           0           0           0           1
0000288           0           2           0           1
0000304           2           1           0           1
0000320           0           0           0           0
0000336           1           0           0           0
0000352           0           1           0           2
0000368           1           0           1           0
0000384           0           0           0           0
0000400           1           0           0           1
0000416           1           1           0           0
0000432           1           0           1           2
0000448           0           1           1           0
0000464           1           1       15017    11022635
0000480        9564           0           0           0
0000496           0           0           0           0
0000512           0           0           0           0
0000528           0           0           1           1
0000544           0           0
0000552
