0000000           0           0           1           0
0000016           0           1           0           0
0000032           1           0           0           1
0000048           2           2           0           1
0000064           0           1           0           2
0000080           0           2           0           0
0000096           0           1           0           0
0000112           0           0           0           2
0000128           0           0           0           1
0000144           2           0           0           0
0000160           1           0           0           1
0000176           0           0           0           0
0000192           0           0           0           0
0000208           1           1           0           2
0000224           0           0           0           1
0000240           0           0           0           0
0000256           1           1           0           0
0000272           0           0           0           0
0000288           0           1           0           0
0000304           0           0           1           0
0000320           0           0           0           0
0000336           1           0           2           2
0000352           1           0           0           1
0000368           0           0           1           0
0000384           0           1           0           1
0000400           0           0           0           0
0000416           0           0           1           0
0000432           1           0           0           0
0000448           0           0           0           0
0000464           2           2       21027    11080675
0000480        9566           0           0           0
0000496           0           0           0           0
0000512           0           0           0           0
0000528           0           0           0           0
0000544           0           1
0000552
