0000000           2          40          44          90
0000016          26           8           7           3
0000032           0          24           3          44
0000048          24           7           3          12
0000064          19         103          67          54
0000080          29          18           1           9
0000096          21          47          43          79
0000112          48          10           0          52
0000128          29          46           9          40
0000144          97          22          50          26
0000160           2          63           2          53
0000176          18           2          11          10
0000192          18          60           3           2
0000208           2          37          56          77
0000224          48          31          45          48
0000240          38          15          61          13
0000256          34          18          76          57
0000272         132          79          81          36
0000288          14          66          53          59
0000304          16           1          52           3
0000320          45          25          95          14
0000336          17          25          26          39
0000352          72          46          57          89
0000368          26          68          60          37
0000384          10          43          39          68
0000400          62          18          37          32
0000416          34          72          14          29
0000432          35           5          15          23
0000448          26          49          43          60
0000464          23          45       16531    10602858
0000480       13387           0           0           0
0000496           0           0           0           0
0000512           1           5          44           0
0000528           4           0           2           2
0000544           2          43
0000552
