0000000       11260     9548725        9559           0
0000016           0           0           0           0
0000032           0           0           0           0
0000048           0           0           0           0
0000064           0           0           0           0
0000080           0           1           0           1
0000096           2           0           1           2
0000112           0           2           1           0
0000128           0           1           2           0
0000144           0           0           3           0
0000160           0           0           1           0
0000176           0           0           0           1
0000192           5           0           0           3
0000208           1           1           0           0
0000224           0           2           0           0
0000240           0           0           3           0
0000256           0           1           0           0
0000272           0           0           0           0
0000288           0           0           0           0
0000304           0           1           0           0
0000320           2           0           0           0
0000336           0           0           0           0
0000352           0           0           1           2
0000368           0           0           1           0
0000384           1           0           0           1
0000400           0           0           0           1
0000416           0           0           0           0
0000432           0           1           0           1
0000448           0           1           0           0
0000464           0           0           0           0
0000480           0           0           1           0
0000496           1           2           0           0
0000512           0           0           0           1
0000528           0           1           2           0
0000544           0           0
0000552
