0000000       21594     9629830        9556           0
0000016           0           0           0           0
0000032           0           0           2           0
0000048           1           1           0           1
0000064           0           2           2           0
0000080           0           1           1           4
0000096           4           0           1           2
0000112           1           0           0           0
0000128           2           0           1           3
0000144           0           6           2           0
0000160           2           2           1           1
0000176           1           5           3           7
0000192           0           1           2           7
0000208           1           4           2           4
0000224           6           1           2           0
0000240           0           9           0           7
0000256           5           1           3           7
0000272           0           0           0           0
0000288           3           0           3           2
0000304           5           0           1           3
0000320           2           3           3           0
0000336           1           0           4           3
0000352           5           6           6           0
0000368           0           4           0           5
0000384           2           0           1           0
0000400           6           1           5           2
0000416           2           1           2           0
0000432           1           0           0           2
0000448           0           0           1           0
0000464           0           0           0           0
0000480           0           1           1           0
0000496           1           2           0           0
0000512           0           0           2           1
0000528           1           2           1           0
0000544           0           1
0000552
