0000000           2           0           0           2
0000016           2           1           0           0
0000032           1           1           2           1
0000048           1           1           0           1
0000064           0           3           5           1
0000080           0           0           0           1
0000096           4           1           1           0
0000112           1           1           0           1
0000128           3           0           0           0
0000144           4           0           0           1
0000160           0           4           0           2
0000176           1           1           2           0
0000192           2           5           0           0
0000208           2           1           1           4
0000224           1           0           1           4
0000240           0           0           0           0
0000256           0           2           2           4
0000272           3           2           2           5
0000288           1           2           3           3
0000304           1           0           0           1
0000320           2           2           7           1
0000336           1           0           0           1
0000352           1           2           1           4
0000368           2           2           2           1
0000384           0           1           0           0
0000400           1           1           2           1
0000416           2           2           0           0
0000432           0           1           1           6
0000448           1           1           5           0
0000464           1           0        4818    10751649
0000480        9601           0           0           0
0000496           0           0           0           0
0000512           0           0           0           0
0000528           0           1           0           0
0000544           1           0
0000552
