0000000           0           0           0           0
0000016           0           0           0           1
0000032           1           1           1           0
0000048           0           1           1           1
0000064           0           1           0           0
0000080           0           0           0           0
0000096           1           0           1           1
0000112           0           1           0           0
0000128           1           0           0           0
0000144           0           0           3           0
0000160           0           1           0           0
0000176           0           0           3           1
0000192           0           0           1           0
0000208           1           0           0           1
0000224           0           1           0           0
0000240           0           0           0           1
0000256           0           1           1           0
0000272           0           0           1           0
0000288           0           0           0           2
0000304           0           0           2           0
0000320           0           0           0           1
0000336           0           1           0           0
0000352           0           0           0           2
0000368           0           0           0           0
0000384           0           0           0           0
0000400           0           0           1           2
0000416           0           0           0           0
0000432           0           1           0           0
0000448           0           0           1           0
0000464           0           1       10064    11119288
0000480        9560           0           0           0
0000496           0           0           0           0
0000512           0           3           0           0
0000528           0           0           0           1
0000544           1           0
0000552
