0000000       23888      388263        1924           0
0000016           0           0           0           0
0000032           0           0        1537        1322
0000048        1113        1138        1475        1437
0000064        1034        2163        1219        2290
0000080        3344        1684        2999        2955
0000096        1645        3116        1456        2382
0000112        1580        1578        1495        1276
0000128        1790        1449        2290        1941
0000144        1963        2499        1736        2011
0000160        1445        1798         767        1357
0000176        1378        1045        1382        1485
0000192         940        1710        1803        1293
0000208        1094        3852        1294        1322
0000224        3534        1852         884        1037
0000240        1226        1389        1416        1571
0000256        1166        1276        1192         959
0000272         888        1961        1628        1074
0000288        1581        1574        1183         792
0000304        1003        1066        1166        1063
0000320        1555        1189        1295         936
0000336        1419        1254        1032        1168
0000352        1643        1142        1125        1019
0000368        1118        1103        1521        1312
0000384        1044        1075         976        1375
0000400        1066        1783         864         983
0000416         763        1198        1186        3017
0000432        2616        3335        1510        2076
0000448        1187        1036        1717        1570
0000464        1232        1263        2123        1408
0000480        1227        6361        1565        1221
0000496        1014        1688        1296        1534
0000512        1868        1819        1191        1181
0000528        1925        1425        3046        1434
0000544        1605        1262
0000552
