0000000       44926      547961        1919           0
0000016           0           0           0           0
0000032           0           0          30          20
0000048          14          13          16          24
0000064          13          22          11          20
0000080          35          25          24          22
0000096          24          24          17          22
0000112          17          19          22          25
0000128          25          18          17          26
0000144          20          27          20          29
0000160          23          25          11          15
0000176          15          14          12          20
0000192          15          14          22          23
0000208          13          34          22          19
0000224          42          19          15          13
0000240          24          20          20          24
0000256          14          23          24          15
0000272          11          21          17          12
0000288          22          17          26           8
0000304          14          18          13          13
0000320          23          13          20          26
0000336          33          25          15          28
0000352          27          27          15          20
0000368          18          19          31          28
0000384          26          20          20          14
0000400          19          36          11          13
0000416          13          17          19          42
0000432          29          34          10          23
0000448          12          16          31          18
0000464          16          15          24          19
0000480          15          22          14          18
0000496          10          26          14          19
0000512          15          25          17          15
0000528          27          29          31          21
0000544          26          27
0000552
