0000000        1778      399987        1923           0
0000016           0           0           0           0
0000032           0           0        1144         925
0000048         830         824        1127        1193
0000064         815        1332         946        1376
0000080        1462        1236        1600        1426
0000096        1289        1543        1074        1410
0000112        1158        1191        1095         987
0000128        1196        1063        1378        1369
0000144        1282        1361        1313        1408
0000160        1151        1152         697        1006
0000176        1099         795        1039        1115
0000192         703        1305        1414        1068
0000208         779        1861        1015         978
0000224        1741        1340         729         759
0000240         943        1052        1105        1204
0000256         846        1005         934         731
0000272         670        1442        1252         872
0000288        1130        1205         956         693
0000304         782         870         895         847
0000320        1270         915        1007         816
0000336        1023         943         812        1006
0000352        1311         909         883         775
0000368         896         846        1215        1031
0000384         898         879         881        1147
0000400         916        1392         796         776
0000416         654         938        1006        1822
0000432        1544        1700        1140        1231
0000448         887         818        1359        1162
0000464         954         978        1266        1124
0000480        1009        1592        1173         997
0000496         888        1419        1048        1124
0000512        1054        1378         957         950
0000528        1295        1180        2053        1159
0000544        1226         991
0000552
