0000000       36591      201178        1924           0
0000016           0           0           0           0
0000032           0           0    17145958    17128855
0000048    17105163    17017079    17065275    17018101
0000064    17067789    17017718    17066077    17017767
0000080    17068003    17017503    17081961    17098998
0000096    17114190    17025023    17090490    17057887
0000112    17094243    17070696    17007523    17057716
0000128    17001567    17032527    16982855    17045757
0000144    16997035    17030517    16990363    17047596
0000160    17094224    17070466    17842798    17800772
0000176    17789692    17760469    17786493    17755591
0000192    17779952    17756650    17775937    17758530
0000208    17777586    17753648    17778210    17780887
0000224    17779017    17757637    17776448    17775867
0000240    17773311    17773073    17753837    17770403
0000256    17754263    17764741    17753777    17771389
0000272    17754340    17767981    17749426    17768984
0000288    17768633    17772074    18310598    18307692
0000304    18301747    18276690    18291659    18275599
0000320    18289762    18275865    18286796    18275208
0000336    18288028    18277549    18292442    18289851
0000352    18287684    18276843    18289288    18289154
0000368    18287527    18282648    18271027    18285807
0000384    18271703    18279252    18271701    18280559
0000400    18270824    18280829    18271435    18280723
0000416    18286849    18286238    17964330    17952979
0000432    17942729    17907092    17931948    17903821
0000448    17932340    17907644    17925047    17906932
0000464    17926747    17909475    17929075    17934950
0000480    17930555    17906392    17925930    17929163
0000496    17933969    17918022    17903906    17920218
0000512    17902609    17915673    17903243    17919646
0000528    17899798    17917765    17899628    17915892
0000544    17918060    17927659
0000552
