0000000        7456      798166        1922           0
0000016           0           0           0           0
0000032           0           0           1           0
0000048           1           0           1           3
0000064           0           0           0           1
0000080           3           0           1           1
0000096           1           0           0           0
0000112           0           1           0           0
0000128           0           3           0           0
0000144           1           2           0           0
0000160           2           0           1           0
0000176           1           1           1           1
0000192           0           1           1           0
0000208           0           4           0           2
0000224           0           0           1           1
0000240           2           1           1           2
0000256           1           0           1           0
0000272           0           0           2           1
0000288           1           1           1           0
0000304           2           1           0           3
0000320           1           0           0           0
0000336           1           0           1           0
0000352           2           0           0           0
0000368           0           2           0           0
0000384           2           1           1           3
0000400           0           3           0           0
0000416           0           0           1           1
0000432           0           1           1           1
0000448           0           0           1           0
0000464           1           1           3           2
0000480           1           1           0           1
0000496           0           1           1           1
0000512           0           1           1           0
0000528           1           1           1           0
0000544           1           1
0000552
