0000000        7733      228500        1920           0
0000016           0           0           0           0
0000032           0           0    18588631    18588455
0000048    18587906    18578771    18579213    18575373
0000064    18582826    18572041    18583938    18572287
0000080    18586437    18571409    18579897    18590581
0000096    18589055    18574585    18582575    18589051
0000112    18586925    18579871    18568789    18575704
0000128    18564153    18573060    18562964    18571659
0000144    18563677    18572476    18562244    18573695
0000160    18572317    18572010    18589406    18585623
0000176    18580203    18574313    18578962    18571249
0000192    18577413    18571442    18576415    18572428
0000208    18576970    18568085    18576615    18576386
0000224    18575383    18571199    18575175    18575186
0000240    18574088    18573746    18568734    18573185
0000256    18568871    18571014    18568177    18572104
0000272    18569100    18571646    18566000    18572079
0000288    18571566    18572467    18635150    18637511
0000304    18620668    18574450    18616185    18568958
0000320    18618775    18578145    18602300    18559465
0000336    18602887    18586647    18604518    18585966
0000352    18587965    18585751    18588387    18588935
0000368    18588099    18579140    18552007    18577027
0000384    18553806    18565354    18552674    18567489
0000400    18550429    18566866    18550441    18566061
0000416    18575562    18578433    18927635    18926594
0000432    18924238    18916193    18922825    18915388
0000448    18922929    18918546    18921188    18916909
0000464    18921981    18918453    18922269    18923702
0000480    18923637    18916656    18922448    18923200
0000496    18924435    18920193    18915658    18920140
0000512    18914489    18918647    18915668    18920184
0000528    18912970    18919542    18911993    18918562
0000544    18919072    18920803
0000552
