0000000       64727      759109        1920           0
0000016           0           0           0           0
0000032           0           0           1           0
0000048           1           0           1           1
0000064           1           0           1           2
0000080           1           3           0           1
0000096           0           0           1           0
0000112           0           0           0           0
0000128           0           0           0           1
0000144           1           1           1           0
0000160           1           0           0           3
0000176           3           0           2           4
0000192           0           1           1           3
0000208           1           0           2           1
0000224           1           2           2           0
0000240           1           0           0           0
0000256           1           1           1           0
0000272           0           0           1           2
0000288           2           2           0           1
0000304           1           0           0           1
0000320           3           1           1           1
0000336           0           1           1           2
0000352           0           0           1           2
0000368           0           1           1           0
0000384           1           0           0           0
0000400           0           0           0           0
0000416           1           1           2           0
0000432           2           1           1           0
0000448           0           1           0           1
0000464           0           1           2           1
0000480           1           1           1           0
0000496           1           0           1           5
0000512           0           1           0           1
0000528           0           2           1           2
0000544           0           1
0000552
