0000000        2799      887992        1923           0
0000016           0           0           0           0
0000032           0           0           2           0
0000048           0           0           0           1
0000064           1           0           1           0
0000080           1           0           0           0
0000096           2           1           0           1
0000112           1           0           0           0
0000128           1           0           0           0
0000144           1           0           0           1
0000160           0           0           0           1
0000176           0           0           0           0
0000192           0           1           0           0
0000208           0           1           0           0
0000224           1           1           0           0
0000240           0           2           2           1
0000256           0           0           0           0
0000272           1           0           0           0
0000288           0           1           0           0
0000304           0           1           0           1
0000320           0           0           0           0
0000336           0           1           0           0
0000352           0           1           1           1
0000368           0           0           1           0
0000384           1           1           1           0
0000400           0           1           2           0
0000416           0           1           0           0
0000432           0           0           0           0
0000448           0           1           0           1
0000464           1           0           2           1
0000480           0           1           1           0
0000496           0           0           1           0
0000512           0           0           0           1
0000528           0           0           0           0
0000544           0           0
0000552
