0000000       59938      644050        1924           0
0000016           0           0           0           0
0000032           0           0          19          14
0000048          16          10          17          18
0000064          11          18          19          24
0000080          17          15          22          26
0000096          14          18          11          33
0000112          16          16          19          22
0000128          16          22          17          21
0000144          20          23          14          30
0000160          17          11           6          19
0000176          19          14          13          14
0000192          17          24          26          19
0000208           5          27          18          10
0000224          43          21           8           8
0000240          24          19          14          24
0000256           9          19          22          19
0000272           8          24          15          12
0000288          22          15          12          11
0000304          11          17          22           8
0000320          22          19          17          17
0000336          19          17          19          11
0000352          34          22          22          19
0000368          18          16          18          21
0000384          17          22          12          25
0000400           8          25           7          19
0000416           6          19          17          33
0000432          27          26          22          22
0000448          16          11          22          15
0000464          15          14          22          20
0000480          18          19          24           7
0000496          15          19          12          16
0000512          15          25          12          15
0000528          25          12          30          19
0000544          19          16
0000552
