0000000       34347       84288        1922           0
0000016           0           0           0           0
0000032           0           0           0           1
0000048           0           0           0           0
0000064           0           1           0           1
0000080           2           1           0           1
0000096           2           2           1           4
0000112           0           2           2           2
0000128           2           0           2           1
0000144           2           0           1           1
0000160           1           2           0           1
0000176           2           1           1           2
0000192           0           3           3           0
0000208           0           4           0           0
0000224           5           4           1           1
0000240           1           0           0           2
0000256           0           1           1           1
0000272           1           3           1           1
0000288           1           0           2           3
0000304           3           1           2           3
0000320           4           2           2           3
0000336           3           4           0           4
0000352           3           2           3           0
0000368           3           0           5           3
0000384           3           2           2           2
0000400           1           3           0           1
0000416           1           3           0           3
0000432           2           0           1           2
0000448           0           2           0           0
0000464           0           1           2           1
0000480           0           4           1           2
0000496           0           1           0           4
0000512           1           1           0           1
0000528           0           1           2           1
0000544           1           1
0000552
