0000000        9025      125185        1945           0
0000016           0           0           0           0
0000032           0           0          17          12
0000048           2           8          12          20
0000064           4          39           5          41
0000080          44          31          39          34
0000096          22          40          11          19
0000112          10          20          10           9
0000128          29          14          21          21
0000144          25          27          22          24
0000160          24          17           5          29
0000176          39          20          25          39
0000192          18          55          53          42
0000208          18          91          24          17
0000224         107          53          14          20
0000240          24          39          48          54
0000256          12          53          37          21
0000272          14          54          53          23
0000288          51          50          79          43
0000304          48          64          87          73
0000320         102          72          82          71
0000336         101          87          73          91
0000352         142          72          83          56
0000368          73          63         123          74
0000384          69          72          67         146
0000400          72         169          70          49
0000416          34          87          30          55
0000432          62          75          37          46
0000448          12          25          25          42
0000464          19          38          47          35
0000480          39          38          51          17
0000496          11          42          33          45
0000512          37          49          13          32
0000528          56          18          73          41
0000544          30          21
0000552
