0000000       53592      437032        1925           0
0000016           0           0           0           0
0000032           0           0         907         744
0000048         650         727         839         852
0000064         691         898         774         958
0000080         882         979        1009         929
0000096         970         930         965         986
0000112         773         876         811         769
0000128         850         858         934         884
0000144         886         892         997         974
0000160         777         828         583         765
0000176         828         648         770         942
0000192         588         999         912         735
0000208         687        1178         802         702
0000224        1127         971         587         655
0000240         776         912         912         912
0000256         726         773         751         717
0000272         647        1067         995         744
0000288         938         924         830         597
0000304         655         731         708         744
0000320         965         799         912         680
0000336         955         830         664         892
0000352        1073         833         768         681
0000368         796         810        1024         900
0000384         720         790         766         868
0000400         807        1161         687         730
0000416         620         794         592        1126
0000432         930        1038         666         840
0000448         625         590         967         736
0000464         611         644         859         812
0000480         689         699         810         658
0000496         594         932         763         778
0000512         767         851         679         647
0000528         857         829        1334         854
0000544         902         681
0000552
