0000000       35369      729908        1920           0
0000016           0           0           0           0
0000032           0           0           1           0
0000048           1           1           0           1
0000064           0           1           1           3
0000080           5           2           4           2
0000096           0           2           0           2
0000112           0           1           5           2
0000128           1           0           0           2
0000144           0           3           1           1
0000160           1           2           0           1
0000176           1           0           0           2
0000192           0           0           2           0
0000208           1           6           1           0
0000224           6           1           2           1
0000240           0           0           2           0
0000256           2           0           2           2
0000272           0           1           0           0
0000288           1           2           0           0
0000304           1           1           1           1
0000320           2           2           1           1
0000336           2           1           0           1
0000352           3           2           3           2
0000368           1           1           3           0
0000384           0           1           2           0
0000400           0           3           1           1
0000416           1           0           0           3
0000432           2           9           1           5
0000448           1           2           4           0
0000464           1           2           4           1
0000480           0           8           1           0
0000496           2           0           1           1
0000512           0           3           3           1
0000528           1           0           1           1
0000544           0           0
0000552
