0000000       65465      298593        1929           0
0000016           0           0           0           0
0000032           0           0       59838       46478
0000048       48745       52253       57179       50257
0000064       48580       54883       49237       53869
0000080       49312       55717       58382       53963
0000096       60642       55523       61747       58828
0000112       54453       54461       53979       52975
0000128       55363       53957       51255       54808
0000144       52813       55758       59835       61385
0000160       53229       47026       45129       54938
0000176       49207       49062       50955       60247
0000192       44215       61677       56491       51666
0000208       46612       65338       50504       51375
0000224       63705       57789       45578       46921
0000240       53742       54366       58234       58530
0000256       51584       50402       47287       49076
0000272       48256       63511       57655       52279
0000288       54427       61104       52016       40838
0000304       42174       42564       41643       45883
0000320       50185       51584       54197       47128
0000336       50484       46959       43407       54881
0000352       52729       50167       48218       42493
0000368       47353       49388       62716       51105
0000384       47370       45817       49082       54042
0000400       52720       57015       47236       49661
0000416       42170       46947       38822       63101
0000432       53606       56792       42442       47122
0000448       41533       39378       57883       48759
0000464       41181       43053       50166       53155
0000480       47361       46215       45850       43023
0000496       40713       54774       44492       46363
0000512       40532       47889       43549       43688
0000528       49248       54583       75960       52545
0000544       54264       45656
0000552
