0000000       38702      675134        1953           0
0000016           0           0           0           0
0000032           0           0          12          11
0000048           7           5           6          13
0000064           3          20           8          18
0000080          12          10          17          14
0000096          16          22           8          24
0000112           9          13          12          13
0000128          10          13          14          19
0000144          19          21          16          12
0000160          15          15           0           7
0000176          11           1          21           8
0000192           7          19          30          11
0000208           0          24          14          12
0000224          17          12           1           3
0000240           9          15          13          13
0000256           2          14           9           4
0000272           1          14          19           6
0000288          18          15          20           4
0000304           9          13          16          11
0000320          26          13          11           8
0000336          18          13           9           8
0000352          23           8          13           9
0000368          13           4          19          16
0000384           9          14           6          13
0000400           0          40           2           6
0000416           2          10          10          23
0000432          23          24          18          24
0000448           6           7          21          13
0000464           9           5          18           8
0000480          12          15          16           7
0000496           5          15           9          13
0000512          17          13           6           3
0000528          20           5          20          13
0000544          18           5
0000552
