0000000       29251      173967        1921           0
0000016           0           0           0           0
0000032           0           0        5661        3850
0000048        3562        3801        4361        5132
0000064        2997        6740        3373        6024
0000080        5340        6026        7194        5072
0000096        6351        5965        6009        4852
0000112        4662        4943        4539        4674
0000128        5459        4720        4579        5650
0000144        5537        5103        4729        5520
0000160        6521        4461       21178       21403
0000176       35605       21918       28591       27838
0000192       32969       44448       24708       26234
0000208       19784       49463       23342       32231
0000224       58147       29939       31410       21768
0000240       30879       26478       47886       43586
0000256       23377       53306       24818       46191
0000272       24906       34995       35226       37197
0000288       59508       37367    15438499    15433864
0000304    15423066    15413419    15419155    15418825
0000320    15409401    15412356    15410952    15425743
0000336    15420831    15414013    15419074    15421855
0000352    15423231    15407654    15430729    15405333
0000368    15422937    15415635    15413882    15411757
0000384    15404839    15427567    15407147    15427908
0000400    15410618    15417286    15405865    15422121
0000416    15412142    15421509       63696       61508
0000432       68922       72955       65104       67732
0000448       50895       80924       58630       67301
0000464       54254       69134       60238       61308
0000480       65965       54109       63811       53596
0000496       52927       62773       69360       55177
0000512       53454       61250       54017       61677
0000528       56247       65336       78881       67887
0000544       64644       59351
0000552
