0000000        8414      809875        1920           0
0000016           0           0           0           0
0000032           0           0           0           0
0000048           1           0           1           0
0000064           0           1           0           1
0000080           0           0           1           0
0000096           0           1           0           1
0000112           0           1           0           2
0000128           1           0           0           0
0000144           0           1           1           1
0000160           0           1           0           1
0000176           0           0           0           1
0000192           1           2           1           0
0000208           1           2           0           0
0000224           2           3           0           0
0000240           0           1           0           1
0000256           0           0           0           0
0000272           0           1           0           0
0000288           0           2           0           1
0000304           0           0           0           1
0000320           0           0           1           1
0000336           1           1           1           0
0000352           0           0           0           0
0000368           0           0           0           1
0000384           0           1           0           2
0000400           0           0           0           0
0000416           1           0           0           3
0000432           0           1           0           0
0000448           1           1           0           0
0000464           0           0           0           1
0000480           0           1           1           0
0000496           1           2           0           0
0000512           0           1           1           0
0000528           0           0           1           0
0000544           1           1
0000552
