0000000        3226      413595        1921           0
0000016           0           0           0           0
0000032           0           0         955         762
0000048         694         725         932         903
0000064         696        1027         807        1122
0000080        1054        1038        1200        1056
0000096        1023        1141         941        1123
0000112         950         958         902         829
0000128         959         894        1003        1023
0000144         993        1074        1102        1158
0000160         964         928         623         880
0000176         788         646         808        1008
0000192         660        1058        1063         826
0000208         765        1465         859         811
0000224        1401        1109         643         685
0000240         822        1007         941        1035
0000256         787         915         796         733
0000272         663        1171        1101         764
0000288         972        1035         873         641
0000304         741         757         762         813
0000320        1026         814         970         754
0000336         944         810         806         934
0000352        1155         811         805         728
0000368         808         872        1076         898
0000384         772         834         767         942
0000400         889        1219         739         797
0000416         680         857         824        1448
0000432        1210        1352         850        1034
0000448         699         632        1128        1021
0000464         793         786        1114         906
0000480         776        1091         930         804
0000496         661        1073         856         932
0000512         860        1126         753         722
0000528        1045         967        1693         904
0000544        1030         813
0000552
