0000000       26245      111514        1922           0
0000016           0           0           0           0
0000032           0           0           4           2
0000048           2           3           3           2
0000064           1           9           1           6
0000080          13           2          13           8
0000096           8           4           4           4
0000112           0           2           1           1
0000128           4           3           2           3
0000144           3           3           5           3
0000160           6           4           2           4
0000176          17           3           4           3
0000192           1          16          14           1
0000208           2          36           6           3
0000224          37           9           1           5
0000240           5           4           6          13
0000256           4          10           7           5
0000272           4          18          16           6
0000288          20           7          29          24
0000304          22          30          35          35
0000320          45          24          36          21
0000336          52          30          23          40
0000352          65          24          24          26
0000368          38          21          39          27
0000384          26          35          14          50
0000400          14          76          11          15
0000416          10          41           2          12
0000432          14          27           7           6
0000448           3           6           3           8
0000464           9           5          19           3
0000480           5           4          14           1
0000496           1           7           5           7
0000512           2           4           3           6
0000528          10           2          18           9
0000544           7           8
0000552
