0000000       65154       95996        1918           0
0000016           0           0           0           0
0000032           0           0           1           0
0000048           2           0           0           3
0000064           0           3           0           5
0000080           1           3           7           3
0000096           1           4           2           1
0000112           1           0           0           2
0000128           3           3           0           2
0000144           2           2           0           2
0000160           2           2           0           1
0000176           4           1           1           6
0000192           1           5           2           4
0000208           2           7           2           5
0000224           8           3           1           2
0000240           1           2           3           4
0000256           2           5           2           1
0000272           1           8           3           3
0000288           3           1           7           0
0000304           4           1          10           4
0000320          14           3           6           3
0000336          12           9           1           2
0000352          19           8           6           2
0000368           1           5           5           6
0000384           3          11           1          18
0000400           2          25           6           5
0000416           3           8           2           7
0000432           2           5           6           7
0000448           1           1           5           2
0000464           0           0           3           1
0000480           4           2           1           0
0000496           1           4           3           3
0000512           2           3           1           0
0000528           1           0           4           5
0000544           1           3
0000552
