0000000       46935      743521        1931           0
0000016           0           0           0           0
0000032           0           0           1           2
0000048           0           0           0           0
0000064           0           2           0           2
0000080           0           2           1           0
0000096           0           1           0           2
0000112           1           1           1           0
0000128           1           1           1           0
0000144           2           1           0           1
0000160           0           2           0           1
0000176           1           0           1           1
0000192           2           0           0           1
0000208           2           2           1           0
0000224           0           0           1           0
0000240           0           0           0           1
0000256           0           1           0           1
0000272           0           1           2           0
0000288           2           1           2           0
0000304           0           0           0           0
0000320           2           1           0           0
0000336           2           1           1           0
0000352           2           0           1           0
0000368           2           0           0           0
0000384           0           1           1           0
0000400           0           1           0           1
0000416           0           2           0           0
0000432           2           1           1           3
0000448           0           0           0           1
0000464           1           0           1           0
0000480           0           0           2           0
0000496           1           0           0           0
0000512           0           0           0           1
0000528           0           4           1           1
0000544           0           0
0000552
