0000000       15504       56922        1950           0
0000016           0           0           0           0
0000032           0           0           0           0
0000048           1           0           0           0
0000064           1           0           1           0
0000080           0           0           1           2
0000096           1           0           0           1
0000112           0           0           0           2
0000128           0           0           0           0
0000144           2           0           0           1
0000160           1           0           0           0
0000176           0           2           0           0
0000192           0           0           1           0
0000208           0           1           0           0
0000224           3           1           0           0
0000240           0           0           0           3
0000256           0           0           0           0
0000272           0           1           0           1
0000288           0           0           1           1
0000304           2           0           0           0
0000320           2           0           2           0
0000336           0           1           0           0
0000352           2           0           0           1
0000368           0           0           1           3
0000384           0           0           0           1
0000400           1           0           0           0
0000416           0           0           0           0
0000432           1           2           1           0
0000448           0           0           2           0
0000464           1           0           1           0
0000480           0           0           0           0
0000496           0           0           0           0
0000512           0           1           0           1
0000528           0           2           1           1
0000544           0           0
0000552
