0000000       42765      380065        1977           0
0000016           0           0           0           0
0000032           0           0       47733       50912
0000048       53003       48447       52195       50047
0000064       47466       41225       58190       48135
0000080       45472       61348       42754       50103
0000096       53431       47724       62756       46527
0000112       51505       48760       50664       48402
0000128       51242       50068       50909       43160
0000144       53806       50216       53447       50633
0000160       48080       50469       27103       73497
0000176       59479       36914       45540       61585
0000192       51596       54442       60806       61917
0000208       44620       51702       53991       47579
0000224       49547       48809       37612       47274
0000240       53002       63287       55347       46761
0000256       57270       47901       51243       52088
0000272       71462       52219       49052       41055
0000288       30408       50147       53075       20574
0000304       22851       51565       58777       42526
0000320       37850       38540       39671       31986
0000336       40216       30431       31926       18905
0000352       28810       33773       44103       42121
0000368       20497       45652       29823       45527
0000384       24451       46545       57303       48167
0000400       55362       39543       25509       42131
0000416       18533       25047       34754       31835
0000432       38241       18484       44192       45016
0000448       38329       34625       41571       19227
0000464       24540       43488       12426       38722
0000480       18030       58285        9264       25362
0000496       42094       17117       24661       27520
0000512       56893       35554       39477       36401
0000528       41539       23308       16166       36256
0000544       39424       24447
0000552
