0000000       31228      110469        1922           0
0000016           0           0           0           0
0000032           0           0           0           0
0000048           0           1           1           0
0000064           0           0           0           0
0000080           1           0           0           0
0000096           0           1           0           0
0000112           0           0           0           1
0000128           0           0           0           0
0000144           0           0           0           0
0000160           0           0           0           3
0000176           1           0           0           0
0000192           2           0           1           0
0000208           2           0           0           1
0000224           0           0           0           0
0000240           0           0           0           0
0000256           0           0           1           0
0000272           1           0           0           0
0000288           0           1           0           1
0000304           0           1           0           1
0000320           0           0           1           1
0000336           0           0           0           0
0000352           0           0           0           0
0000368           0           0           1           0
0000384           1           0           0           1
0000400           0           0           0           0
0000416           0           0           0           2
0000432           0           0           0           0
0000448           0           1           0           0
0000464           1           1           1           0
0000480           0           1           0           0
0000496           1           0           0           0
0000512           1           0           0           0
0000528           0           0           0           0
0000544           1           0
0000552
