0000000       31351      391812        1928           0
0000016           0           0           0           0
0000032           0           0       37261       43765
0000048       48864       35403       41780       31708
0000064       37593       16488       49124       27815
0000080       24376       54232       25390       36788
0000096       41485       26006       54201       38274
0000112       28370       23369       45549       35146
0000128       47331       37057       25891       20702
0000144       39307       26904       42213       26695
0000160       35167       31424        4050       68554
0000176       52447        7617       21169       33340
0000192       28112       39924       47992       49671
0000208       20150       36299       42182       20058
0000224       33373       39894       10206       22689
0000240       21000       27937       37224       14323
0000256       28001       25218       32746       39433
0000272       61964       35433       27523       14567
0000288        4869       37402       23673        2465
0000304        2838       27329       39647       10150
0000320        8128        5820        9512        5693
0000336       10037        4903        3754        2198
0000352        3692        6227       12836       13863
0000368        2377       13723        4057       15279
0000384        2988       16352       28225       14139
0000400       28664        8217        3700       12388
0000416        2345        3753        8289        6088
0000432        8620        2076       11034       12994
0000448        7547        6794       13761        2395
0000464        2889       11767        1580       12131
0000480        2023       32211        1381        3248
0000496       12498        2066        3259        3706
0000512       27112        6482        9188        6660
0000528       11444        2797        1876        7227
0000544        9968        3453
0000552
