0000000       50560      667346        1921           0
0000016           0           0           0           0
0000032           0           0          13           8
0000048          24          14          16          13
0000064          13          10          20          15
0000080          20          26           9          14
0000096          17          11          19          13
0000112          13          15          18          15
0000128          24          11           6          12
0000144          17          12          17          11
0000160          21          14           2          32
0000176          36           5           7          16
0000192          19          16          22          27
0000208          15          14          24          12
0000224          20          23           8          14
0000240          21          14          16          13
0000256          12          19          16          23
0000272          37          21          11           5
0000288           2          18          13           2
0000304           2          15          16           1
0000320           3           3           5           1
0000336           7           3           0           1
0000352           1           1           9           5
0000368           1           4           0           9
0000384           4          12          12          13
0000400          10           4           3           9
0000416           0           2           2           4
0000432           9           0           4           8
0000448           3           5           9           0
0000464           1           6           1           4
0000480           2          15           1           1
0000496           6           1           2           0
0000512           8           4           3           3
0000528           7           0           0           2
0000544           6           1
0000552
