0000000       41928      122171        1922           0
0000016           0           0           0           0
0000032           0           0           2           1
0000048           1           0           1           2
0000064           0           0           1           0
0000080           0           0           1           0
0000096           1           0           1           0
0000112           1           2           2           0
0000128           0           0           0           0
0000144           0           0           1           1
0000160           0           1           0           3
0000176           4           0           1           0
0000192           0           2           1           1
0000208           2           0           1           0
0000224           1           2           0           0
0000240           0           0           1           0
0000256           1           1           0           3
0000272           4           2           4           0
0000288           0           0           0           0
0000304           1           0           1           0
0000320           0           0           0           0
0000336           1           0           0           1
0000352           2           1           0           0
0000368           0           0           1           1
0000384           0           1           1           0
0000400           1           0           0           1
0000416           0           0           1           0
0000432           1           0           0           0
0000448           0           0           0           1
0000464           0           0           0           0
0000480           0           1           0           0
0000496           0           1           0           0
0000512           1           1           0           3
0000528           0           0           0           0
0000544           0           1
0000552
