0000000       42349      417200        1963           0
0000016           0           0           0           0
0000032           0           0        1593        2387
0000048        4026        1543        2188        1287
0000064        1761        1044        2368        1330
0000080        1157        3136        1106        1472
0000096        1667        1228        3081        1840
0000112        1398        1192        2317        1453
0000128        2919        1390        1286        1143
0000144        1516        1326        1669        1271
0000160        1425        1417         888        6807
0000176        2620        1114        1217        1789
0000192        1425        1715        2038        2204
0000208        1197        1494        1925        1277
0000224        1510        1794        1010        1288
0000240        1453        1645        1640        1245
0000256        1524        1504        1388        1716
0000272        3259        1569        1399        1083
0000288         879        1606        1380         701
0000304         817        1417        1606        1099
0000320         984        1116         957         837
0000336        1034         845        1004         792
0000352         907         943        1235        1006
0000368         845        1205         920        1176
0000384         871        1257        1431        1300
0000400        1387        1077         869        1071
0000416         702         800        1088         903
0000432        1135         805        1204        1251
0000448         996         954        1126         809
0000464         847        1113         725        1081
0000480         881        1603         704         805
0000496        1180         807         832         934
0000512        1529        1043        1133        1100
0000528        1207         777         753        1080
0000544        1157         862
0000552
