0000000       34449      342941        1919           0
0000016           0           0           0           0
0000032           0           0       46512       49222
0000048       51582       47544       51034       50132
0000064       46828       44381       56568       49783
0000080       46775       59498       42991       49682
0000096       52544       48576       60878       44489
0000112       53492       51520       48726       47846
0000128       49444       49249       52787       45314
0000144       52624       52053       52394       51887
0000160       47725       51105       47866       71238
0000176       57837       50919       48853       62962
0000192       52673       53999       56221       60671
0000208       47720       51270       53374       53736
0000224       49461       47823       45915       49502
0000240       58412       68373       55267       55342
0000256       59118       49041       51610       51548
0000272       70146       51645       50429       46922
0000288       49283       49156       56134       41455
0000304       46269       53114       58998       53618
0000320       50082       59277       50173       45372
0000336       50888       44704       58473       47580
0000352       53612       50352       53869       49270
0000368       50389       52044       51748       52624
0000384       50683       52629       59687       58173
0000400       57209       53171       47879       51926
0000416       44413       47244       52284       45721
0000432       55924       50849       53742       55934
0000448       50926       49778       49291       48159
0000464       48755       52791       52375       47894
0000480       53573       60122       46734       47565
0000496       54152       50513       48175       51238
0000512       59645       53275       50092       56526
0000528       58225       45162       48064       53220
0000544       52639       48480
0000552
