0000000       28067      282338        1924           0
0000016           0           0           0           0
0000032           0           0    18494114    18494942
0000048    18490526    18468634    18481569    18461859
0000064    18480381    18460441    18474912    18464260
0000080    18471568    18468813    18477311    18474219
0000096    18480550    18481643    18472235    18473180
0000112    18471922    18470517    18467447    18466732
0000128    18460314    18465606    18464856    18464753
0000144    18464114    18464636    18458348    18463615
0000160    18465758    18464562    18490391    18521905
0000176    18504415    18443449    18498107    18444655
0000192    18489070    18444734    18488360    18444889
0000208    18473909    18450242    18478267    18473594
0000224    18472698    18458094    18471161    18463126
0000240    18460622    18459659    18437756    18454767
0000256    18436072    18444893    18433970    18448598
0000272    18423611    18442970    18427377    18445084
0000288    18450129    18452660    18621063    18619301
0000304    18615907    18598108    18621522    18597164
0000320    18614425    18597066    18613182    18598246
0000336    18608509    18606052    18615305    18605213
0000352    18608062    18602899    18605669    18602474
0000368    18604782    18599144    18589600    18598891
0000384    18586500    18594043    18587001    18594801
0000400    18583696    18595907    18582125    18594565
0000416    18596187    18599404    18661947    18642036
0000432    18624187    18593905    18621778    18589259
0000448    18617551    18591150    18602874    18589862
0000464    18603526    18595197    18606221    18604492
0000480    18601005    18594390    18600710    18601825
0000496    18597561    18594799    18588766    18593541
0000512    18587466    18591459    18587970    18590540
0000528    18585860    18589894    18586856    18590513
0000544    18590084    18591533
0000552
