0000000       16216      745459        1920           0
0000016           0           0           0           0
0000032           0           0           1           0
0000048           0           3           0           1
0000064           2           2           3           2
0000080           1           0           0           0
0000096           0           0           1           1
0000112           0           1           1           0
0000128           0           1           1           2
0000144           0           1           3           0
0000160           0           0           0           5
0000176           1           1           0           1
0000192           0           1           1           1
0000208           0           1           1           1
0000224           0           1           0           0
0000240           2           2           0           1
0000256           0           0           0           2
0000272           0           0           1           2
0000288           0           1           0           1
0000304           0           1           0           1
0000320           1           0           1           0
0000336           4           2           0           0
0000352           0           2           0           0
0000368           0           0           0           0
0000384           0           0           1           3
0000400           1           0           1           1
0000416           0           0           1           0
0000432           0           0           1           0
0000448           0           0           3           0
0000464           1           1           1           0
0000480           0           2           0           0
0000496           1           0           0           0
0000512           1           0           1           0
0000528           0           0           0           0
0000544           0           1
0000552
