0000000       48476      733781        1919           0
0000016           0           0           0           0
0000032           0           0           2           1
0000048           0           0           1           1
0000064           2           0           2           0
0000080           0           3           1           1
0000096           0           1           2           0
0000112           0           2           2           0
0000128           3           1           2           2
0000144           1           2           1           0
0000160           2           0           0           5
0000176           3           0           1           1
0000192           0           2           2           1
0000208           0           1           0           0
0000224           0           0           2           1
0000240           0           0           0           0
0000256           1           0           1           0
0000272           4           4           0           2
0000288           0           0           1           1
0000304           0           0           1           0
0000320           0           1           0           0
0000336           1           0           0           0
0000352           1           1           0           0
0000368           0           0           0           0
0000384           0           0           0           0
0000400           1           0           1           0
0000416           2           0           0           0
0000432           0           1           3           0
0000448           0           0           2           0
0000464           0           0           0           0
0000480           0           1           0           0
0000496           0           0           0           0
0000512           0           1           0           0
0000528           0           0           0           1
0000544           0           0
0000552
