0000000       11943      135846        1922           0
0000016           0           0           0           0
0000032           0           0           1           1
0000048           2           1           1           0
0000064           0           0           0           1
0000080           0           1           0           0
0000096           2           2           2           1
0000112           0           3           1           2
0000128           3           1           0           1
0000144           1           1           2           0
0000160           0           3           1          10
0000176           8           0           1           3
0000192           0           1           2           3
0000208           4           2           1           1
0000224           1           3           2           1
0000240           4           1           0           0
0000256           2           1           1           3
0000272           5           6           5           0
0000288           0           2           2           0
0000304           0           2           1           1
0000320           0           0           1           1
0000336           2           0           0           0
0000352           0           0           2           1
0000368           0           0           0           1
0000384           1           3           0           1
0000400           2           0           0           1
0000416           0           0           0           0
0000432           1           0           1           3
0000448           1           0           1           0
0000464           0           1           0           4
0000480           0           2           0           0
0000496           0           1           0           0
0000512           1           0           0           0
0000528           1           1           1           2
0000544           0           0
0000552
