0000000       46329      651782        1918           0
0000016           0           0           0           0
0000032           0           0          16          23
0000048          17          12          20          11
0000064          14           9          18          12
0000080          10          25           6          19
0000096          21          14          20          16
0000112          16          20          19          17
0000128          20          11          15          10
0000144          10          14          15          14
0000160          17          15          11          37
0000176          23          14          10          21
0000192          13          18          23          23
0000208          20          18          18          16
0000224          16          21           6          13
0000240          13          21          27           7
0000256          24          12          17          15
0000272          41          25          17          13
0000288           5          21          14           4
0000304           4          20          16          16
0000320           9           8           4           4
0000336           9           6           2           3
0000352           4           5          14           4
0000368           3          17           5          10
0000384           1          17          20          12
0000400          13          10           7           7
0000416           3           2           7           2
0000432          13           1          12          12
0000448           2           7          11           2
0000464           5           9           1           8
0000480           2          17           0           2
0000496           4           1           5           8
0000512          16           4           5          11
0000528          12           2           2           8
0000544          11           2
0000552
