0000000        9742      174817        1924           0
0000016           0           0           0           0
0000032           0           0          66          64
0000048          53          56          61          50
0000064          42          35          56          70
0000080          46          69          37          41
0000096          63          32          90          51
0000112          62          39          78          46
0000128          68          43          30          24
0000144          49          41          38          50
0000160          34          51          20         179
0000176         157          44          46          89
0000192          72          94         106         164
0000208          65          98         109          64
0000224          91          76          38          75
0000240          83          90          88          69
0000256          62          92          56         113
0000272         189         144          89          64
0000288          35          99          99          36
0000304          18          52          88          33
0000320          44          35          33          33
0000336          33          20          33          28
0000352          43          24          54          40
0000368          22          49          38          47
0000384          33          57          63          74
0000400          54          36          39          53
0000416          20          30          25          15
0000432          33          10          30          50
0000448          12          39          39          20
0000464          28          34           8          33
0000480          13          66          10          19
0000496          44          17          20          32
0000512          40          26          27          29
0000528          43          10           7          25
0000544          49          20
0000552
