0000000       48668      995127        1924           0
0000016           0           0           0           0
0000032           0           0           0           0
0000048           0           0           0           1
0000064           1           0           0           2
0000080           0           1           0           0
0000096           0           0           0           0
0000112           0           0           0           3
0000128           0           2           0           0
0000144           1           0           0           0
0000160           0           0           0           0
0000176           0           0           0           1
0000192           0           0           0           0
0000208           0           0           1           0
0000224           1           0           1           2
0000240           0           1           0           1
0000256           1           0           1           1
0000272           1           0           0           1
0000288           1           1           0           0
0000304           0           0           0           0
0000320           0           0           0           0
0000336           0           0           0           0
0000352           0           0           0           0
0000368           0           0           0           0
0000384           0           0           0           1
0000400           0           0           0           0
0000416           0           0           0           1
0000432           0           0           0           0
0000448           0           0           0           0
0000464           1           0           0           1
0000480           1           2           0           0
0000496           0           0           0           0
0000512           0           0           0           0
0000528           0           0           0           0
0000544           0           0
0000552
