0000000       28926      465901        1929           0
0000016           0           0           0           0
0000032           0           0         759         786
0000048         895         793         883         777
0000064         793         682         903         733
0000080         718        1034         691         828
0000096         919         746        1096         736
0000112         934         707         897         801
0000128         870         790         753         692
0000144         803         723         832         751
0000160         775         835         673        1381
0000176        1042         710         771        1018
0000192         862         874         974        1206
0000208         798         776         964         760
0000224         838         825         621         772
0000240         932        1017         866         805
0000256         893         834         818         946
0000272        1360         912         859         706
0000288         580         848         838         449
0000304         515         752         854         649
0000320         617         668         614         576
0000336         581         492         692         496
0000352         604         568         792         626
0000368         579         715         551         781
0000384         604         724         840         788
0000400         748         640         543         665
0000416         478         511         602         511
0000432         666         514         623         730
0000448         599         599         677         567
0000464         487         662         395         615
0000480         544         914         390         418
0000496         728         495         500         572
0000512         906         679         704         708
0000528         736         545         486         626
0000544         720         509
0000552
