0000000       48192      948313        1922           0
0000016           0           0           0           0
0000032           0           0           0           0
0000048           1           0           0           0
0000064           0           1           0           0
0000080           0           0           1           0
0000096           1           0           0           0
0000112           0           0           0           0
0000128           0           0           0           0
0000144           0           0           0           1
0000160           0           0           0           1
0000176           0           1           0           0
0000192           1           0           0           0
0000208           0           0           1           2
0000224           0           0           0           0
0000240           0           0           0           0
0000256           0           0           0           0
0000272           0           0           0           0
0000288           0           0           1           0
0000304           1           0           0           1
0000320           1           0           0           0
0000336           0           0           0           0
0000352           1           0           0           0
0000368           0           0           0           0
0000384           0           0           1           0
0000400           0           1           0           0
0000416           0           1           1           0
0000432           0           0           0           0
0000448           1           0           0           0
0000464           2           0           0           0
0000480           1           1           0           0
0000496           0           0           1           1
0000512           1           0           0           0
0000528           0           0           0           0
0000544           0           0
0000552
