0000000       51531      454211        1919           0
0000016           0           0           0           0
0000032           0           0         787         876
0000048         878         782         915         796
0000064         777         667         887         841
0000080         770        1054         697         814
0000096         946         805        1105         727
0000112         928         709         909         792
0000128         882         806         822         718
0000144         787         789         895         809
0000160         738         886         641        1406
0000176        1095         759         761        1058
0000192         908         905         971        1231
0000208         728         834         939         792
0000224         802         847         680         767
0000240         950        1092         977         859
0000256         989         884         877         908
0000272        1348         878         862         715
0000288         616         874         764         538
0000304         575         769         895         614
0000320         610         679         605         554
0000336         648         495         685         558
0000352         656         593         790         601
0000368         612         765         626         727
0000384         674         712         818         857
0000400         796         663         555         711
0000416         512         556         671         561
0000432         693         565         696         699
0000448         617         582         674         611
0000464         572         669         555         698
0000480         615         875         515         530
0000496         781         581         595         565
0000512         872         741         657         778
0000528         803         519         519         665
0000544         756         588
0000552
