0000000       38345      200289        1919           0
0000016           0           0           0           0
0000032           0           0        1229        1390
0000048        1379        1188        1558        1460
0000064         782        1009        1461        1138
0000080        1150        1284         623        1234
0000096        1471         623        2031         994
0000112        1165        1089        1719        1130
0000128        1322        1117         427        1023
0000144         984         741         955        1008
0000160         688         867         624        3117
0000176        2992        1716        1453        2144
0000192        1654        2323        2135        3080
0000208        1880        2223        2335        2114
0000224        2265        1750        1266        1729
0000240        1906        2337        2140        1979
0000256        1705        2239        1631        2340
0000272        3395        2771        2149        1754
0000288        1194        1966        2310         805
0000304         671        1719        1864        1346
0000320        1003        1594        1064        1438
0000336        1236         668         884         618
0000352        1057         598        1697        1286
0000368         875        1547        1057        1292
0000384         805        1965        1517        2106
0000400        1677         987        1121        1883
0000416         884         723         932         743
0000432        1227         507         969        1721
0000448         370        1079        1066         656
0000464         745         828         237         688
0000480         489        1765         408         410
0000496         845         498         705         593
0000512         929         714         465         976
0000528        1229         437         347         640
0000544        1081         581
0000552
