0000000       43674      772893        1953           0
0000016           0           0           0           0
0000032           0           0           1           0
0000048           0           1           2           0
0000064           0           2           3           1
0000080           0           0           0           1
0000096           2           1           1           3
0000112           1           0           1           2
0000128           1           0           1           0
0000144           0           0           1           0
0000160           1           2           0           3
0000176           1           0           0           0
0000192           0           2           2           0
0000208           0           0           2           1
0000224           0           0           0           0
0000240           1           0           2           0
0000256           0           0           0           0
0000272           1           0           1           0
0000288           1           1           3           1
0000304           1           1           3           0
0000320           1           0           1           0
0000336           0           1           1           2
0000352           0           0           0           0
0000368           0           1           0           0
0000384           0           0           1           0
0000400           1           0           1           0
0000416           1           1           0           1
0000432           0           0           1           1
0000448           1           0           0           0
0000464           0           0           0           0
0000480           0           1           0           0
0000496           1           0           0           1
0000512           0           0           0           1
0000528           1           2           0           1
0000544           0           0
0000552
