0000000       23237      331146        1925           0
0000016           0           0           0           0
0000032           0           0       46472       50057
0000048       51541       47713       51224       49758
0000064       46520       44388       56239       50052
0000080       46711       59276       42998       49637
0000096       51859       48696       60734       44654
0000112       53784       51196       49765       47600
0000128       49639       48856       52778       44943
0000144       52496       51661       52522       51935
0000160       47345       51269       47517       70922
0000176       57797       51127       48509       63078
0000192       52970       54127       56361       60460
0000208       47416       50654       53277       53456
0000224       49827       47859       45682       50244
0000240       58177       68614       54931       55084
0000256       58880       48687       51256       51346
0000272       69610       52220       50859       46665
0000288       49072       49473       56394       42127
0000304       46511       52987       59005       53110
0000320       50272       58927       49875       44916
0000336       51153       45105       58814       47512
0000352       53637       50397       53935       48929
0000368       50463       51422       51557       52963
0000384       50780       52170       59647       58975
0000400       57188       53532       47833       52746
0000416       44594       47015       52340       45801
0000432       56322       50907       54596       55524
0000448       51336       50415       49321       48033
0000464       48426       53322       52658       47596
0000480       53380       59747       47584       47167
0000496       53729       50955       48292       51712
0000512       60233       53640       50645       56477
0000528       58024       45190       48159       53804
0000544       52381       48706
0000552
