0000000       61920      561497        1920           0
0000016           0           0           0           0
0000032           0           0          13          17
0000048          27          19          23          15
0000064          29          17          28          22
0000080          19          29          11          12
0000096          31          21          36          20
0000112          21          14          24          17
0000128          20          12          12          16
0000144          16          19          26          26
0000160          18          17           6          47
0000176          35          21          12          39
0000192          22          26          21          39
0000208          14          18          18          23
0000224          22          24          11          15
0000240          16          24          18          14
0000256          17          28          20          24
0000272          34          17          15          18
0000288          13          24          20           9
0000304           7          16          20          12
0000320          18           8          11           8
0000336           6          12          13           6
0000352           9          12          12          10
0000368           7          14          10          11
0000384          14          13          12           8
0000400          16          12          16           9
0000416           7           7           8           7
0000432          18           4          18          15
0000448           7           5          16           8
0000464          12          15           7          10
0000480           4          22           7           8
0000496          17          11          12           5
0000512          20          12          11          14
0000528           9           8           5          11
0000544          12           9
0000552
