0000000       21442      502953        1922           0
0000016           0           0           0           0
0000032           0           0         585         694
0000048         788         542         756         508
0000064         620         215         755         413
0000080         414         884         334         581
0000096         693         367         885         625
0000112         414         328         759         566
0000128         751         561         280         362
0000144         583         367         613         415
0000160         576         531          44        1244
0000176         909         116         325         638
0000192         520         748         822        1081
0000208         427         626         798         381
0000224         626         682         150         409
0000240         402         546         662         303
0000256         465         609         569         797
0000272        1193         708         517         245
0000288          38         698         522          32
0000304          35         495         624         166
0000320         152          97         135         106
0000336         147          57          32          19
0000352          51          73         309         265
0000368          33         316          52         241
0000384          61         372         456         310
0000400         479         105          57         261
0000416          20          36         140          67
0000432         149          19         172         286
0000448          98         112         280          26
0000464          31         154          10         225
0000480          22         587          18          26
0000496         249          25          27          35
0000512         517          85         118         104
0000528         209          32          25          82
0000544         207          38
0000552
