0000000       48939      149470        1927           0
0000016           0           0           0           0
0000032           0           0           4           4
0000048           3           5           6           6
0000064           3           1           3           2
0000080           1           7           4           2
0000096           4           2           6           1
0000112           4           2           2           1
0000128           7           0           2           2
0000144           0           3           1           2
0000160           3           3           0          28
0000176          20           0           5           9
0000192           5          13           6          22
0000208           3           5           7           7
0000224           8           5           3           5
0000240           7           6           7           3
0000256           5           9           4           2
0000272          19          16           8           4
0000288           1          10           3           1
0000304           3           4           1           1
0000320           1           0           0           2
0000336           1           1           0           3
0000352           0           3           2           0
0000368           1           1           4           0
0000384           0           4           4           2
0000400           3           1           1           3
0000416           2           0           2           2
0000432           5           1           5           2
0000448           1           2           5           2
0000464           0           1           0           0
0000480           1           5           0           1
0000496           3           1           1           1
0000512           7           0           2           3
0000528           2           0           0           0
0000544           2           2
0000552
