0000000       30695    15752646        1920           0
0000016           0           0           0           0
0000032           0           0    11137689    11142033
0000048    11009311    10883695    11013163    10936882
0000064    11081525    10865841    11038685    10887348
0000080    11064991    10974131    11048501    11071247
0000096    11113647    11125080    11142247    11135953
0000112    11119865    11010872    10932905    10991981
0000128    11062535    11003996    11055058    11005681
0000144    10850989    11131660    11012540    11042267
0000160    11032322    11195087    14113068    14756025
0000176    14588648    13872225    14389836    13736709
0000192    14453509    13724218    14380882    13675191
0000208    14336271    13805920    14164915    14094946
0000224    14204532    13977919    14362963    14158824
0000240    14262709    14187750    13733237    14299023
0000256    13761252    13882863    13857640    14068174
0000272    13782748    14315167    13823609    14235316
0000288    14335008    14672702    10871711    10991700
0000304    10852124    10974961    10767489    10812033
0000320    11011098    11006526    10915174    10688246
0000336    10926097    10995533    11051661    11065510
0000352    10799813    11316083    10826504    11110628
0000368    11046651    11041206    11025823    10692820
0000384    10955949    10902166    10990406    10700871
0000400    10953062    10850471    10645919    10747729
0000416    10688885    11032282    15038770    15038402
0000432    14867677    14568920    14846262    14366132
0000448    14821172    14376447    14816012    14449674
0000464    14704552    14599198    14863055    14776602
0000480    14681577    14807353    14669610    14848807
0000496    14673235    14742773    14560038    14782484
0000512    14684116    14568426    14582806    14711430
0000528    14373830    14684374    14572921    14707177
0000544    14691294    14777382
0000552
