0000000       53587    15953774        1929           0
0000016           0           0           0           0
0000032           0           0           3           3
0000048           1           4           5           2
0000064           0           3           2          11
0000080           3           1           4           2
0000096           5           2           6           1
0000112          17           8           1           1
0000128           0           1           2           1
0000144           0           3           1           2
0000160           1           7           1          26
0000176          51          23          10           4
0000192           1           7           7          32
0000208           2           3          36           7
0000224           4           8           1          20
0000240           2           0           6           7
0000256           1           5           2           3
0000272           3           2           4           2
0000288           2           2           2           2
0000304           0           0           4           2
0000320           0           2           1           1
0000336           7           0           1           0
0000352           0           0           3           2
0000368           0           2           1           2
0000384           1           2           1           2
0000400           0           2           2           0
0000416           0           0           1           0
0000432           3           2           1           1
0000448           3           2           1           3
0000464           0           2           3           4
0000480           3           5           0           5
0000496           3           3           0           4
0000512           1           0           2           1
0000528           1           6           3           3
0000544           1           1
0000552
