0000000       33547    15664956        1921           0
0000016           0           0           0           0
0000032           0           0           0           0
0000048           0           0           3           0
0000064           0           2           1           1
0000080           0           1           3           1
0000096           4           0           0           2
0000112           3           1           0           1
0000128           0           1           1           0
0000144           0           0           0           1
0000160           0           1           0           0
0000176           1           1           4           0
0000192           1           1           0           1
0000208           0           0           1           0
0000224           0           0           0           1
0000240           0           0           1           0
0000256           0           1           0           0
0000272           1           0           0           2
0000288           0           0           1           0
0000304           0           0           0           0
0000320           0           0           0           0
0000336           0           0           0           0
0000352           0           0           0           0
0000368           0           1           0           0
0000384           1           0           0           0
0000400           1           0           0           0
0000416           1           0           0           1
0000432           0           0           0           1
0000448           0           0           0           2
0000464           1           1           0           0
0000480           0           2           0           1
0000496           0           0           1           1
0000512           0           2           0           1
0000528           0           1           0           1
0000544           1           0
0000552
