0000000       35110    15916673        1921           0
0000016           0           0           0           0
0000032           0           0          83          42
0000048          27          66          76          47
0000064          56          87          53         105
0000080          60          34          89          55
0000096          96          69          52          21
0000112         105          88          23          60
0000128          61          73          71          76
0000144          51          67          63          67
0000160          42          65          22          66
0000176          99         103          74          80
0000192          31          73          91         116
0000208          72          75         103          63
0000224          45          60          40          74
0000240          47          57          75          60
0000256          75          90          74          52
0000272          67          64          55          20
0000288          41          67          65          10
0000304          27          26          25          31
0000320          47          24          27           6
0000336          79           5           1          20
0000352          52          20          46          42
0000368          11          22          13          53
0000384          66          39          12           3
0000400          24          13          36          16
0000416           3           4          65          60
0000432          41          48          49          43
0000448          75          48          24          68
0000464          65          64          67          65
0000480         108          57          32          60
0000496          29          53          55          78
0000512          28          27          60          27
0000528          75          82          37          45
0000544          75          52
0000552
