0000000        2379    15715633        1921           0
0000016           0           0           0           0
0000032           0           0       20938       17813
0000048       16403       20863       22725       16035
0000064       14948       23202       14995       27704
0000080       13467       16939       21535       18619
0000096       29875       17078       15084       11190
0000112       26495       23038       13636       19100
0000128       14965       21722       17302       19249
0000144       14644       13911       14678       19113
0000160       21567       15219        5106       12431
0000176       16189       12940       11207       12206
0000192        7077       12437       10501       14852
0000208       10212        9381       15528       11670
0000224        8806        9995        8560       14222
0000240        8627        8917       13200        9113
0000256       10954       14964        9948       10556
0000272       10202        9880        8482        7527
0000288        8665       10159       35849       17172
0000304       24609       24894       32871       31686
0000320       21964       22577       20907       45611
0000336       37627       26391       21616       20464
0000352       54620       23689       43738       21098
0000368       20876       22938       22743       54655
0000384       37672       26933       27716       21654
0000400       28937       26210       39505       36823
0000416       39472       24428       16711       13202
0000432       11642       11535       10224       14472
0000448       15390       15822       10001       17430
0000464       15656       13638       12001       13049
0000480       23364       12491       12720       14891
0000496       12472       13007       14760       13968
0000512       10110       11686       13433       11148
0000528       18097       17981       10524       11456
0000544       19837       12917
0000552
