0000000       53531    15727324        1921           0
0000016           0           0           0           0
0000032           0           0    17788023    17782413
0000048    17784869    17748917    17767794    17744277
0000064    17762764    17742745    17762381    17739322
0000080    17764942    17747169    17764305    17764837
0000096    17753837    17741238    17766797    17764753
0000112    17757816    17756691    17749400    17763195
0000128    17738099    17755232    17737717    17759658
0000144    17743947    17753932    17742325    17754886
0000160    17762306    17760322    17756096    17753326
0000176    17743033    17725806    17750469    17730058
0000192    17752594    17733505    17741795    17726378
0000208    17750286    17735281    17742607    17749481
0000224    17750354    17732689    17752565    17742431
0000240    17751402    17749092    17731550    17749916
0000256    17729436    17742596    17732954    17750361
0000272    17729841    17742589    17737518    17753811
0000288    17752546    17748003    17785561    17785958
0000304    17784722    17775612    17786336    17774053
0000320    17780080    17775319    17780265    17778300
0000336    17778508    17776912    17784295    17783536
0000352    17778791    17776678    17783047    17780566
0000368    17781760    17779786    17775969    17780456
0000384    17767804    17779925    17776307    17781974
0000400    17775419    17782627    17770938    17782423
0000416    17785424    17784785    17754551    17747679
0000432    17747007    17737854    17744199    17737007
0000448    17742929    17736839    17742449    17735466
0000464    17742217    17734607    17741513    17741099
0000480    17742564    17735004    17742588    17740885
0000496    17741730    17740340    17734264    17737534
0000512    17735674    17740209    17733593    17740358
0000528    17733675    17738567    17735636    17739510
0000544    17740852    17743291
0000552
