0000000       56876    15813072        1923           0
0000016           0           0           0           0
0000032           0           0        5240        4191
0000048        2764        4654        5441        4239
0000064        4378        5445        4273        6814
0000080        3751        3941        5364        4409
0000096       12034        6497        4001        3065
0000112       14110        5810        3161        4284
0000128        4972        5318        5660        4794
0000144        3548        4746        4248        5820
0000160        4778        5629        2995       41044
0000176       90025       37515       12171        8381
0000192        4133       14570       14935       34433
0000208        6644        9196       38413        8237
0000224        5295       13466        6426       34784
0000240        4623        4840       15285        5329
0000256       10067        9303        6313        4358
0000272        6093        9059        4399        3457
0000288        4345       16850        4480        2450
0000304        3185        3389        2913        3453
0000320        3725        2986        2979        2183
0000336        4461        2274        2472        2594
0000352        4803        2896        3390        3343
0000368        2981        3478        2631        3616
0000384        4385        3400        2823        2110
0000400        2614        2600        3222        3024
0000416        1811        3372        6434       10442
0000432        5148        3994        3701        3600
0000448        7256        4268        4022        5428
0000464        5695        7166        5724        7221
0000480        8227        6860        3811        7530
0000496        3990        5536        7111       11329
0000512        3931        3093        5425        3906
0000528        5097        8737        3689        4393
0000544        7658        4521
0000552
