0000000       41533    15930314        1923           0
0000016           0           0           0           0
0000032           0           0          55           6
0000048           5          11          69          13
0000064          31          66          19          77
0000080          20          13          46          34
0000096          83          56          17           9
0000112         116          66           3          29
0000128          46          37          50          46
0000144           6          27          18          67
0000160          46          59           2          65
0000176          90         105          65          60
0000192          22          71          77          82
0000208          44          50         101          61
0000224          35          65          54          82
0000240          34          31          75          44
0000256          67          60          51          27
0000272          37          57          23           6
0000288          30          68          41           0
0000304           3           2           5           2
0000320           0           2           3           2
0000336          38           0           0           1
0000352          16           1          13           2
0000368           2           4           2          23
0000384          16           4           1           2
0000400           1           2           6           3
0000416           0           0          40          53
0000432          22          20           3           2
0000448          51          27           5          34
0000464          41          49          30          64
0000480          80          40          10          47
0000496           4          29          41          67
0000512           7           1          33           8
0000528          42          42           7          20
0000544          59          11
0000552
