0000000       45093    15678586        1922           0
0000016           0           0           0           0
0000032           0           0          12           3
0000048           4           6          13           6
0000064           2          13           5          12
0000080           6           9           9           7
0000096          25           7           4           0
0000112          17          10           6           6
0000128           9          17           5          17
0000144           2           1           7           7
0000160           6          10           0          10
0000176          15           5           7           2
0000192           1           9           7          11
0000208           1           5          12           2
0000224           3           4           2          14
0000240           2           4          10           2
0000256           4           9           8           3
0000272           3           3           4           2
0000288           4           7           9           0
0000304           3           1           2           5
0000320           9           3           3           4
0000336          10           1           1           2
0000352          13           2           8           2
0000368           2           2           1          12
0000384           8           5           2           0
0000400           2           3          11           4
0000416           3           2           8           2
0000432           5           1           2           1
0000448           2           7           0           6
0000464           2           3           5           4
0000480          13           3           3           8
0000496           2           6           6           9
0000512           0           4           1           1
0000528           8           7           3           3
0000544          11           3
0000552
