0000000       20520    15967431        1920           0
0000016           0           0           0           0
0000032           0           0           3           0
0000048           0           0           1           3
0000064           5           4           0           4
0000080           1           2           1           3
0000096           3          10           2           0
0000112           3           5           2           3
0000128           2           3           1           2
0000144           1           2           2           1
0000160           3           2           1           8
0000176          13           5           3           1
0000192           1           1           1           4
0000208           1           1           5           3
0000224           1           1           0           6
0000240           2           3           0           1
0000256           2           6           4           5
0000272           4           1           3           2
0000288           0           3           1           1
0000304           1           0           1           1
0000320           2           2           4           1
0000336           2           0           0           0
0000352           1           1           0           3
0000368           0           1           2           1
0000384           4           2           0           0
0000400           0           0           1           1
0000416           0           0           3           3
0000432           4           1           2           2
0000448           2           1           0           1
0000464           3           3           1           3
0000480           6           3           1           1
0000496           1           2           4           3
0000512           1           0           4           0
0000528           3           4           3           0
0000544           1           1
0000552
