0000000       27258    15703919        1921           0
0000016           0           0           0           0
0000032           0           0        1630         704
0000048         774        1097        2203         833
0000064         886        2342         773        3183
0000080         612        1016        1880        1486
0000096        3501        1677         706         373
0000112        3277        2203         516        1242
0000128         889        1613        1068        1353
0000144         687         608         791        1690
0000160        1874        1038         126         974
0000176        1757         809         553         529
0000192         218         649         507        1275
0000208         400         442        1199         561
0000224         369         451         356        1103
0000240         307         323         798         358
0000256         546         949         358         404
0000272         418         398         291         189
0000288         291         514        2613         454
0000304        1055         824        1404        1537
0000320         904         843         716        1171
0000336        2908         843         526         622
0000352        3697         717        2276         656
0000368         627         860         684        3277
0000384        2562        1105         732         522
0000400         895         683        1988        1437
0000416         720         511         655         728
0000432         581         390         316         565
0000448         684         816         300         969
0000464         808         682         546         678
0000480        1457         543         484         639
0000496         476         561         788         830
0000512         339         395         553         421
0000528        1066         949         412         463
0000544        1082         484
0000552
