0000000       10868    15826839        1920           0
0000016           0           0           0           0
0000032           0           0        3565        2983
0000048        2222        3634        3371        3012
0000064        2943        3430        3016        4037
0000080        2794        2745        3514        2881
0000096        4317        3212        2912        2410
0000112        4573        3797        2364        3098
0000128        3380        3506        3549        3220
0000144        2798        3141        2910        3058
0000160        2853        3309        2115        4081
0000176        5572        4998        3750        3886
0000192        2522        3737        3958        4461
0000208        3547        2918        4886        3290
0000224        2642        3642        2868        4176
0000240        2918        2861        3773        3101
0000256        3596        4013        3155        2844
0000272        3398        3239        2627        2337
0000288        2569        3839        3139        1818
0000304        2386        2782        2356        2652
0000320        2814        2317        2354        1877
0000336        2944        1826        2123        2020
0000352        3702        2149        2671        2358
0000368        2255        2663        2128        2535
0000384        3109        2625        2218        1901
0000400        2156        2145        2470        2461
0000416        1729        2818        3770        3485
0000432        2621        2529        2444        2377
0000448        3958        2776        2637        3352
0000464        3262        3365        3294        3491
0000480        4738        3425        2443        3975
0000496        2557        3043        3096        3913
0000512        2544        2122        3243        2562
0000528        3349        4561        2381        2706
0000544        4107        3105
0000552
