0000000       61534    15799444        1920           0
0000016           0           0           0           0
0000032           0           0      115848       66513
0000048       35409       62257      118277       80299
0000064       97690      119212       80995      140921
0000080       71774       76883      122175      101031
0000096      168258      126841       74154       37075
0000112      159337      123949       37617       80383
0000128      117551      113826      123562      101485
0000144       47801       96417       84960      125126
0000160      111554      119508       36044      139050
0000176      165850      166872      144506      150120
0000192      102878      139079      147907      149802
0000208      131308      122151      159330      133235
0000224      113931      133335      115270      151616
0000240      105919      111135      142081      118606
0000256      135766      142699      128941       93296
0000272      128747      130578       98238       67533
0000288      103056      141057       74145       11809
0000304       23145       15805       12485       20415
0000320       36190       15083       15251        4063
0000336       73153        6646        4890       11653
0000352       39726       10124       25147       22969
0000368       10209       21899        8604       37154
0000384       49665       18399        7930        4944
0000400       11889        8584       20683       12677
0000416        3647        6443      142931      129005
0000432      104748       87921       73747       61879
0000448      140632       85138       74336      113484
0000464      119709      121912      119586      123557
0000480      162562      131148       75372      146277
0000496       67307      111435      116042      139229
0000512       79658       37365      118405       77196
0000528      103868      148909       72806       95475
0000544      142478       91881
0000552
