0000000       57401    15979186        1922           0
0000016           0           0           0           0
0000032           0           0           4           0
0000048           1           1           2           2
0000064           1           2           1           3
0000080           0           0           5           2
0000096           4           1           2           0
0000112           6           7           0           2
0000128           2           3           1           1
0000144           1           1           3           5
0000160           3           1           0           1
0000176           5           1           1           1
0000192           1           2           1           4
0000208           0           1           4           2
0000224           1           2           0           3
0000240           0           2           5           1
0000256           4           6           2           1
0000272           3           1           3           0
0000288           0           6           1           0
0000304           1           0           1           0
0000320           0           0           3           0
0000336           3           0           0           0
0000352           1           0           0           0
0000368           0           1           0           0
0000384           0           1           0           0
0000400           0           1           2           0
0000416           0           0           0           3
0000432           2           0           0           1
0000448           1           0           0           1
0000464           2           2           1           3
0000480           4           0           1           0
0000496           0           4           3           2
0000512           0           0           0           2
0000528           3           5           0           0
0000544           3           0
0000552
