0000000        6064    16002665        1924           0
0000016           0           0           0           0
0000032           0           0           0           0
0000048           0           0           0           1
0000064           0           1           1           3
0000080           0           0           0           0
0000096           2           0           0           1
0000112           1           3           0           1
0000128           0           1           0           0
0000144           1           0           0           0
0000160           0           0           0           4
0000176           1           4           1           0
0000192           0           1           3           4
0000208           0           3           6           3
0000224           0           2           0           0
0000240           1           0           0           0
0000256           1           2           1           0
0000272           1           1           0           0
0000288           0           1           1           0
0000304           0           0           1           1
0000320           0           2           0           0
0000336           1           0           0           0
0000352           0           1           0           0
0000368           0           0           0           0
0000384           0           0           0           0
0000400           0           0           0           0
0000416           0           0           0           0
0000432           0           0           0           0
0000448           0           0           0           0
0000464           0           0           0           0
0000480           0           0           0           0
0000496           0           0           0           0
0000512           1           0           0           1
0000528           0           0           0           0
0000544           1           0
0000552
