0000000       18374     2004535        1920           0
0000016           0           0           0           0
0000032           0           0          41          25
0000048          19          20         471          14
0000064          21          11          17          18
0000080          15          39          49          22
0000096         121          17          72          37
0000112          14          59          32          34
0000128          30          20          73          13
0000144          21          35          30          15
0000160          22           6          10          21
0000176          20          81          13          48
0000192          35          23         328          13
0000208         157         481         416         100
0000224         171         433          59          22
0000240          35          36          12          28
0000256          36          68          20          76
0000272          37          43          40          28
0000288          37          22          12         895
0000304         120         425          20          72
0000320         356          32          15         353
0000336         109         786         602          27
0000352         397         185         140          14
0000368         114           9          89         322
0000384           9          15          38          78
0000400          18          11         130         122
0000416          86         254         888         323
0000432        1043         408         542         631
0000448         343         146          43          76
0000464         648          19          79        1105
0000480          96         457         686         176
0000496          85         105         464         490
0000512          33         164         123         105
0000528          41         441         111          20
0000544          44         424
0000552
