0000000        9779     1965472        1921           0
0000016           0           0           0           0
0000032           0           0        1857        1529
0000048        1698        1602        3191        1628
0000064        1865        1363        1231        1666
0000080        1665        1764        2004        1597
0000096        2302        1691        2165        1820
0000112        1620        2111        1775        2137
0000128        1969        1412        2106        1395
0000144        1469        3135        1915        1300
0000160        1620        1067         923        1335
0000176        1966        2231        1048        1971
0000192        1724        1816        2921        1244
0000208        3255        2747        2714        2368
0000224        2354        2872        2154        1890
0000240        1898        1964        1189        2051
0000256        1691        2581        1511        2133
0000272        1969        1933        1891        1720
0000288        2319        1800        1138        4571
0000304        2215        2537        1564        2114
0000320        2104        1713        1423        2543
0000336        1692        3654        2644        1664
0000352        2755        1978        1828        1648
0000368        1820        1016        2179        2117
0000384        1211        1431        2081        1918
0000400        1360        1150        1840        2157
0000416        2244        2304        6043        3010
0000432        4092        2714        2760        4712
0000448        2339        1997        1780        2233
0000464        2960        1729        1886        5688
0000480        1897        3004        3430        2443
0000496        1870        2169        2666        2810
0000512        1751        2236        2228        2102
0000528        1689        2850        1921        1822
0000544        1915        2775
0000552
