0000000        5926     1938222        1922           0
0000016           0           0           0           0
0000032           0           0      112538      108916
0000048      116148      111681      142014      108908
0000064      113284       99573      107350      107247
0000080      114893      106136      113438      109819
0000096      118236      103345      119776      113241
0000112      118140      119144      121089      139493
0000128      116468      103624      115824      109418
0000144      111577      214650      117093      101881
0000160      118364       95811       82394      103649
0000176      120843      120691       93470      111349
0000192      107035      116856      137320      100458
0000208      172687      121572      125332      121988
0000224      120577      137510      121237      121996
0000240      115251      118205      105477      121908
0000256      103343      144353      105548      119711
0000272      120323      114363      115778      107239
0000288      150769      115376       96592      110987
0000304      114437      112259       98250      115773
0000320       96415      102567       90500      118814
0000336       93363      115435      100777       93631
0000352      124186       93536      100339      103598
0000368      103319       78681      113325       99763
0000384       88616       95769      117061      105039
0000400       86122       85274       99135      113294
0000416      121349      108499      102904      132222
0000432      130440      111136      101565      184154
0000448       99552       99447       96976      108142
0000464      107430       98685       98044      128570
0000480       96669      122599       97311      115118
0000496       95761      105339      111225      101479
0000512       94758      105312      102147      106095
0000528       95680      119370       95798      104103
0000544      101169      116282
0000552
