0000000       28758     1902996        1923           0
0000016           0           0           0           0
0000032           0           0    18707681    18705377
0000048    18705139    18730273    18704807    18714864
0000064    18710785    18721106    18724810    18705019
0000080    18725051    18706713    18712907    18719630
0000096    18728240    18701540    18721459    18727578
0000112    18739389    18735351    18699298    18734211
0000128    18695529    18739754    18696267    18718810
0000144    18697221    18716178    18697094    18725053
0000160    18711184    18726686    18733437    18728134
0000176    18719528    18700709    18717958    18700173
0000192    18713877    18700391    18710537    18701133
0000208    18714797    18700412    18718677    18714029
0000224    18713081    18700720    18712381    18713238
0000240    18711998    18711327    18699759    18712254
0000256    18699703    18708702    18700765    18710868
0000272    18698514    18707576    18698520    18707787
0000288    18714042    18710008    18700934    18700875
0000304    18699843    18698051    18699562    18698015
0000320    18699229    18698019    18698859    18697813
0000336    18699327    18697727    18699849    18699210
0000352    18699391    18697829    18699212    18699103
0000368    18699294    18698931    18697709    18699245
0000384    18697873    18698934    18697742    18699255
0000400    18697776    18699342    18697685    18699446
0000416    18699958    18700330    18702808    18701599
0000432    18701408    18698357    18700047    18698264
0000448    18699944    18698263    18699459    18698213
0000464    18699857    18698347    18699722    18700288
0000480    18699812    18698205    18699643    18699957
0000496    18699563    18699527    18697809    18700047
0000512    18697942    18699621    18697814    18699589
0000528    18697831    18699733    18697892    18700264
0000544    18700210    18700434
0000552
