0000000    16449785    16711933 -2146435072          -3
0000016 -1065579248       32765   953876128       32529
0000032           1 -2146435072 -1065579136       32765
0000048           0           0           0           0
0000064    16449785    16711933           0           0
0000080           0           0           0           0
0000096           0           0           0           0
0000112           0           0           0           0
0000128           0           0   948758117       32529
0000144           2           0           6 -2147483648
0000160           0           0   950396800       32529
0000176           3           0           3           0
0000192           1           0 -1065579467       32765
0000208   950380032       32529   948711383       32529
0000224           0           0           0           0
0000240 -1065579344       32765   948758117       32529
0000256           0           0           3           0
0000272         552           0   950396800       32529
0000288           6           0           6           0
0000304           1           0   948756205       32529
0000320   950380032       32529   950396800       32529
0000336          29           0 -1942359760       21974
0000352        3432           0   948763105       32529
0000368           6           0          10           0
0000384   950396800       32529 -1065579328       32765
0000400 -1946380855       21974 -1946367008       21974
0000416   954236992       32529   948764355       32529
0000432 -1946365888       21974   950396800       32529
0000448   950380032       32529   948707754       32529
0000464 -1946365888       21974 -1065579296       32765
0000480 -1065579232       32765   952823366       32529
0000496 -1946365951       21974   651799552 -1524442276
0000512  -286331154  -286331154  -286331154  -286331154
0000528  -286331154  -286331154  -286331154  -286331154
0000544  -286331154  -286331154
0000552
