0000000       50437     8831205        9557           0
0000016           0           0           0           0
0000032           0           0       43298       46321
0000048       59358       37620       31763       42032
0000064       37677       24929       49086       27740
0000080       22037       41176       26229       40089
0000096       31382       24373       51208       43670
0000112       29574       53241       36272       43154
0000128       31270       42493       31182       35440
0000144       46468       44335       50296       26447
0000160       36797       27464       14156       75906
0000176       51063       22548       28703       41207
0000192       30301       48801       60346       48239
0000208       26017       53240       48142       37651
0000224       42259       36357       20562       27565
0000240       22666       35123       36285       23327
0000256       37263       21920       26985       31337
0000272       50283       37803       38564       25919
0000288       33694       37292       43258       16439
0000304       18989       40612       60455       49882
0000320       25933       30252       30664       25715
0000336       41772       19232       26567       19325
0000352       22275       19751       21789       33340
0000368       15992       20173       19417       20210
0000384       14409       31811       35126       31952
0000400       40297       24042       16820       32778
0000416       17623       19412       24817       26354
0000432       22390       15411       18885       30966
0000448       16616       33778       19007       13976
0000464       26805       25335       16650       16790
0000480       17732       35874       14184       27786
0000496       16001       14351       23210       17736
0000512       21926       16671       15171       18738
0000528       22685       11986       13123       22524
0000544       16716       17472
0000552
