0000000       50699     8850512        9583           0
0000016           0           0           0           0
0000032           0           0       31098       34770
0000048       48626       26499       22670       28252
0000064       26054       19443       36047       21194
0000080       18059       28765       19255       28060
0000096       22826       19683       36356       32039
0000112       23672       37397       24902       29926
0000128       22957       28901       23727       24483
0000144       32414       30609       35573       20684
0000160       24897       20891       12627       61329
0000176       34758       18705       20221       27988
0000192       22055       32616       42497       32452
0000208       19528       40273       33474       26039
0000224       29030       24604       16893       20518
0000240       19357       27410       24955       19490
0000256       27072       18842       21011       22534
0000272       35124       27224       27070       19645
0000288       24110       25288       29844       14289
0000304       16133       26346       44196       33639
0000320       19834       23297       21468       18195
0000336       28129       15997       22464       16458
0000352       18479       16417       18647       22524
0000368       13690       17059       16665       17069
0000384       13008       23056       24889       23927
0000400       27368       19733       14665       22355
0000416       14679       16311       19571       19513
0000432       18344       13501       16132       24060
0000448       14160       24501       16002       12619
0000464       20411       19475       14340       14401
0000480       15278       26055       12690       20020
0000496       14178       12767       19269       15240
0000512       18842       14305       13086       16065
0000528       19553       10675       11814       19105
0000544       14538       15237
0000552
