0000000       34388     7494232        9563           0
0000016           0           0           0           0
0000032           0           0       97792      102241
0000048      110537       91369       89438      100640
0000064       83856       86938      112653       93634
0000080       79050      100478       73657       91800
0000096       90912       82120      128791       81822
0000112      105831      135875       91793       88052
0000128       90139       90185       99806       85477
0000144      108591       99081       99542       92216
0000160       83748       88851       74061      144942
0000176      121948      107815       93139      122411
0000192      102299      114622      156066      131405
0000208       91571      121718      112508      128684
0000224      123045       93872       84510       99730
0000240      110230      134666      108068      104950
0000256      120916       97719       96503      100882
0000272      141328      117364      118498      100229
0000288      114970      106174      128247       76559
0000304       89469      112203      127896      127290
0000320       97010      128596      103699       91718
0000336      109135       81978      121694       93269
0000352      101867       84186       98876       98509
0000368       87640       88886       99343       92542
0000384       88749      111251      112570      123109
0000400      117525      103521       84321      106123
0000416       85551       91179      101834       95185
0000432      101610       90050       94031      126939
0000448       84167      113686       89753       81063
0000464      102173       96935       90436       78390
0000480      103873      122246       83486       96048
0000496       85417       81699      101919       90412
0000512      100470       90206       78521       99741
0000528      108880       68729       75845      102288
0000544       90655       88905
0000552
