0000000       58045     7598397        9559           0
0000016           0           0           0           0
0000032           0           0      533022      525406
0000048      586399      526884      538027      544220
0000064      511680      535071      628963      585643
0000080      494814      621585      470846      534348
0000096      561364      522706      679935      475738
0000112      631529      687236      520734      529550
0000128      524080      545334      619110      519801
0000144      593535      595334      610650      591617
0000160      523907      566662      457314      733262
0000176      616984      642181      556329      694780
0000192      597057      617777      670360      650307
0000208      510043      558811      575868      695396
0000224      564923      521778      519436      546695
0000240      667679      753808      606988      604009
0000256      663090      529747      566905      547986
0000272      736655      549773      545508      538041
0000288      598646      546585      651315      513502
0000304      592805      643463      710327      682914
0000320      624582      750384      614669      541368
0000336      601425      544781      771010      616387
0000352      668445      597037      638566      572307
0000368      627791      583614      660561      599274
0000384      603506      601312      691402      708365
0000400      663475      650978      573324      633297
0000416      577304      587987      633020      579648
0000432      665725      592011      611307      700185
0000448      513551      656621      561806      546459
0000464      615960      631926      577344      498677
0000480      663549      719405      544614      598239
0000496      547163      547051      597963      609837
0000512      603821      546953      453877      650323
0000528      688371      459025      466384      625750
0000544      587564      569789
0000552
