0000000       26039     8134609        9555           0
0000016           0           0           0           0
0000032           0           0      624625      619650
0000048      687417      622361      635802      640601
0000064      613727      625021      734167      683419
0000080      586492      737333      566289      628156
0000096      656189      630695      796269      567627
0000112      733403      809646      613709      624183
0000128      629973      640382      758172      610601
0000144      707195      700623      721178      697793
0000160      629821      676278      638525      849322
0000176      712081      735303      645097      804291
0000192      691097      717598      785611      753830
0000208      599182      662121      679750      797449
0000224      663965      613760      607400      636449
0000240      766775      882339      708667      702926
0000256      773802      619020      665806      634651
0000272      849928      642056      644803      623335
0000288      692386      643753      751875      587249
0000304      677166      736548      812146      788965
0000320      716195      854262      708752      628297
0000336      699383      630322      874963      705459
0000352      765320      693888      726990      660857
0000368      723270      676057      753249      693976
0000384      716352      700526      800205      812514
0000400      766882      747917      665724      723571
0000416      656811      682064      741807      673809
0000432      767280      729843      726302      802892
0000448      710864      756753      668273      660413
0000464      711155      736757      769337      628004
0000480      836447      825845      678524      694345
0000496      696936      705047      692296      731607
0000512      793028      716480      663601      795785
0000528      804182      606975      650615      740729
0000544      712740      682669
0000552
