0000000       47037     7999630        9558           0
0000016           0           0           0           0
0000032           0           0      609274      602198
0000048      667627      607459      617865      623303
0000064      595060      609856      715663      667829
0000080      574973      721715      551712      611659
0000096      639231      615980      772564      550215
0000112      720050      786959      594796      606954
0000128      612936      623590      741817      592543
0000144      688184      681401      701081      683279
0000160      612792      659127      627032      824836
0000176      700058      724356      630437      787772
0000192      676431      702673      774293      736991
0000208      587446      645217      663339      779462
0000224      646137      597205      593172      627225
0000240      753360      850736      690653      688881
0000256      754394      606178      648594      620497
0000272      831958      627754      627711      609722
0000288      675073      624062      733636      574958
0000304      665975      720508      789814      768661
0000320      701050      832601      691387      611033
0000336      680849      615825      869334      689479
0000352      751807      678832      712285      642056
0000368      708472      659168      738339      681225
0000384      706700      680296      780465      790072
0000400      752005      734176      652398      703890
0000416      643103      665810      726690      661192
0000432      753317      719411      714836      783284
0000448      697873      754947      654859      650693
0000464      694266      715510      756829      617822
0000480      823861      804617      668892      679756
0000496      684697      692069      675981      714649
0000512      777124      705804      652493      781975
0000528      786553      599403      640030      725228
0000544      701566      666273
0000552
