0000000       45129     8503158        9553           0
0000016           0           0           0           0
0000032           0           0       76447       75816
0000048       83883       78154       77386       77614
0000064       76733       75151       84419       81487
0000080       71345       89271       69376       79199
0000096       81419       78007       94012       68810
0000112       92972      100641       73714       75738
0000128       76446       77530       91432       74818
0000144       84576       85281       86800       84503
0000160       78517       83103       74728      105023
0000176       88482       85882       75652       98148
0000192       84763       88379      102398       97891
0000208       72895       80711       84707       90264
0000224       83060       71869       72442       76908
0000240       91588      106113       81441       79485
0000256       93551       77864       78398       79013
0000272      104169       78208       80126       73144
0000288       80110       78329       85889       65414
0000304       75132       84811       92010       88457
0000320       79504       91914       76546       67450
0000336       79125       68850       98485       78877
0000352       83566       74129       84692       72256
0000368       79973       77704       80587       79308
0000384       80787       79561       88388       90499
0000400       84671       82865       73174       79270
0000416       70607       75017       82906       75897
0000432       82151       80594       80335       90827
0000448       76836       85757       75423       73755
0000464       78710       78170       83324       72530
0000480       92316       93274       75547       74709
0000496       78051       76506       78096       78826
0000512       91272       80573       74126       86516
0000528       87088       64650       71627       83043
0000544       80033       75590
0000552
