0000000       15865     7683269        9557           0
0000016           0           0           0           0
0000032           0           0    54244112    54235546
0000048    54153381    53973687    54195666    54076261
0000064    54032442    54085531    54116082    54044333
0000080    54105632    53856093    54073578    54176607
0000096    54244089    53919766    54145769    54062239
0000112    54168759    54186024    54013317    54096783
0000128    53784922    54045752    53699762    54186567
0000144    53769784    54012806    53759865    54133404
0000160    54012469    54120057    77610788    77570109
0000176    77666568    77380981    77624154    77243552
0000192    77541638    77338900    77485862    77338820
0000208    77587700    77341951    77555093    77566373
0000224    77576160    77389821    77568526    77536235
0000240    77477847    77427940    77313792    77499616
0000256    77226259    77502505    77234347    77499270
0000272    77195342    77477704    77310973    77519211
0000288    77507511    77542632    78563238    78591174
0000304    78503208    78344105    78403783    78298560
0000320    78441854    78310924    78434123    78434517
0000336    78427136    78386500    78407676    78466030
0000352    78468789    78353135    78485059    78464928
0000368    78500484    78446425    78311487    78421532
0000384    78328116    78439172    78236906    78399733
0000400    78254897    78370456    78384626    78475849
0000416    78517166    78458357    78405493    78347259
0000432    78285141    78065771    78252093    78021243
0000448    78283165    78054078    78240932    78121602
0000464    78237818    78123856    78314420    78349846
0000480    78304422    78084376    78295208    78309259
0000496    78284256    78241231    78062301    78200075
0000512    77978497    78180563    78042075    78144680
0000528    77971658    78166092    78039074    78157847
0000544    78163274    78197692
0000552
