0000000       51911     7800981        9562           0
0000016           0           0           0           0
0000032           0           0    40231125    40043215
0000048    40366055    39095198    39645655    38665283
0000064    40158071    38750161    39397585    38770437
0000080    38969299    39738571    39806840    39493667
0000096    39745967    39699599    39413983    40010758
0000112    39437901    39197816    38942252    39562184
0000128    39479851    39472801    39843282    39036414
0000144    39666886    39416787    39705446    39101109
0000160    40279753    39750130    35985317    35536992
0000176    34237645    33646474    34748123    35303337
0000192    35025225    34980496    34872143    34509915
0000208    34023034    35329257    35005137    34408654
0000224    34401573    37296451    34997869    34632783
0000240    34257917    34620586    35522002    34354424
0000256    35781340    33306057    36216809    34207917
0000272    34710035    33116996    33838729    33980998
0000288    34635614    35152212    33803289    34309296
0000304    34474807    36053423    35976024    35561968
0000320    35486643    35099232    34946327    35079900
0000336    35105261    36980680    35836918    34859867
0000352    34685562    37509464    34400251    34736716
0000368    34250526    34577989    34831609    34872748
0000384    34355835    33301961    36602243    33585842
0000400    35590964    34359111    34131365    33891737
0000416    33844609    35365257    42097047    42069764
0000432    41237077    41543380    41690989    41113264
0000448    42927497    41718667    41198031    41041713
0000464    41848312    44643124    42644342    42301844
0000480    42065304    44629519    41215321    43700579
0000496    42086832    41986244    42540983    41722133
0000512    44493802    41239594    44135439    41026868
0000528    41782353    42089992    42390029    41316623
0000544    41174721    41277157
0000552
