0000000       41211     8308274        9558           0
0000016           0           0           0           0
0000032           0           0      545060      564029
0000048      662195      508675      447301      518263
0000064      508278      372941      658512      416370
0000080      312984      584013      401386      511395
0000096      488026      389574      638688      528521
0000112      446830      691266      504030      541433
0000128      468544      562504      517892      477499
0000144      617035      596067      651132      417352
0000160      521739      428621      133232      813199
0000176      628303      302669      424214      574738
0000192      458174      593867      711181      608826
0000208      353849      611322      587589      520882
0000224      537816      510277      284999      415052
0000240      273889      482366      509124      315116
0000256      535741      264425      394565      420708
0000272      630673      458688      471936      347562
0000288      461770      481921      621936      273470
0000304      310070      610336      766113      725481
0000320      479261      585795      552393      464254
0000336      616381      399532      502844      332216
0000352      381172      379016      330659      551203
0000368      179740      344025      288494      332669
0000384      155906      522671      615624      534028
0000400      645848      423976      237813      531332
0000416      306473      344808      406710      451836
0000432      384011      175998      304661      506995
0000448      232743      515002      282159      152672
0000464      452254      479145      190979      230425
0000480      186435      577139      144945      488435
0000496      190926      155644      355078      222560
0000512      318226      178733      176559      212233
0000528      314874      126931      141344      336500
0000544      186581      224770
0000552
