0000000        5239     8018914        9561           0
0000016           0           0           0           0
0000032           0           0      612288      604949
0000048      673113      609073      624971      629849
0000064      598918      613956      721269      671816
0000080      576031      723824      554225      615470
0000096      644462      618487      758809      553540
0000112      725124      793541      599331      611393
0000128      615264      624996      745974      595754
0000144      692854      684833      704990      687082
0000160      614984      663102      630574      828755
0000176      704469      728225      634085      792157
0000192      680031      703996      779758      742291
0000208      591218      646680      667340      785175
0000224      652656      602544      595159      642783
0000240      757380      853864      694574      693296
0000256      759773      609427      653035      623653
0000272      836933      629037      634088      611498
0000288      678950      627973      737342      577801
0000304      669199      728735      796144      771325
0000320      704436      839386      696379      612242
0000336      684777      622022      869813      697509
0000352      754321      681156      717387      647219
0000368      713397      660581      741901      684700
0000384      709507      683175      783316      793599
0000400      751790      737622      656530      708165
0000416      646828      671655      729785      665918
0000432      761002      722605      715982      791098
0000448      702952      742465      658387      652788
0000464      698443      720796      759879      618958
0000480      827610      809477      670744      681395
0000496      689091      697567      678635      717782
0000512      781451      712961      656365      785570
0000528      792295      604281      644585      729392
0000544      705215      671046
0000552
