0000000        7844     8580350        9556           0
0000016           0           0           0           0
0000032           0           0       74516       72360
0000048       80686       75528       75253       76149
0000064       74589       72245       82269       79306
0000080       69210       86280       67052       77372
0000096       79186       75216       94098       66170
0000112       90439       96766       72148       74155
0000128       74007       75589       88890       72956
0000144       82563       82593       84697       81436
0000160       76008       80308       72380      102666
0000176       85897       84373       74146       96531
0000192       81975       86044       97325       95717
0000208       71224       78994       82557       88132
0000224       80483       70447       70479       73418
0000240       88474      103330       79374       77820
0000256       91287       75384       77667       76795
0000272      100864       76093       78426       71150
0000288       77862       76271       83006       62855
0000304       72711       82309       89098       85026
0000320       77714       88349       74397       65768
0000336       76499       66515       96900       75967
0000352       80633       72347       81769       69943
0000368       76184       75055       77874       76506
0000384       77249       77202       85514       89039
0000400       82021       81387       70472       77058
0000416       68351       72134       80145       73293
0000432       79093       77998       77001       88482
0000448       73060       83851       73266       70597
0000464       76557       75730       79840       69884
0000480       88100       91158       73900       72734
0000496       74712       73366       75389       75968
0000512       88226       77480       70903       84133
0000528       84862       62320       69281       80900
0000544       75856       73157
0000552
