0000000       44695     8889110        9558           0
0000016           0           0           0           0
0000032           0           0       19467       20024
0000048       25341       17939       16147       18595
0000064       17536       14422       21203       16109
0000080       13427       19532       13995       18447
0000096       16943       14959       24254       18004
0000112       17928       24807       17459       18408
0000128       17117       18274       18033       16671
0000144       20945       20052       21109       15514
0000160       17074       15849       11825       31705
0000176       21462       14571       14994       20614
0000192       16588       20568       25691       22890
0000208       14703       22159       20682       19007
0000224       20228       16678       12946       15465
0000240       15941       20877       17939       14617
0000256       20504       14315       15914       16879
0000272       24380       19040       19752       14901
0000288       17818       18348       19768       10743
0000304       12379       18362       23605       20952
0000320       14736       17351       15687       13728
0000336       18542       11789       16784       12744
0000352       14050       12573       14307       15882
0000368       12310       12928       12716       13084
0000384       12272       17087       18299       18107
0000400       19552       14803       11582       16216
0000416       11507       12620       14598       14353
0000432       13824       12397       12600       18056
0000448       11705       17711       12514       11138
0000464       15137       14334       12619       11585
0000480       13963       19423       11667       14793
0000496       12118       11548       14309       12416
0000512       14801       12611       11297       13624
0000528       14932        9694       10850       14534
0000544       12329       12213
0000552
