0000000       49087     8346869        9558           0
0000016           0           0           0           0
0000032           0           0      184207      219484
0000048      331404      163083      144613      167918
0000064      165590      130153      231427      144270
0000080      121136      182420      126521      156109
0000096      146859      133593      212464      200035
0000112      159347      223794      152981      170730
0000128      149356      182843      166108      143565
0000144      200126      189272      217155      144658
0000160      159667      144948      101321      317500
0000176      178624      138480      131321      168899
0000192      141916      166129      221475      176875
0000208      123600      195170      173186      164325
0000224      162653      145624      118935      134643
0000240      145432      181912      152140      138347
0000256      168749      126004      137872      137844
0000272      192189      149686      152153      128652
0000288      148077      146437      180656      109528
0000304      128297      167254      257813      209724
0000320      141907      172055      151073      127686
0000336      175663      124857      172247      133215
0000352      144673      131207      140282      148692
0000368      122890      132372      141482      133911
0000384      115917      152135      176079      167211
0000400      182127      150142      120555      152101
0000416      122562      132582      144909      137547
0000432      144641      124127      136285      169606
0000448      126084      163448      127573      111708
0000464      145649      148295      129806      117134
0000480      140026      178742      109791      145178
0000496      122221      114967      141817      134431
0000512      152338      125831      118129      139498
0000528      154567       96424      105756      149044
0000544      126237      128422
0000552
