0000000       54939     7880071        9558           0
0000016           0           0           0           0
0000032           0           0      582571      580544
0000048      640263      580309      590017      600496
0000064      571597      584356      685926      641758
0000080      547662      689682      525808      584852
0000096      611468      588640      727892      525077
0000112      691745      760928      569568      582724
0000128      584197      595393      716278      570115
0000144      660158      653880      673661      654224
0000160      586371      632359      602200      792286
0000176      668764      693723      604184      758360
0000192      649870      669477      734266      704962
0000208      563292      617327      633623      752236
0000224      619994      574117      566236      612020
0000240      723154      830604      661696      664186
0000256      727876      578422      620043      594450
0000272      799474      603975      603386      585694
0000288      646943      596406      703687      549238
0000304      638622      692351      760683      737177
0000320      672846      804842      660714      584892
0000336      652366      590469      821464      663924
0000352      723080      648859      684379      616248
0000368      681678      633181      708508      654599
0000384      678701      652732      750514      760582
0000400      717261      702825      624095      677757
0000416      617611      638893      697794      631449
0000432      724268      689643      681422      755561
0000448      670173      726768      625523      622556
0000464      665154      686462      725966      587398
0000480      791745      773665      641524      652381
0000496      656392      664560      651084      686131
0000512      747136      678408      623018      749764
0000528      756420      573762      615171      697638
0000544      672814      639509
0000552
