0000000        8876     7760484        9558           0
0000016           0           0           0           0
0000032           0           0    90924709    90928135
0000048    90819082    90550502    90808740    90437884
0000064    90849148    90466775    90601343    90392977
0000080    90786820    90411262    90900371    90772514
0000096    90802016    90662382    90556626    90899109
0000112    90664829    90536960    90603224    90796930
0000128    90575714    90765553    90394229    90794427
0000144    90487167    90688314    90428813    90705159
0000160    90879188    90791100    90682073    90690405
0000176    90661158    89960367    90752686    89880096
0000192    90640249    90017288    90391123    89925920
0000208    90575024    90151870    90516723    90309572
0000224    90469739    90362314    90631757    90472744
0000240    90311616    90180088    90050955    90381525
0000256    89923067    90362041    90102839    90429006
0000272    89690622    90324758    90036159    90424379
0000288    90451604    90570994    91284619    91527341
0000304    91371487    90939076    91284021    90817292
0000320    91328878    90699768    91312983    91079056
0000336    91277991    91192298    91128975    91232060
0000352    91165492    91120573    91218265    91276174
0000368    91248582    91264838    90831513    91242315
0000384    90812753    91120571    90780959    91011620
0000400    90762931    91128609    90892350    91164309
0000416    91284790    91355838    91435510    91418288
0000432    91216473    90969823    91290737    90806051
0000448    91327081    90910506    91243111    91048506
0000464    91204228    91024828    91189701    91334914
0000480    91057746    90890433    91274908    91271261
0000496    91244115    91246960    91043484    91188876
0000512    90901994    91187573    91095881    91090667
0000528    90839492    91358959    91104912    91132133
0000544    91220290    91277141
0000552
