0000000       54748     8443312        9561           0
0000016           0           0           0           0
0000032           0           0       85401       88225
0000048      102923       83102       80489       84568
0000064       81388       77777       95606       85089
0000080       74087       94669       72305       83421
0000096       84699       80281      104308       77442
0000112       96037      112597       79141       81554
0000128       82304       82832       95219       78778
0000144       94656       92025       94947       87004
0000160       81756       85809       75697      120493
0000176       93182       88458       78546      101590
0000192       86936       92542      111253      103470
0000208       75746       91998       90173       95461
0000224       90428       76992       73664       79965
0000240       93804      110969       86253       82587
0000256       98497       80443       82500       82084
0000272      109596       84967       87158       76719
0000288       85458       83660       94409       67279
0000304       77158       89896      106143      100200
0000320       83225       97785       83550       72617
0000336       87569       71992      102384       80923
0000352       86017       77083       85926       78648
0000368       81256       80756       83068       81717
0000384       82561       86013       96126       97158
0000400       94963       87537       75236       84311
0000416       73019       77741       85710       79128
0000432       85462       82277       82060       96940
0000448       78559       92454       77735       74663
0000464       83512       82970       85574       73561
0000480       93732      100515       78270       80538
0000496       79482       77342       82518       81221
0000512       93366       82962       75498       89154
0000528       91732       66120       72870       86806
0000544       81650       77993
0000552
