0000000       13387     8966291        9556           0
0000016           0           0           0           0
0000032           0           0       12498       12470
0000048       14439       13062       12442       12739
0000064       12735       11697       13816       12482
0000080       11363       14466       10993       13228
0000096       13062       12300       15540       11161
0000112       14981       16557       12060       12564
0000128       12243       12645       14315       12325
0000144       13908       13761       13884       13021
0000160       12906       13213       10706       18387
0000176       14525       13119       11727       16010
0000192       13337       14521       16292       16387
0000208       11570       13850       14277       13535
0000224       13496       11448       11101       11866
0000240       14099       16700       12819       12073
0000256       15046       12386       12608       12774
0000272       16966       12707       13296       11098
0000288       12633       12772       13065        9396
0000304       10747       12801       14305       13528
0000320       11886       13141       11013        9819
0000336       12061        9675       14270       11227
0000352       11755       10385       12432       10539
0000368       11282       11491       11277       11543
0000384       11364       12106       13183       13635
0000400       12865       12146       10468       11672
0000416        9727       10454       11882       11078
0000432       11572       11440       11069       13592
0000448       10679       12784       10750       10264
0000464       11644       11039       11514       10430
0000480       12616       14098       10781       10812
0000496       10977       10364       11331       10956
0000512       13199       11366       10405       12252
0000528       12608        8853        9854       12146
0000544       11333       10917
0000552
