0000000       44584     8754030        9558           0
0000016           0           0           0           0
0000032           0           0       65228       64149
0000048       71727       66636       64241       66420
0000064       65459       62245       72037       66701
0000080       58419       74042       57513       67051
0000096       67956       62897       80817       58855
0000112       76340       83693       63100       65668
0000128       63703       65758       74512       63584
0000144       71573       72334       73808       68174
0000160       65994       67946       41736       91522
0000176       74888       68425       63545       82344
0000192       69966       74866       83406       83542
0000208       60723       68496       72440       74705
0000224       69800       61537       58628       62956
0000240       69945       87617       68834       65977
0000256       78483       62991       65140       65985
0000272       86958       65865       67737       60687
0000288       67857       66903       71253       51892
0000304       58429       69627       78968       74744
0000320       65483       74850       63239       57856
0000336       66653       55075       79279       60788
0000352       65607       59673       66391       61166
0000368       51712       60909       61098       61508
0000384       40965       66468       73299       75462
0000400       71088       67073       54149       66170
0000416       54770       58187       65658       61819
0000432       64545       48559       61402       74398
0000448       55364       71107       57256       44057
0000464       64901       64086       53762       52228
0000480       53605       77359       40726       61815
0000496       50671       44410       62338       56024
0000512       68294       50434       47921       59099
0000528       67397       36496       38578       64303
0000544       51169       52817
0000552
