0000000       58274     8599635        9557           0
0000016           0           0           0           0
0000032           0           0       73413       72288
0000048       80267       75736       74889       75112
0000064       74350       71917       81299       77455
0000080       68652       86001       66358       76477
0000096       78973       74662       93341       65931
0000112       89815       95267       71444       73242
0000128       73693       75171       87462       72012
0000144       82572       82626       83923       81289
0000160       75535       79724       70509      101926
0000176       85486       82578       72950       95759
0000192       80796       85173       93562       94735
0000208       70446       77839       82654       86829
0000224       79688       69436       69499       72942
0000240       87952      100490       79123       77223
0000256       90402       74143       76754       76686
0000272       99509       75441       77141       70489
0000288       77360       75889       82203       62744
0000304       72175       80908       88082       84830
0000320       76347       87171       73528       65385
0000336       75357       66249       94460       74793
0000352       79819       71545       80951       69538
0000368       75727       75110       76877       75617
0000384       75274       76832       84118       87723
0000400       80930       79394       70137       76420
0000416       67671       71335       79198       72907
0000432       78599       76059       76190       87693
0000448       72483       84629       72122       69531
0000464       76152       75142       78962       68849
0000480       86667       90091       72373       72346
0000496       73629       71721       74715       75284
0000512       87154       76339       70171       82370
0000528       83836       61675       68185       79646
0000544       75042       72402
0000552
