0000000       29899     8462615        9559           0
0000016           0           0           0           0
0000032           0           0       79486       80033
0000048       89971       79572       78993       80591
0000064       79180       76112       89289       82623
0000080       72514       91720       70910       81659
0000096       83318       79569       98463       72250
0000112       95151      105429       76847       78099
0000128       79225       79968       93314       76442
0000144       89621       88339       89278       85623
0000160       80242       83984       75432      110868
0000176       90395       86998       76352       99985
0000192       85578       89815      104984      100741
0000208       74128       86021       87648       92600
0000224       86214       74373       73111       78115
0000240       93024      108022       83695       81020
0000256       96099       78163       80607       79574
0000272      106517       82150       84352       74656
0000288       82673       80502       89155       66076
0000304       75956       86776       97430       93481
0000320       81190       94543       80005       70504
0000336       82953       69940      100353       80215
0000352       84123       75533       85644       75839
0000368       80174       78775       81815       79875
0000384       81754       82702       91690       93187
0000400       89871       85116       74222       81833
0000416       71786       76131       83875       77890
0000432       82681       81681       81172       93628
0000448       77450       88209       76430       74235
0000464       80889       79864       84342       72716
0000480       93144       97448       77788       77449
0000496       78623       77420       79255       79564
0000512       92647       81845       74848       88623
0000528       88678       65655       73167       85145
0000544       80223       76666
0000552
