0000000       56312     7623439        9557           0
0000016           0           0           0           0
0000032           0           0      537455      531105
0000048      592654      535428      549253      550955
0000064      525331      539898      636567      594392
0000080      503283      641480      484582      539564
0000096      567519      542629      687824      481707
0000112      640140      695231      526252      536017
0000128      537305      549554      659777      525907
0000144      603738      605160      624559      611258
0000160      551390      588970      583065      736357
0000176      620825      645564      561123      703531
0000192      603309      624720      698525      657322
0000208      516189      571954      584156      705017
0000224      574399      527072      525237      568102
0000240      671418      760504      614524      611661
0000256      669785      534222      573342      549149
0000272      743795      554422      553432      541526
0000288      600812      551322      658789      515740
0000304      600736      648361      715033      691120
0000320      631590      756157      617620      548432
0000336      608774      550620      773342      621188
0000352      677839      609802      643340      580213
0000368      641064      587778      667661      611695
0000384      637936      608718      701699      716837
0000400      671001      659031      585983      634937
0000416      584674      600108      665241      601409
0000432      684547      657716      649392      706855
0000448      636068      662853      587055      587351
0000464      626004      647834      693274      551941
0000480      752722      731253      607830      610498
0000496      620698      631694      607874      647770
0000512      712388      641507      594249      720076
0000528      714467      556569      585939      654829
0000544      652013      601158
0000552
