0000000       23992     7961052        9556           0
0000016           0           0           0           0
0000032           0           0      601392      593809
0000048      661970      599385      610896      618518
0000064      588435      601879      707228      662168
0000080      563779      708022      543270      603562
0000096      629704      608445      748973      542016
0000112      710053      775117      588183      599412
0000128      602012      614036      732836      584656
0000144      680098      671011      694911      673792
0000160      605007      651457      618282      814830
0000176      690745      713809      623255      778956
0000192      670173      690196      746029      728197
0000208      580139      634788      654178      773095
0000224      640376      589777      584972      614897
0000240      744353      854530      680604      681165
0000256      743551      597327      640884      614607
0000272      821975      620290      619903      601127
0000288      667427      615448      724738      566083
0000304      653849      713925      780099      757399
0000320      692926      827488      681577      604397
0000336      671893      610257      852152      682539
0000352      742267      667639      704730      642170
0000368      699242      655848      728531      674146
0000384      695735      671593      769493      780462
0000400      739536      725374      646358      694973
0000416      634353      658755      721814      654302
0000432      746008      711443      702769      776175
0000448      689018      742536      644857      640536
0000464      685663      706603      746343      608114
0000480      806893      795471      659627      668543
0000496      678000      683358      672061      706469
0000512      768716      699209      645292      772764
0000528      777607      592590      631685      715930
0000544      692659      657611
0000552
