0000000       22535     8385495        9565           0
0000016           0           0           0           0
0000032           0           0      126532      130213
0000048      146374      119968      113807      126909
0000064      118492      106648      146671      116956
0000080       99089      138779      102124      121150
0000096      120175      108408      156663      115946
0000112      128899      166177      119944      120552
0000128      121559      123672      132892      113176
0000144      143686      137016      140513      115616
0000160      117937      115219       79325      175032
0000176      136482      103675      105390      137786
0000192      113597      132658      163002      145269
0000208       98934      137573      131314      136364
0000224      134698      113952       90566      111397
0000240      107514      148188      124664      108451
0000256      141335       97118      112827      112405
0000272      157745      126832      129293      105152
0000288      125660      121536      142953       84662
0000304       97174      132194      157558      151107
0000320      116106      144030      126139      108993
0000336      132963      100464      136331      102752
0000352      114188      105618      107374      121252
0000368       88680      104034      109644      103192
0000384       87674      129533      143837      141715
0000400      145208      123542       89543      125225
0000416       93357      105666      113108      110751
0000432      110477       90240      100787      140057
0000448       92034      135226       97018       81574
0000464      121546      121936       93571       86807
0000480      102933      146492       83491      121496
0000496       89169       83780      116289       99679
0000512      113727       89793       84556      100615
0000528      119086       70802       78187      118099
0000544       90652       97572
0000552
