0000000       30187     7662059        9559           0
0000016           0           0           0           0
0000032           0           0      554952      547371
0000048      612076      553632      569002      573911
0000064      542235      560697      656436      616997
0000080      522731      663208      502528      562022
0000096      588471      564477      714409      500133
0000112      665357      725939      545264      557224
0000128      559693      572749      681653      545510
0000144      628139      626613      645277      631724
0000160      564880      606981      600022      769236
0000176      655858      680139      587906      734665
0000192      634914      658813      749833      694938
0000208      545497      596257      614960      744784
0000224      604745      553754      553446      580865
0000240      707375      795054      644594      643000
0000256      699628      565684      598071      577714
0000272      776520      584183      579208      571122
0000288      631212      576617      691327      541886
0000304      628601      678133      746671      721845
0000320      662598      794728      648341      581282
0000336      640617      578440      813005      655324
0000352      717614      637268      681895      605050
0000368      676229      618014      701912      640302
0000384      666206      639797      733547      754813
0000400      707541      688124      617671      675386
0000416      615896      627936      694242      624768
0000432      722611      679141      675819      744664
0000448      652472      697898      615629      615139
0000464      658026      677086      717296      577876
0000480      785788      766562      636930      639365
0000496      645869      658041      640986      673941
0000512      734928      664172      609404      743946
0000528      745700      566360      601994      680904
0000544      664509      626598
0000552
