0000000       36858     7858869        9559           0
0000016           0           0           0           0
0000032           0           0      579242      574771
0000048      634440      574750      586703      593279
0000064      566810      580118      679693      636735
0000080      543041      684840      521837      580021
0000096      607525      584598      740887      519475
0000112      684689      749181      565543      578819
0000128      581329      591155      708072      562709
0000144      652456      645548      667235      648734
0000160      582736      627990      597404      783530
0000176      663641      688693      597956      751845
0000192      645679      666426      730650      702176
0000208      563307      612160      627775      745496
0000224      616157      566181      563821      607830
0000240      715224      823516      654217      653765
0000256      718216      575206      615337      590566
0000272      794496      594842      596967      578195
0000288      641242      592485      698176      544760
0000304      634133      686860      756332      731472
0000320      667570      797919      656383      579400
0000336      648123      584654      822214      659467
0000352      715964      642856      678677      609529
0000368      673675      626933      703863      647267
0000384      673089      648193      745919      756128
0000400      712935      698797      620022      671747
0000416      611754      634461      692913      627366
0000432      718333      684554      675897      748422
0000448      662068      719124      621782      617028
0000464      660980      681271      719289      584785
0000480      784873      768296      635440      647009
0000496      649631      658095      645792      679953
0000512      740270      671883      617937      745279
0000528      749839      570754      607999      688390
0000544      666580      634619
0000552
