0000000       57273     8272433        9561           0
0000016           0           0           0           0
0000032           0           0      343636      208556
0000048      320118      187896      193134      248011
0000064      191097      501650      208751      543918
0000080      503081      269128      505494      474044
0000096      580792      592676      320545      386843
0000112      476450      292468      380365      277727
0000128      302487      356462      311369      417208
0000144      394074      439624      281087      517883
0000160      361404      459895      118295      312236
0000176      366451      366260      561982      287814
0000192      283514      280073      446556      318849
0000208      194834      680069      215891      361592
0000224      636644      592443      192725      162056
0000240      287370      179606      226652      279195
0000256      252826      284093      175582      145202
0000272      215613      551046      299380      306931
0000288      405188      402676      171038      156768
0000304      133673      289992      315514      199475
0000320      451881      464618      208499      149624
0000336      455925      292012      264596      199392
0000352      354587      162985      182645      164679
0000368      440573      312210      273039      285459
0000384      128431      207796      157600      378424
0000400      148606      315741      128747      175959
0000416      135496      192149      339552      643366
0000432      524366      605624      393333      406076
0000448      364025      229930      425935      491542
0000464      355817      444520      495205      454506
0000480      292606      491288      374975      200915
0000496      243893      507559      363545      263966
0000512      359196      243338      349218      334613
0000528      349627      252964      702926      233716
0000544      295770      421370
0000552
