0000000       21184     8928519        9558           0
0000016           0           0           0           0
0000032           0           0       12952        9428
0000048       11129       11028       10970       10739
0000064       10559       12027       11281       14765
0000080       12473       10813       12764       12317
0000096       15885       14579       13826       12572
0000112       13126       11804       11430       12315
0000128       11571       11623       10304       12279
0000144       12586       11873       12521       13509
0000160       12141       12067        9704       11253
0000176       10569       11590       12705       14101
0000192       10060       12594       14160       11826
0000208       10756       17068       11174       11938
0000224       14424       14973       10767       10029
0000240       12188       11566       13436       12329
0000256       12168       11982       10728       10915
0000272       11222       15686       13708       11571
0000288       12485       13370       11078        9380
0000304        8910       11264       11820       11254
0000320       14006       13578       11742       10507
0000336       15856       10874       11071       13747
0000352       13537       11207       11428        9676
0000368       14545       13253       17333       13535
0000384       10319       11993       11200       13973
0000400       11889       14533       10314       11353
0000416        9997       10836        9859       17748
0000432       14490       16076       10699       11437
0000448       10116        9343       14877       12735
0000464       10498       11444       13821       12767
0000480       10049       13986       11429        9932
0000496       10400       15007       12870       11268
0000512       10163       11616       11130       11013
0000528       12172       12310       21267       11905
0000544       12620       12158
0000552
