0000000       51618     7545330        9552           0
0000016           0           0           0           0
0000032           0           0      684002      527905
0000048      607918      623359      643356      555081
0000064      581250      595627      579836      628385
0000080      547857      607681      660497      603722
0000096      744257      643007      740461      655309
0000112      656111      611531      602507      618573
0000128      620746      634684      542637      600123
0000144      606843      637540      671499      705766
0000160      605728      549558      581391      624943
0000176      522688      582654      590801      721740
0000192      514614      705038      649891      602309
0000208      563881      760010      575716      596780
0000224      697985      671415      563827      562968
0000240      634569      598011      714247      652736
0000256      613043      572331      549428      575485
0000272      593026      711605      670883      611324
0000288      608108      700453      599601      498788
0000304      489543      511327      512988      550347
0000320      588052      648834      625853      564342
0000336      617604      527442      508798      714173
0000352      587952      589765      612537      496692
0000368      611632      586755      891652      640704
0000384      580756      544360      598219      619894
0000400      607549      625262      534560      620275
0000416      533197      535652      460947      698822
0000432      652994      642024      500037      555233
0000448      488507      460871      691044      554518
0000464      491694      528793      568754      655884
0000480      537340      484083      526384      500583
0000496      488945      656456      535207      544481
0000512      454646      543574      509819      513139
0000528      547215      660764      884700      651171
0000544      673903      534136
0000552
