0000000        1890     8639031        9560           0
0000016           0           0           0           0
0000032           0           0       75619       55803
0000048       66686       65730       66507       64946
0000064       62740       67749       65866       75763
0000080       65946       65996       73637       68931
0000096       87797       77395       81018       72468
0000112       75330       69156       67715       70887
0000128       68767       67777       60662       69487
0000144       71386       69402       72932       77515
0000160       70361       66321       57593       67426
0000176       61116       66569       69790       83114
0000192       58670       75151       78230       68698
0000208       62433       90467       64338       67454
0000224       78384       79602       63075       60091
0000240       71232       67298       77059       71028
0000256       69945       67074       61806       62996
0000272       65698       84680       77195       68046
0000288       69053       76894       63258       54304
0000304       52084       60626       61832       62261
0000320       70596       73815       67195       60598
0000336       78140       60360       59025       78680
0000352       70396       63778       65264       54172
0000368       73792       69751       98092       74430
0000384       59873       63686       63458       72469
0000400       67473       76822       58731       66175
0000416       57559       61199       53358       85980
0000432       77387       77101       58053       63426
0000448       55138       52373       79755       64592
0000464       57575       59310       68490       71020
0000480       57561       58139       60989       56401
0000496       56180       77311       64654       61683
0000512       53930       62493       60254       58497
0000528       64573       72670      107217       68750
0000544       72825       61976
0000552
