0000000       18725     8174008        9564           0
0000016           0           0           0           0
0000032           0           0      734757      567255
0000048      652095      664962      684079      609951
0000064      622620      651016      630425      684697
0000080      601888      659778      714891      657636
0000096      801317      697862      797737      711329
0000112      709783      660610      657423      668017
0000128      673213      684008      598043      651229
0000144      658822      681934      718905      759103
0000160      655719      599836      605841      674364
0000176      572992      633481      642638      772747
0000192      560171      761537      706065      653266
0000208      607675      817827      622492      646672
0000224      754224      729557      608104      608800
0000240      683444      646344      761835      700625
0000256      663646      619381      594989      621069
0000272      638434      766088      723236      661176
0000288      656330      754317      621456      520375
0000304      515712      541057      537302      573087
0000320      617891      675466      646872      587909
0000336      643217      551233      535901      738542
0000352      614649      617011      634307      519572
0000368      639836      613853      908942      665149
0000384      601573      562022      622692      646304
0000400      629688      652450      560870      644293
0000416      553954      564036      485954      731330
0000432      680842      674118      529056      580657
0000448      515243      484164      721265      583886
0000464      522697      555677      604726      681641
0000480      568453      516912      555319      524533
0000496      516521      687236      584551      570227
0000512      479468      570990      536523      537832
0000528      579587      648759      910999      674128
0000544      690249      564906
0000552
