0000000       13373     8233802        9562           0
0000016           0           0           0           0
0000032           0           0      713392      537394
0000048      636748      591498      609519      588076
0000064      566850      649710      580216      680654
0000080      600895      625235      709235      650526
0000096      797603      696899      763667      700966
0000112      705360      641503      647996      642811
0000128      656872      670020      585818      646360
0000144      653588      674739      689304      751853
0000160      644510      595067      220677      657595
0000176      568317      626425      640967      730356
0000192      548841      713665      697128      635979
0000208      559953      813787      575374      634454
0000224      750345      722788      551555      502917
0000240      651166      564467      652028      663369
0000256      629683      587767      526308      474612
0000272      580742      757385      676186      634017
0000288      643607      726170      515908      447719
0000304      415562      529427      530017      538251
0000320      612944      669246      600365      488167
0000336      638714      541622      521692      587172
0000352      601259      521497      541985      463145
0000368      635501      594516      792185      628501
0000384      367213      519356      494126      624454
0000400      476124      627070      388660      526808
0000416      422637      490908      479098      727738
0000432      677390      668556      524505      576320
0000448      513020      468989      707200      580600
0000464      517894      552242      599616      667992
0000480      540928      514775      548546      484864
0000496      489023      681361      569624      538820
0000512      476718      537483      530963      528090
0000528      564711      623384      907810      578149
0000544      638186      559759
0000552
