0000000       48967     8658338        9584           0
0000016           0           0           0           0
0000032           0           0       74628       55489
0000048       66055       64337       65009       63095
0000064       62011       66586       64834       75313
0000080       65477       64816       72444       67767
0000096       86466       76129       80116       71447
0000112       74931       68026       66058       69156
0000128       67683       66816       60142       68925
0000144       70385       68092       71523       76104
0000160       68903       65148       54906       65753
0000176       59912       65736       68694       81590
0000192       57358       74184       76843       67418
0000208       60959       89463       62747       66832
0000224       76881       78144       61369       58689
0000240       70431       65851       75604       70006
0000256       68177       65416       60293       61718
0000272       64687       83583       75691       66475
0000288       68335       75637       61787       53754
0000304       50974       59655       60668       62008
0000320       69457       72002       66185       58977
0000336       76815       59158       58098       77123
0000352       69007       62434       64324       52998
0000368       72794       68397       95230       72756
0000384       58047       63086       62210       71052
0000400       66422       75206       57157       64777
0000416       56305       59335       52775       84780
0000432       76617       76345       57436       62532
0000448       54119       51347       78408       63839
0000464       56764       57871       67735       70191
0000480       56703       56846       60542       55276
0000496       55169       76681       63945       61007
0000512       52823       61436       59361       58114
0000528       63722       71652      107429       67160
0000544       72512       61344
0000552
