0000000        5394     8330325        9560           0
0000016           0           0           0           0
0000032           0           0      141698      100600
0000048      123706      109198      114241      111414
0000064      104684      136096      119599      155353
0000080      135380      120955      145272      136867
0000096      177583      158722      150513      143390
0000112      144455      122999      130691      124985
0000128      131154      129103      117007      132569
0000144      138791      134780      127983      156694
0000160      135838      132913       77515      127266
0000176      117429      127247      137819      141192
0000192      106461      134846      151904      124813
0000208      105584      186594      110461      127454
0000224      166960      163914      108258      100214
0000240      127044      110696      130492      127586
0000256      124618      125997      105191       99346
0000272      111313      169683      144627      131799
0000288      138586      152029      111026       99368
0000304       87959      118692      123184      109839
0000320      141722      149253      118134      101973
0000336      152632      116909      113577      129885
0000352      136380      105865      114065       95476
0000368      147277      134917      183873      134247
0000384       90416      117066      104027      142062
0000400      103767      143154       90852      110262
0000416       92419      110105       99425      169576
0000432      146489      156922      113497      118392
0000448      108442       93062      146004      130842
0000464      107185      123317      137089      136453
0000480      111457      144163      116096       95320
0000496       97251      151164      125084      111920
0000512      103334      107462      110255      112838
0000528      124137      123452      215836      118157
0000544      128172      126457
0000552
