0000000       53820     8291729        9560           0
0000016           0           0           0           0
0000032           0           0      179778      122297
0000048      157803      136226      141222      140130
0000064      129825      266852      143801      310318
0000080      285885      148446      254310      245494
0000096      290539      364448      181085      185841
0000112      226497      152579      178253      155011
0000128      160978      172791      151319      198376
0000144      190251      214960      158533      250385
0000160      180551      262245      106863      162429
0000176      185257      177375      349275      172886
0000192      140272      164978      222878      161599
0000208      129621      425500      136901      178227
0000224      382236      360467      131014      125267
0000240      158026      135200      160764      160294
0000256      150133      160377      128851      127250
0000272      137923      310238      177249      165728
0000288      218825      210887      134804      116220
0000304      107785      155740      166300      129529
0000320      240796      238335      140437      125146
0000336      248301      150831      141327      158811
0000352      187621      129081      136993      114567
0000368      230495      174295      214449      165470
0000384      118452      134997      128884      213687
0000400      131548      176681      115292      134843
0000416      116074      130571      180684      416496
0000432      298290      422717      213831      214016
0000448      191093      120401      215560      316951
0000464      185401      273496      299585      242927
0000480      151998      400483      196496      117248
0000496      127260      282055      195391      142476
0000512      201550      134963      178776      173414
0000528      184464      155120      439494      147558
0000544      163438      261793
0000552
