0000000       59912     7524147        9593           0
0000016           0           0           0           0
0000032           0           0      685288      514303
0000048      595783      599456      620448      551532
0000064      556385      593194      568778      624490
0000080      546236      604671      658618      602451
0000096      741743      639700      737712      650752
0000112      656742      607727      600698      615765
0000128      616421      627736      536233      598541
0000144      604066      620123      633376      699661
0000160      612972      548906      530666      630038
0000176      519449      580277      589522      716947
0000192      513843      699222      644748      597914
0000208      562536      750729      574034      593015
0000224      690635      667828      560024      560651
0000240      631395      594321      711150      650690
0000256      612028      568028      549139      578685
0000272      593383      711629      671418      610820
0000288      603375      703468      590538      493565
0000304      483989      508810      505672      543650
0000320      581307      637715      616578      557428
0000336      608936      518659      500995      703761
0000352      577871      582485      605145      489476
0000368      601353      578714      879612      631706
0000384      573276      535635      592375      611374
0000400      602509      617799      530221      613422
0000416      528831      531098      467737      708344
0000432      658027      646464      502369      557330
0000448      486728      460219      690711      552544
0000464      494588      529020      567199      655836
0000480      538344      484765      525962      500021
0000496      489102      654884      535344      545477
0000512      454696      547686      511829      517328
0000528      548616      673366      885862      658398
0000544      684150      537772
0000552
