0000000       28563     7466311        9561           0
0000016           0           0           0           0
0000032           0           0      177046      125334
0000048      147426      143215      150412      140398
0000064      132908      161700      151693      188671
0000080      159701      150395      175838      159073
0000096      220378      187429      191688      165233
0000112      168734      146592      152604      158745
0000128      161156      156949      135943      161557
0000144      166774      155450      156714      187900
0000160      170475      155956      122678      169727
0000176      154115      164033      172844      195211
0000192      143493      193655      198128      166967
0000208      150649      247763      154951      174969
0000224      223768      210819      155085      147123
0000240      175730      158432      198112      182378
0000256      169084      176604      148029      160953
0000272      157870      226424      199264      182199
0000288      186682      202212      199366      168574
0000304      152265      190797      198457      180776
0000320      215767      242421      188426      184747
0000336      246566      181944      175559      224104
0000352      228580      175515      197879      150501
0000368      234657      213401      335720      211188
0000384      169292      196040      182621      253850
0000400      186462      229358      164666      193944
0000416      161210      178814      129886      217633
0000432      194975      205371      151332      157657
0000448      140485      130308      195573      173148
0000464      137872      167422      180291      183844
0000480      154669      149629      151892      128997
0000496      129865      203418      165298      151036
0000512      129385      147572      141772      152967
0000528      165169      176502      296227      179423
0000544      183472      163512
0000552
