0000000       62481     8446065        9562           0
0000016           0           0           0           0
0000032           0           0       84348       63352
0000048       74977       75067       75924       71874
0000064       71688       76669       75304       86931
0000080       75296       73856       82241       77081
0000096       98944       87868       91217       81907
0000112       84106       77062       75539       79987
0000128       78262       75968       67944       78745
0000144       80105       77980       83228       87655
0000160       79457       75031       68824       74531
0000176       68011       74847       77539       92533
0000192       65535       85221       87407       76650
0000208       71739      104071       73131       76356
0000224       89274       90050       71655       69072
0000240       79931       75538       88174       80802
0000256       79315       75088       70680       73147
0000272       74724       95975       87530       76338
0000288       78264       87399       71960       61944
0000304       59498       69245       70477       70361
0000320       80656       83619       75618       68389
0000336       88194       67097       66496       89338
0000352       79197       72811       73812       61085
0000368       84372       78302      112462       83323
0000384       68679       72094       71728       82088
0000400       76343       85866       66638       74453
0000416       65507       67898       59524       97571
0000432       86276       87399       64558       69812
0000448       62317       57876       88881       72331
0000464       63656       67500       77789       79500
0000480       64810       68325       67791       62855
0000496       62172       87010       74509       69458
0000512       59640       70248       65847       66227
0000528       72507       83024      122355       77378
0000544       81410       70576
0000552
