0000000       25421     8426752        9562           0
0000016           0           0           0           0
0000032           0           0       86265       64155
0000048       76166       75667       77250       73543
0000064       72141       78332       76739       89873
0000080       77721       75075       84661       79273
0000096      101844       90694       92771       84207
0000112       86488       77807       76912       81167
0000128       78537       77049       70237       79619
0000144       82209       79829       83968       89921
0000160       81183       77541       69475       75857
0000176       69514       76279       80412       93213
0000192       66042       86271       90009       77648
0000208       72260      108402       73253       77298
0000224       93070       93476       72275       69844
0000240       80876       76919       89876       81526
0000256       79194       76487       71328       73645
0000272       75608       99600       89394       78698
0000288       80742       89181       73136       62879
0000304       59773       71041       72740       70807
0000320       83586       87453       76344       69095
0000336       91022       69214       68136       90414
0000352       81109       72530       74684       61511
0000368       87984       80841      114175       84131
0000384       69054       72909       71925       84407
0000400       76570       87584       67408       75171
0000416       65868       69678       60364      100504
0000432       88751       90842       66768       71573
0000448       63837       58493       90522       75399
0000464       64806       70990       80423       80787
0000480       66385       72886       69795       63643
0000496       63027       90367       76655       70177
0000512       62104       70319       67334       67457
0000528       75112       84397      126434       78187
0000544       82810       73515
0000552
