0000000       26288     8581160        9560           0
0000016           0           0           0           0
0000032           0           0       79863       59282
0000048       70065       69162       70621       67005
0000064       66957       70810       69284       80080
0000080       69221       69079       76773       72170
0000096       91978       80111       85442       76337
0000112       78928       72187       70550       74764
0000128       72422       70708       63850       73000
0000144       74715       72747       77718       82055
0000160       74564       69629       62154       71517
0000176       63926       70176       72130       87509
0000192       61155       79512       81359       72061
0000208       65553       94706       67493       71840
0000224       81225       83414       66287       63708
0000240       74954       70549       81750       75131
0000256       73546       69968       65376       67065
0000272       69795       88627       81245       70954
0000288       71839       81173       67339       57308
0000304       55243       63728       64949       65593
0000320       73550       76855       71035       63939
0000336       80665       63141       62317       83510
0000352       73766       67548       68932       57304
0000368       76848       72933      103847       78011
0000384       63248       67347       67117       75864
0000400       71234       80071       62066       69822
0000416       60805       63919       56005       90040
0000432       81245       80244       60570       65711
0000448       58079       54799       83373       67512
0000464       60118       61317       71423       74522
0000480       60147       60299       63695       59302
0000496       58797       81278       69831       65350
0000512       56391       66380       63152       61320
0000528       67818       77396      112670       72002
0000544       77006       64035
0000552
