0000000       35438     7797908        9556           0
0000016           0           0           0           0
0000032           0           0      714021      546062
0000048      630205      646270      666393      582467
0000064      605360      626398      615032      663790
0000080      582526      635849      690238      635827
0000096      781957      676469      772633      687943
0000112      688086      639405      631515      645772
0000128      654064      666424      573412      632748
0000144      638212      659613      696391      737445
0000160      637138      580753      592626      653376
0000176      550017      610898      617381      750096
0000192      542131      733134      685077      630729
0000208      592759      795448      603478      626587
0000224      729460      705482      589793      589677
0000240      664726      626624      744608      682749
0000256      644219      602751      578531      605457
0000272      620954      760324      705059      639947
0000288      632722      730095      615066      510412
0000304      503419      530439      526926      561284
0000320      604624      660807      634160      574452
0000336      632930      537758      523162      724320
0000352      600256      600035      618590      507201
0000368      623597      602525      907532      652604
0000384      589190      548345      610822      635253
0000400      618922      640223      547137      630564
0000416      541395      550415      472130      717169
0000432      666876      659289      514665      566810
0000448      504613      473096      706093      569948
0000464      506572      540809      587249      666392
0000480      552745      499503      539447      508937
0000496      500398      673117      564366      558068
0000512      465872      554896      522423      525836
0000528      566576      667297      903791      662857
0000544      676612      549687
0000552
