0000000       49749     8735528        9558           0
0000016           0           0           0           0
0000032           0           0       64400       45781
0000048       57329       48215       47777       52904
0000064       47062       61269       49097       68891
0000080       59379       53708       65574       61207
0000096       77288       69756       68143       63311
0000112       67135       59253       58995       58245
0000128       58066       58673       52547       60653
0000144       62825       61224       59054       67819
0000160       61104       59681       18928       57009
0000176       53893       58749       63211       68564
0000192       51323       63159       68590       59189
0000208       48801       82060       51169       58876
0000224       70662       71900       50225       41489
0000240       59829       50638       57674       59941
0000256       58390       57241       46839       41975
0000272       52764       75378       63763       57371
0000288       60981       66402       48844       43465
0000304       39011       54112       55104       54069
0000320       64051       65391       56947       46805
0000336       70067       53328       52411       59087
0000352       62417       49671       52747       44110
0000368       66285       61888       77181       64084
0000384       33728       55356       47320       64818
0000400       48727       67435       37928       51949
0000416       40049       48352       48881       78478
0000432       69827       70404       51719       57076
0000448       49374       45618       70334       58330
0000464       51481       53224       62265       63431
0000480       50744       53534       55035       47610
0000496       49039       71085       57555       53347
0000512       49095       54336       53973       52328
0000528       57458       62795       97927       56289
0000544       62960       56239
0000552
