0000000       58110     7689939       11467           0
0000016           0           0           0           0
0000032           0           0   108715891   109109750
0000048   108881193   107960460   108541976   107878514
0000064   108703549   107763357   108559916   107747468
0000080   108796009   107739173   108429852   108722751
0000096   108403584   108145751   108260634   108509977
0000112   108675771   108512723   108077668   108372749
0000128   107857621   108326628   108340805   108457749
0000144   107921409   108363727   108011051   108317182
0000160   108438970   108614330   107351707   108039379
0000176   107576953   106192006   107613500   105478501
0000192   107302817   105379316   106918548   105966636
0000208   107258821   105488028   107100916   107019717
0000224   106712309   106166102   106880897   106876049
0000240   106799241   106743626   105248026   106609397
0000256   105766032   106319715   105804743   106532329
0000272   105713349   106550884   105400450   106598829
0000288   106549312   106836120    63017243    63073496
0000304    63307880    62365505    63752130    62281868
0000320    65961429    64435633    64966995    61544688
0000336    64743258    66477610    65516690    62562540
0000352    64475229    67734890    63442461    65711418
0000368    64382861    63821079    61445827    64127757
0000384    62403642    60718987    61968089    61060696
0000400    61169307    61456605    60775986    60813193
0000416    63229169    62976666   111199782   110677815
0000432   110611599   110117462   110820766   110149867
0000448   110813935   110347217   110277183   110205146
0000464   110703794   110352582   110589195   110442145
0000480   110660474   110542162   110666052   110681118
0000496   110715986   110281001   110167068   110458597
0000512   110468725   110432466   110340936   110538534
0000528   110216379   110297712   109518183   110200693
0000544   110278675   110528404
0000552
