0000000       23904     7838380        9558           0
0000016           0           0           0           0
0000032           0           0      722494      551752
0000048      636849      656223      672980      590954
0000064      613832      634629      621225      670046
0000080      589802      643467      698633      641982
0000096      786774      684537      782095      697001
0000112      693286      646789      638290      654154
0000128      660681      672461      580476      642191
0000144      648264      668773      704133      743847
0000160      641354      589495      599886      659019
0000176      556845      617975      624207      761260
0000192      546689      742193      694624      637975
0000208      599320      802134      609786      633425
0000224      736846      711524      596739      598153
0000240      671943      634780      750723      690836
0000256      651310      608376      584325      611104
0000272      627414      752724      713727      646995
0000288      640199      738059      618219      513981
0000304      505228      535126      531395      565058
0000320      608923      669939      639113      580950
0000336      636839      543458      527033      730603
0000352      607280      607057      623786      512121
0000368      629110      605030      914180      658504
0000384      595328      555278      615198      638824
0000400      623987      645022      551395      635332
0000416      547588      555884      476536      723078
0000432      673284      665172      519503      572535
0000448      509945      478836      712782      574927
0000464      511720      547751      593320      675383
0000480      556616      504288      544671      513940
0000496      507363      678143      571335      564858
0000512      471579      558591      526384      530682
0000528      571185      675580      910489      669388
0000544      685395      554933
0000552
