0000000       18387     8484674        9561           0
0000016           0           0           0           0
0000032           0           0       83505       62594
0000048       73611       74025       75223       72071
0000064       70535       73813       74551       83812
0000080       72121       72975       80269       75399
0000096       95996       83725       90501       80153
0000112       82324       75697       73732       78841
0000128       76291       75186       67035       77020
0000144       78291       76488       81682       86055
0000160       78112       72566       67340       74604
0000176       66755       73186       75220       91052
0000192       63810       83943       85563       75902
0000208       70111       98824       71976       75104
0000224       85178       86757       70458       67827
0000240       78117       74467       87111       80127
0000256       77524       73890       69629       71896
0000272       73888       93048       85330       75318
0000288       75992       85231       70966       60178
0000304       58432       66906       67849       69578
0000320       76953       80680       74514       67754
0000336       84161       66296       65277       88102
0000352       76983       71272       72647       60223
0000368       81020       76500      109926       82062
0000384       67523       70408       70057       79255
0000400       75070       83869       65804       73810
0000416       64847       66499       58005       93635
0000432       84552       83079       63204       68123
0000448       60291       57103       87340       69316
0000464       62723       63706       74471       77993
0000480       63066       63178       66849       61989
0000496       61488       84008       73034       68426
0000512       59132       68944       65296       63947
0000528       70742       81678      118956       75444
0000544       80602       67400
0000552
