0000000       47731     7485574        9559           0
0000016           0           0           0           0
0000032           0           0      212907      149970
0000048      176224      172547      180720      168759
0000064      161141      199604      179573      223839
0000080      188929      181417      210280      188357
0000096      262721      220983      227480      194947
0000112      200041      175213      181951      189235
0000128      190050      188268      160537      190002
0000144      195953      184002      187090      222788
0000160      203090      182725      152397      220017
0000176      246950      223299      273846      257357
0000192      195362      250411      260823      209771
0000208      182182      398683      189800      225994
0000224      390567      291881      195203      180348
0000240      224468      194683      255067      235685
0000256      206078      262632      178460      203708
0000272      193810      329392      256484      264613
0000288      333538      275893      467822      401758
0000304      328283      439116      450162      416543
0000320      492683      560958      361443      429366
0000336      549237      417724      404100      433985
0000352      515373      307264      446874      258451
0000368      537039      488078      728847      436707
0000384      291487      457310      354655      555154
0000400      367242      524948      330540      419746
0000416      281646      370418      161562      275408
0000432      247830      287758      194579      198670
0000448      167587      164514      235869      232419
0000464      169158      231253      231483      224492
0000480      196363      190876      189994      155543
0000496      158366      255277      208259      180951
0000512      155480      178929      171142      191903
0000528      197747      219416      398385      220210
0000544      223253      218434
0000552
