0000000       29610     8967124        9556           0
0000016           0           0           0           0
0000032           0           0       12256        8993
0000048       10472       10439       10808       10752
0000064       10336       11092       10709       13447
0000080       11549       10457       12041       11396
0000096       14858       13504       13311       11659
0000112       12502       11324       10519       11730
0000128       11053       11026        9898       11780
0000144       12049       11581       11896       12482
0000160       11803       11209        9272       10518
0000176       10097       10895       11602       13550
0000192        9445       12162       13197       11474
0000208       10109       15858       10318       11261
0000224       13254       13977       10389        9597
0000240       11632       11081       12298       11677
0000256       11720       11232       10259       10386
0000272       10749       14629       13055       10936
0000288       11761       12558       10505        9144
0000304        8418       10667       11223       10956
0000320       12831       12660       11212       10203
0000336       14688       10289       10461       13248
0000352       12499       10762       10754        8971
0000368       13521       12369       16468       13018
0000384        9706       11236       10501       12970
0000400       11749       13790        9775       10791
0000416        9724       10439        9260       15945
0000432       13587       14126        9941       10630
0000448        9379        8739       13889       11421
0000464        9890       10206       12592       11956
0000480        9476       11267       10787        9542
0000496        9523       13907       11908       10786
0000512        9762       10931       10730       10423
0000528       11314       11592       19329       11316
0000544       12394       11159
0000552
