0000000       28242     8889914        9561           0
0000016           0           0           0           0
0000032           0           0       14009        9983
0000048       12229       11575       11755       11754
0000064       11028       14564       12158       18135
0000080       15547       11724       14871       13994
0000096       17962       18358       14855       13704
0000112       14974       12446       12603       13208
0000128       12704       12562       11283       13457
0000144       13931       13413       13202       15173
0000160       13454       14166        9998       11944
0000176       11883       12849       16197       14894
0000192       10930       13414       15558       12932
0000208       11239       22367       11615       12794
0000224       18798       18732       11513       10723
0000240       12979       12307       13756       13218
0000256       12809       13177       11179       11320
0000272       12076       18731       14773       12609
0000288       14907       14878       12006       10218
0000304        9477       13203       13691       12075
0000320       17353       16386       12608       11265
0000336       19598       12150       12142       14820
0000352       15557       11723       12188       10039
0000368       18221       15074       18741       14609
0000384       10714       12808       11753       16960
0000400       12556       16397       10831       12002
0000416       10515       11823       11507       22664
0000432       18291       21422       13189       13724
0000448       11866        9863       16193       16897
0000464       12385       14434       17668       15299
0000480       11575       18494       13806       10534
0000496       11127       18560       15125       12241
0000512       12711       12253       12846       12858
0000528       14563       13721       26668       12676
0000544       14045       15665
0000552
