0000000       20319     8212590        9560           0
0000016           0           0           0           0
0000032           0           0      730793      559723
0000048      647148      655873      674345      608714
0000064      615301      649617      622580      681641
0000080      601050      656118      711218      654843
0000096      797088      695405      792223      708948
0000112      708366      659459      655683      664113
0000128      671703      683039      593676      650628
0000144      660270      681974      713761      758411
0000160      655951      599782      438726      671751
0000176      572106      632078      639962      767351
0000192      559650      747396      704015      649362
0000208      603664      817091      618902      643188
0000224      752410      725702      602857      589979
0000240      679168      633349      744022      696300
0000256      658553      617033      587425      595422
0000272      630935      763703      718542      659284
0000288      655603      749688      607966      512971
0000304      500407      539207      535615      570866
0000320      616041      671936      643516      575247
0000336      641655      549386      533906      712761
0000352      611582      603014      622460      511777
0000368      637979      616175      889374      662186
0000384      546621      557696      602252      641818
0000400      606364      649242      524761      625126
0000416      530083      554105      483961      730801
0000432      680394      669464      527433      579971
0000448      516430      484755      717758      582374
0000464      520963      554342      602173      680491
0000480      565005      514510      555952      520420
0000496      512316      685680      582108      568202
0000512      481369      565352      535681      536730
0000528      576629      674499      919054      657152
0000544      684498      565322
0000552
