0000000       24803     7447055        9556           0
0000016           0           0           0           0
0000032           0           0      151115      105565
0000048      124254      120283      126415      119544
0000064      112235      138435      129406      162664
0000080      136862      126992      148533      134976
0000096      189399      160735      162375      140731
0000112      143423      124053      129131      133703
0000128      136686      132196      114506      137309
0000144      142300      129904      129306      160758
0000160      145700      133569       97404      143730
0000176      129406      137650      145681      161190
0000192      118890      159291      167811      137948
0000208      124497      212857      128153      145347
0000224      190784      179523      128247      122475
0000240      145049      130909      164587      151038
0000256      140919      149602      122253      133658
0000272      130269      191888      167496      154354
0000288      158732      169365      162583      137147
0000304      126275      154017      158316      147435
0000320      177322      195060      154903      150789
0000336      196534      150526      145400      184056
0000352      181549      143362      161980      124692
0000368      188374      175852      278837      175345
0000384      138525      158687      148590      190245
0000400      152797      188046      135587      158248
0000416      131571      149388      104758      181291
0000432      159045      171626      124305      127134
0000448      115353      104121      158457      143387
0000464      111864      139501      150806      147994
0000480      126363      124400      123463      103443
0000496      104863      167820      135322      121319
0000512      105267      118150      114045      125808
0000528      137150      138732      247092      143125
0000544      146574      136531
0000552
