0000000       30309     7404681        9558           0
0000016           0           0           0           0
0000032           0           0      100667       70841
0000048       84163       83526       85794       80965
0000064       78775       93025       87012      109972
0000080       92009       84382       97803       90082
0000096      126179      107537      108166       93595
0000112       96468       84972       86498       90784
0000128       89852       86973       76752       91054
0000144       94012       88014       91495      105842
0000160       96733       88922       72477       95017
0000176       89784       93732      101472      110465
0000192       79042      104481      112845       91840
0000208       82643      150953       85094       96269
0000224      134040      122649       84309       81037
0000240       95908       87005      109584       99280
0000256       93442      102050       81586       87946
0000272       86574      134500      112885      105772
0000288      111953      115169      112737       98909
0000304       88257      114051      120208      103656
0000320      130804      140796      103882      104341
0000336      144936      107563      106915      123980
0000352      132893       95164      110948       86070
0000368      138201      129111      196942      120426
0000384       94871      114548      102247      137849
0000400      103573      135669       94816      106999
0000416       89573      104895       95202      141164
0000432      120959      138546      106359      104013
0000448       94803       93295      124217      122946
0000464       95257      119487      124995      118504
0000480      112897      113896      106824       93598
0000496       90568      132712      113361      109044
0000512       97493       99888      104741      101931
0000528      113135      109737      179871      110243
0000544      117317      116389
0000552
