0000000        9275     7817188        9560           0
0000016           0           0           0           0
0000032           0           0      717022      549443
0000048      633469      652224      669502      587464
0000064      608687      630265      618058      667562
0000080      586302      640986      694280      639268
0000096      784891      681960      779748      690352
0000112      692299      641086      635566      649803
0000128      660741      669222      576420      638466
0000144      643427      665190      701544      737947
0000160      638321      587006      595546      659636
0000176      553307      617428      622574      756047
0000192      545386      739977      689903      635596
0000208      596959      797095      605914      629561
0000224      733092      709060      592540      593770
0000240      667504      631208      748006      687247
0000256      648427      605483      583014      608247
0000272      625195      759671      710667      645668
0000288      637121      734200      617202      514914
0000304      503856      533065      530861      564420
0000320      606823      666982      635833      578003
0000336      635642      539261      524592      728434
0000352      604465      604979      622528      509038
0000368      626812      604795      912919      656425
0000384      592789      552495      613484      638381
0000400      620920      643619      549044      633087
0000416      544775      552649      475494      718556
0000432      672285      661457      518389      571354
0000448      507813      471550      711075      572330
0000464      509923      544213      590303      669580
0000480      554886      502238      542513      512404
0000496      505542      676370      566973      560358
0000512      469932      557878      524547      528418
0000528      571081      671001      909485      665910
0000544      683054      551476
0000552
