0000000       31779     7666844        9591           0
0000016           0           0           0           0
0000032           0           0    92065736    92280831
0000048    92173639    91783105    92031507    91826315
0000064    92132514    91757298    92048771    91677861
0000080    92100378    91744136    91961509    92086221
0000096    91855661    91721088    91884577    92031332
0000112    92089850    92093381    91779757    92067202
0000128    91692501    92046234    91845372    92106698
0000144    91698450    92077410    91687328    92026746
0000160    92106735    92181029    92198733    92101886
0000176    92120548    91824988    92072502    91588172
0000192    92145343    91634410    91909220    91796910
0000208    92107641    91528437    92062706    92033268
0000224    91832097    91702374    92068396    92071190
0000240    92008975    92035077    91619029    92011369
0000256    91773054    91972607    91862053    92071442
0000272    91797229    91863086    91641834    92003963
0000288    91994392    92031423    92094121    92288352
0000304    92182375    91664238    92109006    91525633
0000320    92033909    91446292    91881624    91402969
0000336    91857961    91757224    92055098    91578036
0000352    91785808    91681110    91780741    92001352
0000368    91808398    91774211    90843625    91685810
0000384    91410851    91715640    91370614    91626354
0000400    91335476    91621415    91461402    91648649
0000416    91900523    91928458    94033710    93741709
0000432    93769510    93460308    93885939    93570963
0000448    93914113    93724637    93641060    93583838
0000464    93873498    93646673    93757220    93737280
0000480    93791752    93729943    93831320    93907506
0000496    93919640    93673608    93590449    93816989
0000512    93751997    93822157    93688983    93857453
0000528    93588460    93738062    93102693    93694810
0000544    93768248    93850866
0000552
