0000000        4035     7734265        9559           0
0000016           0           0           0           0
0000032           0           0    46387669    46856962
0000048    46956714    46244179    46114877    46069623
0000064    46627559    46192850    46208047    46461350
0000080    46858246    46167847    46281716    47139289
0000096    46680190    47560572    46072620    46872589
0000112    47149438    46398461    47123152    45953149
0000128    46450292    46136652    47440603    46246546
0000144    46516062    46253526    47336377    46390208
0000160    45624516    46430361    23706835    23560039
0000176    22870483    23835706    24087470    23841679
0000192    23164008    23211971    23469891    24512863
0000208    23821973    24110703    23341557    23678528
0000224    23522637    25555812    22935581    23181413
0000240    23525547    23221802    23079577    22920506
0000256    24612254    21706164    23600888    22055062
0000272    24281731    23663964    23076961    22515478
0000288    21994964    22832473      829532      733022
0000304      744677      822566      834597      803655
0000320     1150897     1080774     1042481      707543
0000336     1035694      992063      887180      961035
0000352      939294     1167184      863511      998830
0000368     1060186      979081     1069549     1088757
0000384      784222      744518      830139      882338
0000400      820874      901065      718829      878661
0000416      940667      930246    38265305    38911677
0000432    38480149    38796797    38034037    39126360
0000448    39773725    36997760    37923542    39890569
0000464    39582490    40797566    39686734    40010459
0000480    38306010    45000854    38759115    39419463
0000496    40102122    38834658    38590253    37876552
0000512    43165589    37584000    42325098    38120435
0000528    39814525    36741352    37856357    35868800
0000544    37262995    38107322
0000552
