0000000       54725     8523265        9558           0
0000016           0           0           0           0
0000032           0           0       82022       61871
0000048       72810       72468       73727       69950
0000064       68944       72504       72451       82058
0000080       70971       71657       78693       74354
0000096       94687       82804       88676       78114
0000112       81645       74239       72848       77107
0000128       74734       74296       65816       75389
0000144       77246       75547       80547       84209
0000160       77219       71958       65504       73352
0000176       65580       71947       73658       89249
0000192       63088       82066       84356       74550
0000208       69085       96678       70608       74082
0000224       83726       84995       69102       66338
0000240       76966       73609       85057       77912
0000256       76700       72102       68012       70036
0000272       72729       91297       84059       73697
0000288       74320       83300       69597       59064
0000304       56952       65954       67242       68052
0000320       75422       78719       73544       66737
0000336       83164       65474       64340       86609
0000352       75849       70036       71160       59079
0000368       79518       75700      107547       80750
0000384       65876       69568       69484       78269
0000400       73928       82230       64959       72088
0000416       63644       65915       57754       92253
0000432       83118       82082       62085       67786
0000448       59342       56389       85812       68531
0000464       61437       63145       72970       76291
0000480       62074       61322       65673       61449
0000496       60335       83644       71891       67359
0000512       57957       67103       64709       63521
0000528       69847       80671      112883       74775
0000544       79279       66273
0000552
