0000000       41165     7583896        9559           0
0000016           0           0           0           0
0000032           0           0      731729      554368
0000048      643733      661032      675153      609004
0000064      617330      644167      618173      678389
0000080      590731      658509      716305      649884
0000096      807118      694127      803031      705386
0000112      711570      664564      653121      671250
0000128      673870      682620      583255      650125
0000144      652722      678104      717390      757009
0000160      662271      592145      841524      865116
0000176      804644      823370      862081      987894
0000192      817793     1021223      895847      870644
0000208      815581     1066572      832281      899622
0000224     1040820      945531      876324      826113
0000240      939595      872632     1064640     1002541
0000256      873734      946338      801501      954055
0000272      858627     1000613      950152      936749
0000288     1002675     1029511    65550295    65533321
0000304    65453830    65357616    65412018    65415360
0000320    65315313    65312535    65339373    65487229
0000336    65401854    65360998    65415240    65405223
0000352    65453502    65296478    65527534    65306200
0000368    65442331    65381846    65284375    65346879
0000384    65303794    65533361    65326119    65520787
0000400    65376362    65421291    65339940    65488048
0000416    65391193    65481106     1158021     1357190
0000432     1361515     1336528     1181946     1231296
0000448     1086742     1214465     1345103     1231237
0000464     1121106     1220439     1214346     1336218
0000480     1222878     1088676     1199538     1125748
0000496     1109658     1329959     1227316     1170267
0000512     1058235     1197436     1127635     1183138
0000528     1158583     1352895     1609635     1355850
0000544     1368131     1198780
0000552
