0000000        8024     8039017        9561           0
0000016           0           0           0           0
0000032           0           0      746233      579180
0000048      658746      678616      695452      611779
0000064      632054      659296      643713      695911
0000080      611764      666677      723110      662729
0000096      814993      707496      811289      720654
0000112      717159      668278      664779      680983
0000128      681856      698153      605322      663795
0000144      668285      692959      729828      772168
0000160      667874      609159      615963      696029
0000176      583047      641189      650848      783749
0000192      568915      775700      715639      661938
0000208      619538      831522      628957      658085
0000224      764643      739609      617891      618800
0000240      694886      654446      776219      713228
0000256      674095      631458      608598      632071
0000272      648803      777673      737894      673269
0000288      664331      764586      633679      528804
0000304      521431      552376      548984      583336
0000320      634029      687826      658043      596854
0000336      657068      562301      543217      751102
0000352      627652      623509      643104      525346
0000368      648216      625124      935245      676916
0000384      609174      572529      631052      658422
0000400      638255      665154      568028      653919
0000416      564622      573435      492023      745725
0000432      695525      685104      536605      589618
0000448      529813      490326      736952      596064
0000464      530086      565199      614223      693746
0000480      577769      523094      562276      531312
0000496      522789      699993      589752      579985
0000512      488056      578264      542834      548965
0000528      589893      697722      943702      687431
0000544      705074      573174
0000552
