0000000       38353     8774094        9561           0
0000016           0           0           0           0
0000032           0           0       42926       25101
0000048       38728       24916       23983       32565
0000064       24550       53002       25732       61324
0000080       54139       32823       56147       51441
0000096       65459       64186       42967       44979
0000112       54757       37260       42806       36503
0000128       36958       43152       35498       48011
0000144       47661       49053       32076       55388
0000160       43924       50256       13830       36731
0000176       43130       43909       58751       39278
0000192       37741       39344       54723       42636
0000208       26751       75142       29056       45190
0000224       64579       65027       28067       21393
0000240       39604       25256       32593       39085
0000256       36153       41905       24877       20528
0000272       30869       65092       41857       38484
0000288       50259       47001       28089       25696
0000304       20864       43711       45374       35273
0000320       57714       58205       34723       24552
0000336       63726       42040       40881       32086
0000352       52459       26474       29893       26535
0000368       59662       47489       45787       44782
0000384       18135       37399       25364       54987
0000400       24528       52630       19767       29202
0000416       20433       29780       42804       73700
0000432       64803       66330       47405       50604
0000448       43443       35217       58734       54650
0000464       45891       48668       57871       56389
0000480       39608       50952       49557       31796
0000496       36578       64205       49757       40778
0000512       44584       39723       47097       44878
0000528       48457       40441       89553       37799
0000544       45572       51309
0000552
