0000000       17191     8077554        9559           0
0000016           0           0           0           0
0000032           0           0      741591      568594
0000048      658959      673123      690800      607828
0000064      628840      655993      637096      693380
0000080      611963      664899      722230      663430
0000096      816356      709165      805805      719688
0000112      717358      667380      662935      676093
0000128      683810      693487      600427      662489
0000144      667989      692988      723978      772732
0000160      664340      609175      614230      694484
0000176      578333      638362      650568      778842
0000192      563813      768668      712663      657844
0000208      614313      831613      626909      651204
0000224      764691      743047      612806      614147
0000240      688217      653293      768072      706967
0000256      669586      626693      602730      625080
0000272      643782      779659      729260      669275
0000288      663479      764497      628216      524271
0000304      519630      549138      545365      578429
0000320      630225      684931      654363      594023
0000336      652580      557765      540535      745749
0000352      621755      621417      636581      522835
0000368      648593      622698      924209      673720
0000384      606521      566999      627428      655521
0000400      633597      662704      563342      648395
0000416      558952      569285      489092      746757
0000432      691819      684924      537518      587314
0000448      525579      488290      730891      592823
0000464      527848      564901      612608      691912
0000480      571761      523089      561819      529125
0000496      520916      696163      587721      575876
0000512      487258      574839      541269      542959
0000528      587924      691556      936373      681391
0000544      700222      572889
0000552
