0000000       29255    12778713        1919           0
0000016           0           0           0           0
0000032           0           0    18375077    18375693
0000048    18375670    18358421    18369767    18353802
0000064    18368645    18352050    18369109    18348443
0000080    18370323    18354737    18370522    18371617
0000096    18363271    18347341    18372191    18371408
0000112    18366504    18365370    18357899    18370648
0000128    18348424    18364894    18348969    18367819
0000144    18354164    18364159    18353225    18364953
0000160    18370002    18368028    18366767    18361103
0000176    18352274    18337709    18360413    18344243
0000192    18362482    18346340    18353879    18337661
0000208    18361171    18347287    18352974    18359857
0000224    18360188    18344265    18361782    18353395
0000240    18361709    18360516    18344755    18360606
0000256    18341524    18355410    18347445    18361080
0000272    18344217    18354011    18351531    18362814
0000288    18362056    18356520    18367831    18367917
0000304    18368435    18361853    18368990    18361482
0000320    18366923    18361597    18365283    18362113
0000336    18366859    18361923    18367243    18367408
0000352    18368129    18361697    18368806    18366004
0000368    18365979    18364807    18361717    18367193
0000384    18360393    18365399    18361732    18366099
0000400    18361676    18368020    18361168    18367784
0000416    18368531    18368359    18271751    18267251
0000432    18268058    18259972    18269005    18258614
0000448    18267260    18257972    18270473    18254324
0000464    18268313    18252332    18268668    18268178
0000480    18269139    18252271    18270580    18268356
0000496    18270733    18268105    18253159    18261641
0000512    18256640    18268576    18251896    18268600
0000528    18252292    18264321    18256745    18268105
0000544    18267689    18271414
0000552
