0000000         169          64          96          96
0000016         112         119         130          89
0000032          71          54         161          63
0000048          44          66         138          62
0000064         132          85          82         101
0000080          81         154         164         106
0000096          70          68          91          74
0000112         114          68          30          44
0000128         161         190         125         106
0000144         103         101         173         143
0000160          97         170         147         174
0000176         164         195         307         158
0000192         105         188          98         162
0000208         146         287          80          63
0000224         137         114         203         243
0000240         101         113         236         124
0000256       20962    13784319        1939           0
0000272           0           0           0           0
0000288           0           0           7           1
0000304           1           4           3           0
0000320           2           2           1           4
0000336           2           1           7           1
0000352           2           6           1           2
0000368           3           6           1           3
0000384           3           3           3           1
0000400           2           1           1           3
0000416           1           2           1           5
0000432          27          10           2           6
0000448           0           1           5           7
0000464           4           7           6           2
0000480           2           2           3           5
0000496           2           4           3           1
0000512           0           2           2           4
0000528           3           2           1           0
0000544           2           4
0000552
