0000000       29580    12751525        1922           0
0000016           0           0           0           0
0000032           0           0    17114628    17107289
0000048    17110990    17073327    17092807    17067570
0000064    17088416    17067340    17087245    17063997
0000080    17090109    17071183    17087382    17088941
0000096    17078312    17065504    17092256    17093092
0000112    17081694    17081839    17074683    17088065
0000128    17059501    17078881    17059675    17082569
0000144    17067512    17076262    17064455    17077622
0000160    17085451    17083441    15659529    15649546
0000176    15641162    15608915    15646347    15614805
0000192    15639662    15625394    15632176    15620970
0000208    15643092    15622756    15645656    15649778
0000224    15650442    15617969    15648292    15643150
0000240    15640524    15636485    15622709    15640592
0000256    15611123    15636946    15612227    15640079
0000272    15604477    15621184    15613165    15634964
0000288    15632966    15631194    17264065    17263078
0000304    17260139    17233141    17265750    17230455
0000320    17247912    17231086    17246136    17242622
0000336    17246737    17235378    17257465    17254878
0000352    17249498    17232927    17259488    17246547
0000368    17249645    17244106    17231701    17251138
0000384    17221002    17244582    17233540    17248769
0000400    17231535    17252679    17226898    17251889
0000416    17262814    17255186    16726020    16716318
0000432    16717982    16703285    16715152    16704956
0000448    16711342    16704882    16714904    16700447
0000464    16714432    16695583    16713905    16713846
0000480    16716928    16694444    16716855    16713735
0000496    16714724    16708964    16694951    16699646
0000512    16692761    16711029    16688314    16705873
0000528    16696110    16698168    16693912    16702890
0000544    16703286    16709161
0000552
