0000000       29385    13498359        1919           0
0000016           0           0           0           0
0000032           0           0          35           3
0000048           0           6          45           6
0000064          14          68           4          70
0000080           5           6          56          21
0000096          72          59           5           3
0000112         111          53           1          16
0000128          23          36          38          24
0000144           7          17          13          56
0000160          23          45           3          61
0000176          81          81          52          60
0000192           8          60          65          78
0000208          39          49          97          52
0000224          34          59          24          63
0000240          21          14          58          30
0000256          60          71          33          11
0000272          38          48          14           7
0000288          22          57          17           1
0000304           2           3           1           6
0000320           6           0           7           1
0000336          26           4           0           1
0000352           5           1           1           2
0000368           4           4           1           9
0000384          11           3           4           1
0000400           1           3           1           0
0000416           3           1          21          40
0000432          20           5           1           5
0000448          32          13           4          20
0000464          30          30          31          43
0000480          51          24          10          29
0000496           2          25          30          57
0000512           2           0          13           3
0000528          25          40           6          16
0000544          39           4
0000552
