0000000           2           0           0           0
0000016           0           0           0           0
0000032           0           1           1           0
0000048           0           0           0           0
0000064           0           0           0           0
0000080           0           0           0           1
0000096           0           0           0           0
0000112           0           0           0           1
0000128           0           5           1           0
0000144           0           0           0           0
0000160           0           0           1           1
0000176           0           0           2           0
0000192           1           0           0           1
0000208           1           0           1           0
0000224           0           0           0           0
0000240           0           0           3           0
0000256       28834    13933398        1929           0
0000272           0           0           0           0
0000288           0           0           0           0
0000304           0           0           1           0
0000320           1           1           0           0
0000336           1           0           0           1
0000352           3           2           0           0
0000368           1           2           0           0
0000384           2           0           0           0
0000400           1           1           0           4
0000416           0           1           0           2
0000432           1           1           1           0
0000448           1           2           0           0
0000464           0           1           4           0
0000480           0           1           0           2
0000496           1           0           2           1
0000512           2           3           0           0
0000528           0           0           0           0
0000544           0           1
0000552
