0000000        6288    13351851        1953           0
0000016           0           0           0           0
0000032           0           0        2674        1048
0000048         733        1460        2645        1594
0000064        2038        2683        1724        3211
0000080        1596        1578        2789        2074
0000096        3364        2539        1676         489
0000112        3644        2954         720        1970
0000128        2503        2570        2551        2418
0000144        1180        1997        1871        2607
0000160        2269        2543         660        2601
0000176        3274        3448        2765        2944
0000192        1840        2705        2854        3296
0000208        2561        2216        3510        2506
0000224        1967        2689        2145        2867
0000240        2069        2199        2592        2366
0000256        2576        3136        2405        1992
0000272        2551        2507        1904        1165
0000288        1868        2965        2077         206
0000304         618         385         341         709
0000320        1012         386         350          61
0000336        2041         138          80         217
0000352        1355         176        1000         543
0000368         185         560         162        1412
0000384        1700         517         166          86
0000400         262         167         699         273
0000416          51          99        2486        2231
0000432        1766        1376         968        1065
0000448        2593        1603         758        2142
0000464        2267        2141        2075        2382
0000480        3354        2218        1268        2578
0000496        1013        2105        1916        2801
0000512         943         393        2002        1194
0000528        2146        2795        1105        1611
0000544        2853        1425
0000552
