0000000       43681    12803989        1920           0
0000016           0           0           0           0
0000032           0           0    18519601    18503900
0000048    18453520    18279999    18430721    18273609
0000064    18425514    18237530    18402834    18233765
0000080    18409596    18281821    18395751    18393819
0000096    18393433    18332061    18410930    18395205
0000112    18393344    18360208    18268404    18358964
0000128    18288461    18351402    18289785    18358845
0000144    18245062    18369061    18284412    18356770
0000160    18359379    18384354    18493941    18492616
0000176    18490006    18478790    18491088    18481970
0000192    18490265    18482086    18487292    18475249
0000208    18489576    18483123    18486921    18487968
0000224    18488835    18481549    18489245    18486399
0000240    18487356    18486831    18479332    18487160
0000256    18476206    18484332    18480031    18485751
0000272    18478395    18484628    18481532    18485882
0000288    18485814    18486328    18198527    18214028
0000304    18170821    18066697    18142498    18013513
0000320    18163301    18039362    18131792    17988891
0000336    18135083    18048749    18156341    18149803
0000352    18105569    18105942    18122603    18147337
0000368    18136451    18127105    18042896    18084988
0000384    18024586    18104970    18029522    18090492
0000400    18022777    18106533    17992003    18094552
0000416    18096471    18136245    18253709    18250975
0000432    18249097    18243359    18247347    18241207
0000448    18246555    18241459    18245786    18240369
0000464    18245189    18240719    18245394    18244956
0000480    18245877    18242903    18244726    18245154
0000496    18243482    18243260    18238830    18241623
0000512    18240045    18241999    18238229    18241921
0000528    18237358    18241602    18239389    18241852
0000544    18242329    18242455
0000552
