0000000       59730    12792300        1925           0
0000016           0           0           0           0
0000032           0           0    18702606    18703065
0000048    18702020    18704343    18700377    18696273
0000064    18701626    18696458    18702396    18692083
0000080    18704215    18696108    18704282    18706619
0000096    18702117    18685909    18708652    18709000
0000112    18704806    18704150    18696975    18707425
0000128    18686898    18704992    18687585    18704582
0000144    18691717    18707359    18691016    18705121
0000160    18704622    18705960    18703165    18698497
0000176    18692249    18678481    18698770    18685544
0000192    18699465    18686627    18693515    18677811
0000208    18698609    18687373    18693002    18697912
0000224    18697978    18685065    18699080    18693223
0000240    18698577    18697862    18685447    18698053
0000256    18682312    18694447    18688234    18698506
0000272    18685590    18694116    18691183    18698902
0000288    18698774    18696710    18701738    18701419
0000304    18702014    18697968    18702571    18697522
0000320    18701672    18697679    18700242    18697844
0000336    18701908    18698136    18701965    18702266
0000352    18703239    18698233    18702725    18701167
0000368    18701134    18700410    18697366    18701646
0000384    18696034    18700768    18697230    18700521
0000400    18697229    18701963    18696650    18701531
0000416    18701430    18701700    18575885    18572049
0000432    18571997    18566160    18571331    18565390
0000448    18570452    18564760    18571335    18562087
0000464    18570640    18560365    18570504    18570062
0000480    18571138    18560972    18571238    18570590
0000496    18571216    18570175    18561105    18566684
0000512    18563770    18570183    18560541    18570085
0000528    18560761    18568154    18564039    18570096
0000544    18569949    18571350
0000552
