0000000       41385    12660112        1922           0
0000016           0           0           0           0
0000032           0           0           6           1
0000048           2           3           7           2
0000064           5          10           9           9
0000080           1           3          12           8
0000096          14           8           5           1
0000112          14          11           4           5
0000128           2           8           4           4
0000144           6           3           5          10
0000160           6           5           0           3
0000176          10           3           2           3
0000192           1           6           2           6
0000208           2           0           9           3
0000224           1           4           0           6
0000240           2           0           3           2
0000256           3           7           2           1
0000272           2           2           1           1
0000288           0           4          11           3
0000304           3           5           4           2
0000320           4           2           2           1
0000336           4           3           0           0
0000352           6           2           3           0
0000368           1           2           2           6
0000384           7           4           2           1
0000400           4           3           7           4
0000416           3           0           3           3
0000432           4           3           1           1
0000448           3           2           2          11
0000464           4           5           2           4
0000480          10           1           1           3
0000496           1           5           1           3
0000512           0           0           2           1
0000528           3           9           1           1
0000544           5           2
0000552
