0000000       20317    12698960        1919           0
0000016           0           0           0           0
0000032           0           0         314         203
0000048         154         288         389         217
0000064         212         380         212         500
0000080         184         211         341         284
0000096         560         332         208         111
0000112         522         427         138         271
0000128         252         327         291         272
0000144         182         189         209         288
0000160         287         246          13         249
0000176         384         239         191         200
0000192          55         206         160         320
0000208         134         121         303         181
0000224         129         153         117         275
0000240          99         102         233          89
0000256         167         285         133         124
0000272         153         165          88          47
0000288          88         160         355         130
0000304         200         181         217         272
0000320         205         189         177         169
0000336         399         119         121         154
0000352         450         155         283         170
0000368         162         198         165         398
0000384         386         230         174         118
0000400         176         147         312         250
0000416         120         120         202         203
0000432         140          92          98         152
0000448         230         187          63         261
0000464         206         204         159         217
0000480         401         176         137         210
0000496         130         174         206         253
0000512          82         101         186         107
0000528         283         291         105         134
0000544         320         142
0000552
