0000000       51275    12687281        1923           0
0000016           0           0           0           0
0000032           0           0         120          37
0000048          46          81         164          73
0000064          62         169          59         206
0000080          38          59         156         107
0000096         220         114          53          14
0000112         269         145          24          79
0000128          68         130          95          89
0000144          27          40          47         134
0000160         110          69           4         115
0000176         151          75          51          39
0000192           4          43          32         135
0000208          26          34         136          34
0000224          24          27          23         100
0000240          11          13          60           8
0000256          51         105          14          29
0000272          28          23          11           9
0000288          15          34         133          19
0000304          57          41          58          99
0000320          38          36          40          37
0000336         163          41          19          19
0000352         142          31         124          33
0000368          33          40          27         151
0000384         132          49          30          15
0000400          50          28         104          67
0000416          20          19          38          51
0000432          47          13          13          32
0000448          42          48           6          67
0000464          65          54          21          41
0000480         110          28          17          42
0000496          17          36          60          56
0000512          11          17          36          15
0000528          64          71          18          25
0000544          86          29
0000552
