0000000       45220    12829297        1936           0
0000016           0           0           0           0
0000032           0           0     5154539     5174029
0000048     5031559     5088494     5053551     5190198
0000064     5152265     5090427     5096403     5121687
0000080     5113114     5216299     5107914     5139847
0000096     5196639     5391049     5186851     5186081
0000112     5166332     5067303     5125418     5032979
0000128     5334544     5059950     5296033     5033036
0000144     5058413     5175585     5262687     5076969
0000160     5059857     5192728    10625848    10554236
0000176    10544610    10591393    10503179    10551307
0000192    10564859    10555572    10612720    10516679
0000208    10587267    10595865    10517290    10460247
0000224    10552443    10715001    10611883    10511174
0000240    10568190    10518196    10526433    10577893
0000256    10552657    10296103    10642257    10403537
0000272    10564654    10572802    10595469    10479729
0000288    10509278    10651860     1919127     1971793
0000304     1877787     1927782     1786064     1809135
0000320     1956902     1912130     1882466     1719055
0000336     1884153     1879870     1929914     1989708
0000352     1832927     2133291     1793670     2001902
0000368     1930209     1945868     1902987     1746287
0000384     1908076     1884535     1919400     1743076
0000400     1910407     1849329     1741140     1815804
0000416     1753160     1988230    10775164    10832289
0000432    10753078    10831443    10779632    10649260
0000448    10802327    10679416    10826363    10790409
0000464    10750402    10948463    10894354    10824420
0000480    10743184    11126805    10708106    10909299
0000496    10727183    10813371    10912872    10860973
0000512    11066371    10615608    10951187    10760102
0000528    10612159    10731737    10916935    10743315
0000544    10715941    10786145
0000552
