0000000           2           0           1           0
0000016           0           0           1           1
0000032           1           1           2           0
0000048           0           0           0           0
0000064           1           0           0           0
0000080           0           3           0           0
0000096           0           1           1           0
0000112           2           1           0           0
0000128           0           3           1           0
0000144           0           0           0           3
0000160           0           1           0           1
0000176           1           0           9           4
0000192           1           2           0           0
0000208           0           2           0           0
0000224           0           3           2           1
0000240           1           2           1           1
0000256        2049    13875148        1987           0
0000272           0           0           0           0
0000288           0           0           4           2
0000304           1           1           1           0
0000320           1           3           0           1
0000336           3           1           0           2
0000352           3           3           1           0
0000368           3           5           1           1
0000384           6           3           2           3
0000400           0           1           2           0
0000416           0           6           1           1
0000432           2           3           3           1
0000448           3           1           1           4
0000464           3           2           3           1
0000480           2           3           0           1
0000496           3           0           4           3
0000512           5           2           2           2
0000528           1           0           2           0
0000544           1           4
0000552
