0000000       56811    12714477        1920           0
0000016           0           0           0           0
0000032           0           0        1222         572
0000048         630         851        1827         672
0000064         800        1876         619        2535
0000080         536         800        1555        1072
0000096        3038        1275         592         323
0000112        2738        1807         408         949
0000128         730        1240         841        1034
0000144         577         496         639        1225
0000160        1489         812          84         748
0000176        1317         636         437         474
0000192         188         564         440         994
0000208         338         318         949         518
0000224         323         406         284         849
0000240         282         295         674         312
0000256         476         737         331         333
0000272         361         365         252         189
0000288         255         447        2211         317
0000304         820         796        1093        1279
0000320         681         676         629         978
0000336        2463         622         396         522
0000352        3078         572        1909         596
0000368         527         718         564        2848
0000384        2016         855         608         449
0000400         728         568        1596        1129
0000416         611         469         637         586
0000432         499         367         302         493
0000448         579         683         266         762
0000464         664         569         440         640
0000480        1225         489         405         606
0000496         400         542         704         659
0000512         300         315         498         370
0000528         889         953         335         408
0000544         945         407
0000552
