0000000         763    12870238        1922           0
0000016           0           0           0           0
0000032           0           0      173644      197019
0000048      137232      186784      157308      162712
0000064      153342      160999      160478      173325
0000080      148643      156083      166336      159208
0000096      190925      147873      157956      152800
0000112      177196      168920      145557      160579
0000128      162194      174815      170915      158567
0000144      144294      169270      150911      158472
0000160      149819      154047      138017      149295
0000176      177199      180492      162871      175586
0000192      142753      158472      165619      163570
0000208      163129      141432      172797      155713
0000224      138606      150921      139385      166337
0000240      147882      149234      160081      154449
0000256      153154      170666      161490      155146
0000272      164136      148365      143131      142143
0000288      141956      156341      157150      121954
0000304      142762      154254      138748      145608
0000320      155301      138329      137619      125287
0000336      150844      122767      141233      131540
0000352      195059      143408      144083      149887
0000368      138089      155464      133432      139478
0000384      163474      153016      139807      122339
0000400      125577      137080      140181      157675
0000416      124191      206204      171740      145747
0000432      127574      134282      141362      132283
0000448      170590      140131      152828      154500
0000464      150432      143833      148500      144897
0000480      196188      157411      134089      184668
0000496      147943      142372      137199      159552
0000512      141823      132696      156104      138585
0000528      154458      191077      135142      140153
0000544      177624      159833
0000552
