0000000       34752    12726190        1924           0
0000016           0           0           0           0
0000032           0           0        7558        5093
0000048        5280        7151        8121        5534
0000064        5442        8487        5109        9966
0000080        4559        6165        8159        6703
0000096       10969        6681        5042        2598
0000112       10084        8604        4361        6880
0000128        5472        7881        6357        7213
0000144        5088        4086        5349        7173
0000160        7634        5713         385        4297
0000176        6428        3948        3027        3134
0000192         859        4092        2432        5913
0000208        1938        2540        6108        3316
0000224        2009        2545        1788        5321
0000240        1374        1552        4745        1457
0000256        3172        5209        1993        2193
0000272        2014        2086        1290         943
0000288        1485        2427        9845        4035
0000304        6935        6944        7765        8412
0000320        6748        6322        6112        7317
0000336       10074        6207        5197        5484
0000352       14206        6132        9565        5922
0000368        5570        6769        6041       10220
0000384       10460        7709        6348        5061
0000400        6559        6101        9158        8514
0000416        6024        5163        3844        3846
0000432        3380        2408        1471        4044
0000448        3884        4890        1218        5621
0000464        4924        3865        2595        3761
0000480        7757        2752        3060        3339
0000496        2495        3569        4912        4120
0000512        1483        2406        3128        1966
0000528        5766        5643        1983        2585
0000544        6113        2525
0000552
