0000000        5074    13449402        1927           0
0000016           0           0           0           0
0000032           0           0          80          50
0000048          45          59          73          57
0000064          64          97          65          96
0000080          75          68          75          67
0000096         125          81          64          42
0000112         114          97          40          68
0000128          82          84          80          73
0000144          53          86          58          61
0000160          63          86          31          77
0000176         116         100          76         100
0000192          33          78          72         111
0000208          57          59         117          75
0000224          58          78          47          72
0000240          54          58          85          71
0000256          68          99          66          58
0000272          70          69          63          33
0000288          49          89          52          30
0000304          45          40          41          47
0000320          50          46          38          14
0000336          85          19          16          38
0000352          82          28          53          41
0000368          38          54          23          60
0000384          71          48          25          16
0000400          35          23          66          36
0000416           9          15          79          66
0000432          46          43          32          31
0000448          73          55          41          56
0000464          63          69          42          63
0000480          83          72          51          80
0000496          40          68          44          87
0000512          39          30          51          50
0000528          80          77          53          40
0000544          87          54
0000552
