0000000           2           0           3           2
0000016           1           1           1           0
0000032           0           2           0           6
0000048           4           6           8           1
0000064           1           4           1           6
0000080           2           9           1           1
0000096           1           0           4           4
0000112           1           2           6           0
0000128       13313    13730580      130278           0
0000144           0           0           0           0
0000160           0           0         201         112
0000176          81         163         276         157
0000192         169         256         152         335
0000208         146         114         217         150
0000224         587         225         147          78
0000240        1079         290          94         171
0000256           0           0           3           0
0000272         552           0 -1099581568       32625
0000288           6           0           6           0
0000304           1           0 -1101222163       32625
0000320 -1099598336       32625 -1099581568       32625
0000336          29           0 -1418370768       21915
0000352        3432           0 -1101215263       32625
0000368           6           0          10           0
0000384         164         254         207         205
0000400         141         167         158         207
0000416         137         215          87        1384
0000432        3689        1430         321         219
0000448          91         450         389        1881
0000464         162         207        2166         222
0000480         136         349         132        1453
0000496         132         133         473         159
0000512         302         349         166         125
0000528         176         240         101          77
0000544         113         404
0000552
