0000000        3163        1148        4912        9710
0000016        6302        5911        8110        3097
0000032        4581        3928        4427         353
0000048        2365        7406        2556         270
0000064         498        2005        8033        9778
0000080        6358        8163        5311        7126
0000096        7228        9061        7540        7843
0000112        6293        6530        7753        6197
0000128       10988        4305        1357        2514
0000144        9610        5566        6126        6599
0000160        1453       11020        4453        7679
0000176        9405        6359        8018        4751
0000192        7644        9102       12217       11643
0000208        2380        5921        8931        9988
0000224       13284        9881        9138       10865
0000240        6706        3812       10704        7437
0000256        6351        9045        9035        7970
0000272        5124        3240        8090       11962
0000288        7261        6057        7106        9696
0000304        8657        8291        7511        6987
0000320        2653        5935        9141        1359
0000336        6406        3119        6357       11746
0000352        8049        7832        1726        4567
0000368        9988        8339        3475        5370
0000384        8068        8816        5684        3592
0000400        5387        9148        8086        1251
0000416        8100        5741        6488        3399
0000432        3997        5321        9805        3038
0000448        4928       10921        2625        7945
0000464        3723        5021       42045    10283117
0000480        9573           0           0           0
0000496           0           0           0           0
0000512         276         463        3183         383
0000528         258         275         403        1088
0000544        2780         285
0000552
