0000000           1           0           3           3
0000016           5           2           6           0
0000032           2           3           1           0
0000048           0           3           2           0
0000064           0           0           4           6
0000080           5           2           0           0
0000096           1           0           1           5
0000112           0           0           0           2
0000128           3           3           0           0
0000144           1           3           0           0
0000160           1           1           0           1
0000176           4           0           1           0
0000192           1           2           5           6
0000208           0           0           3           3
0000224           9           1           6           4
0000240           2           1           7           2
0000256           2           6           4           6
0000272           0           1           4           4
0000288           5           3           0           5
0000304           3           7           4           3
0000320           1           3           3           0
0000336           5           1           4           5
0000352           3           5           0           0
0000368           4           6           3           2
0000384           2           1           3           3
0000400           2           6           5           1
0000416           6           0           3           2
0000432           6           2           3           0
0000448           1           5           1           6
0000464           0           2       29168    10799957
0000480        9557           0           0           0
0000496           0           0           0           0
0000512           0           1           3           1
0000528           0           0           1           1
0000544           0           1
0000552
