0000000           0           1           0           1
0000016           1           0           1           0
0000032           0           0           0           0
0000048           2           1           1           2
0000064           0           1           1           0
0000080           1           1           1           0
0000096           0           0           1           0
0000112           0           0           0           0
0000128           0           1           0           0
0000144           0           0           0           1
0000160           2           0           2           0
0000176           1           0           1           0
0000192           1           0           0           0
0000208           1           0           0           0
0000224           1           1           0           0
0000240           0           1           1           2
0000256           1           0           0           0
0000272           1           0           0           0
0000288           0           0           2           1
0000304           0           0           1           1
0000320           0           1           1           0
0000336           2           0           2           0
0000352           0           1           1           0
0000368           1           2           1           0
0000384           2           0           0           0
0000400           0           0           0           0
0000416           0           0           0           1
0000432           0           0           2           0
0000448           0           1           0           0
0000464           1           1         445    10983916
0000480        9559           0           0           0
0000496           0           0           0           0
0000512           0           1           0           0
0000528           1           0           1           1
0000544           2           0
0000552
