0000000       29754     9671516        9553           0
0000016           0           0           0           0
0000032           0           0       23185       22930
0000048       34468       21354       21324       28363
0000064       13643       27466       29850       19762
0000080       27219       26842       28771       30296
0000096       33096       24592       43490       19371
0000112       28695       17555       31892       15467
0000128       14672       29867       14094       21903
0000144       12642       20305       30510       36284
0000160       41634       28322        1144        1955
0000176        2988        2476        1849        1855
0000192        1041        2308        1164        2232
0000208        3721        1342         670        1369
0000224        3587        1317        1498        1352
0000240         942        2949        1052        2706
0000256        2501        1912        1481        1704
0000272        2052        2030        2933        3890
0000288        1296        1878       45007       42808
0000304       58030       50387       48110       43431
0000320       29257       33101       40301       34677
0000336       37117       42179       44616       42527
0000352       38924       21426       43333       51862
0000368       39095       39816       40809       42978
0000384       44269       47462       35874       49033
0000400       32383       39610       43881       22669
0000416       46584       25398       77409       98179
0000432       76077       68275       55148       69651
0000448       62631       96789       49644       77823
0000464       67013       82779       75698       64063
0000480       69413       78629       72742       50698
0000496       67951       66404       85063       67900
0000512       54789       71947       79123       65942
0000528       54862       86899       62696       59373
0000544       64042       53682
0000552
