0000000         202         154         217         337
0000016         227         230         299         197
0000032         170         203         243         118
0000048         140         259         159         111
0000064         108         131         250         342
0000080         208         250         184         189
0000096         245         256         199         229
0000112         190         181         223         199
0000128         330         126         113         117
0000144         302         158         215         166
0000160         136         362         116         201
0000176         246         195         222         156
0000192         239         269         323         336
0000208         124         167         299         328
0000224         654         340         290         374
0000240         271         171         344         242
0000256         196         331         327         259
0000272         178         166         264         427
0000288         256         239         281         338
0000304         306         276         256         226
0000320         158         213         321         113
0000336         241         181         204         362
0000352         263         264         154         187
0000368         354         299         136         223
0000384         268         296         246         196
0000400         206         346         276         113
0000416         250         238         250         191
0000432         178         237         337         178
0000448         193         399         193         296
0000464         184         231        6323    10362535
0000480        9558           0           0           0
0000496           0           0           0           0
0000512         141         126         196         154
0000528         134         132         155         181
0000544         207         119
0000552
