0000000         310         204         392        2515
0000016         643         570         974         276
0000032         351         345         355         155
0000048         237         806         253         132
0000064         155         236        1113        2280
0000080         582        1285         300         728
0000096         346         782         446         827
0000112         349         432         642         388
0000128        4443         235         145         189
0000144        1583         383         362         394
0000160         173        2650         238         575
0000176        1808         331         562         253
0000192         673        1024        1849         917
0000208         176         370        2249        3787
0000224        8158        3069        2161        4138
0000240         738         310        3185        1130
0000256         930        4203        4393        1584
0000272         493         268        1278        4881
0000288        1147         684         674        2724
0000304        1509        1851        1060         961
0000320         244         580        3069         167
0000336         749         248         661        3222
0000352        1032         984         192         368
0000368        3347        1391         279         506
0000384        1009        1522         413         323
0000400         484        1198         768         166
0000416        1048         488         806         274
0000432         324         408        1903         323
0000448         303        2748         263        1124
0000464         354         486       16598    10323836
0000480        9562           0           0           0
0000496           0           0           0           0
0000512         144         194         341         181
0000528         168         159         187         241
0000544         290         160
0000552
