0000000       46425     9482165        9560           0
0000016           0           0           0           0
0000032           0           0           0           0
0000048           0           0           0           1
0000064           0           0           1           0
0000080           1           1           0           0
0000096           1           1           0           0
0000112           0           0           0           0
0000128           0           0           2           1
0000144           0           1           0           2
0000160           0           1           0           0
0000176           0           1           1           1
0000192           0           1           1           0
0000208           1           0           0           0
0000224           0           1           0           1
0000240           1           0           0           0
0000256           1           0           0           1
0000272           2           2           0           1
0000288           0           0           2           1
0000304           0           0           2           1
0000320           0           0           0           1
0000336           2           5           0           0
0000352           1           3           0           1
0000368           0           3           2           1
0000384           1           4           0           0
0000400           1           1           2           0
0000416           2           2           3           1
0000432           0           0           0           0
0000448           1           1           2           0
0000464           0           0           1           2
0000480           2           3           1           1
0000496           2           0           1           1
0000512           5           1           2           1
0000528           0           1           1           1
0000544           1           1
0000552
