0000000           0           0           4           3
0000016           1           0           4           2
0000032           0           2           3           0
0000048           2           3           1           1
0000064           1           1           1           3
0000080           5           3           0           3
0000096           0           1           0           2
0000112           1           1           1           1
0000128           7           0           1           0
0000144           3           1           0           0
0000160           0           4           0           2
0000176           4           1           0           0
0000192           1           1           3           0
0000208           0           2           4           1
0000224          10           3           4           6
0000240           1           5           6           4
0000256           3           2           2           2
0000272           0           0           3           3
0000288           2           3           3          10
0000304           1           7           1           5
0000320           1           1           5           0
0000336           1           1           1           2
0000352           3           1           1           1
0000368           4           1           0           1
0000384           0           4           1           0
0000400           1           6           2           1
0000416           6           0           5           0
0000432           1           3           7           0
0000448           1           5           2           2
0000464           2           2       59669    10821306
0000480        9607           0           0           0
0000496           0           0           0           0
0000512           0           0           0           1
0000528           0           1           1           2
0000544           1           0
0000552
