0000000        7524        4331        8070       11296
0000016        9197        8780       11352        7118
0000032        7404        7748        8702        2364
0000048        5651        9704        6641        1280
0000064        2625        5827       10444       11793
0000080       10294       10305        9228        8351
0000096       12079       10750        9553        9385
0000112        8303        8302        9320        8511
0000128       11892        7546        4288        5622
0000144       11047        7855        9418        8572
0000160        4926       12142        7240        9668
0000176       10367        9531        9814        7814
0000192        9255       10335       14412       14077
0000208        5728        7907       10338       11350
0000224       14268       11429       10716       11850
0000240        9320        6712       12340        9367
0000256        8027       10047        9948        9543
0000272        7578        6357        9913       13335
0000288        9721        9263       10904       11383
0000304       10391       10145        9956        9123
0000320        5979        8512       10142        4284
0000336        8999        6571        8300       13155
0000352        9927        9557        5227        7568
0000368       10460       11059        6184        8360
0000384       10613       10667        9377        7685
0000400        8439       12228       10475        4671
0000416       10043        8715        8739        7291
0000432        7378        8985       11378        7083
0000448        8047       12548        6597       10181
0000464        7864        8630         593    10257983
0000480        9556           0           0           0
0000496           0           0           0           0
0000512        1284        2341        7682        2286
0000528        1131        1251        2613        4598
0000544        7278        1672
0000552
