0000000           0           0           0           0
0000016           0           0           0           1
0000032           1           0           0           1
0000048           0           2           1           0
0000064           0           1           0           1
0000080           1           0           1           0
0000096           0           1           0           1
0000112           2           1           1           0
0000128           0           1           1           1
0000144           0           1           0           0
0000160           1           1           0           1
0000176           0           0           1           0
0000192           0           3           1           1
0000208           0           1           0           1
0000224           1           0           1           1
0000240           0           1           1           1
0000256           2           0           0           0
0000272           1           1           2           0
0000288           0           0           2           0
0000304           1           0           1           0
0000320           0           0           1           0
0000336           0           0           0           0
0000352           1           1           0           0
0000368           1           1           3           1
0000384           2           3           2           2
0000400           0           0           2           2
0000416           0           0           0           1
0000432           1           0           0           1
0000448           2           1           1           1
0000464           0           3       47718    11022628
0000480        9559           0           0           0
0000496           0           0           0           0
0000512           1           0           0           0
0000528           0           0           1           1
0000544           1           0
0000552
