0000000           0           0           1           1
0000016           1           0           1           0
0000032           0           0           1           0
0000048           2           3           1           1
0000064           0           0           1           0
0000080           1           0           0           0
0000096           0           0           0           1
0000112           0           1           0           1
0000128           0           1           0           2
0000144           0           1           1           0
0000160           0           1           0           0
0000176           1           1           0           0
0000192           0           1           0           1
0000208           0           2           0           0
0000224           1           0           1           4
0000240           0           1           1           1
0000256           0           0           0           1
0000272           0           0           1           1
0000288           0           2           1           1
0000304           1           0           1           0
0000320           2           1           0           0
0000336           1           2           0           1
0000352           1           0           1           1
0000368           1           0           0           2
0000384           1           0           2           1
0000400           2           0           2           1
0000416           1           0           1           0
0000432           0           0           1           0
0000448           1           0           1           0
0000464           1           0       37374    10906483
0000480        9551           0           0           0
0000496           0           0           0           0
0000512           1           0           1           1
0000528           0           0           0           1
0000544           0           1
0000552
