0000000       24547     9775870        9558           0
0000016           0           0           0           0
0000032           0           0    93732100    93714856
0000048    93715115    93699345    93699629    93701881
0000064    93703367    93710106    93691548    93725055
0000080    93698016    93730764    93695390    93700188
0000096    93702808    93712049    93697015    93696136
0000112    93696600    93696180    93696821    93694224
0000128    93672468    93686432    93673554    93687646
0000144    93680213    93685788    93658203    93685059
0000160    93688495    93684815    93746610    93754391
0000176    93749719    93695144    93736667    93689111
0000192    93728835    93694019    93726089    93696817
0000208    93732676    93698610    93736335    93738111
0000224    93730590    93695829    93735322    93731512
0000240    93731256    93712899    93691864    93720649
0000256    93669726    93717195    93681692    93716005
0000272    93677669    93704609    93656274    93709619
0000288    93713879    93723166    93693086    93692413
0000304    93688037    93675225    93688398    93673196
0000320    93687229    93677744    93688235    93679199
0000336    93691797    93673241    93696566    93686335
0000352    93689380    93681442    93687855    93683961
0000368    93683597    93682233    93666467    93682206
0000384    93664236    93681347    93663908    93680171
0000400    93666312    93678601    93662306    93680481
0000416    93681441    93680764    92405949    92394957
0000432    92366328    92307584    92351258    92286614
0000448    92343751    92267732    92327243    92282629
0000464    92324517    92307011    92326601    92315484
0000480    92309883    92303166    92310748    92309083
0000496    92299795    92297162    92263545    92284842
0000512    92265259    92276043    92248706    92277512
0000528    92260346    92274265    92254208    92278485
0000544    92277278    92280069
0000552
