0000000           3           1           6           5
0000016           4           2           4           1
0000032           3           1           2           1
0000048           3           3           1           0
0000064           1           2           6           4
0000080           5           7           3           3
0000096           3           2           1           1
0000112           3           3           5           2
0000128           5           1           0           1
0000144           6           3           2           3
0000160           0           5           3           1
0000176          11           2           6           1
0000192           5           6           5           1
0000208           1           3           3           6
0000224          11           6           2           5
0000240           3           1           4           4
0000256           1          10           2           3
0000272           2           3           4           7
0000288           2           4           3           3
0000304           3           6           4           6
0000320           4           4           5           0
0000336           2           3           2           2
0000352           5           1           0           5
0000368           8           9           2           6
0000384           7           4           4           0
0000400           2           4           5           0
0000416           6           2           4           3
0000432           3           4           7           3
0000448           5           6           2           7
0000464           1           1        4605    10780637
0000480        9557           0           0           0
0000496           0           0           0           0
0000512           1           0           2           1
0000528           1           0           0           2
0000544           0           1
0000552
