0000000           2           1           0           3
0000016           0           1           1           1
0000032           0           2           0           0
0000048           0           0           2           1
0000064           1           1           1           0
0000080           0           1           0           0
0000096           0           1           0           1
0000112           1           0           0           1
0000128           0           2           1           1
0000144           1           1           3           1
0000160           0           2           0           0
0000176           1           0           0           1
0000192           1           1           0           2
0000208           1           0           2           1
0000224           8           1           0           1
0000240           0           0           1           2
0000256           0           2           4           2
0000272           1           0           0           2
0000288           1           1           0           1
0000304           0           0           0           3
0000320           0           2           5           0
0000336           2           4           2           2
0000352           0           1           0           0
0000368           2           1           0           2
0000384           0           2           1           2
0000400           0           2           1           2
0000416           0           0           3           0
0000432           0           2           2           1
0000448           0           2           0           0
0000464           0           0       28940    10867740
0000480        9559           0           0           0
0000496           0           0           0           0
0000512           0           1           1           0
0000528           0           0           1           1
0000544           0           1
0000552
