0000000       11943        9087       10488       14186
0000016       11771       11551       14629       10113
0000032        9547       11062       11850        8336
0000048        9051       12295       10094        8042
0000064        8117        9808       13051       14731
0000080       13440       13086       12928       12792
0000096       19234       15545       13363       13910
0000112       12181       12075       13885       12272
0000128       18962       11018        8423        8879
0000144       16336       11898       13680       12371
0000160        8995       17911       10396       14035
0000176       15148       12918       14756       10894
0000192       13304       14953       21620       19724
0000208        9088       11012       13362       14511
0000224       19474       14998       13779       15552
0000240       12049        8923       16047       12565
0000256       10582       13423       13876       12308
0000272        9491        9602       12531       17252
0000288       12422       12268       14340       14974
0000304       13761       13034       13212       11665
0000320        9325       11193       13540        7630
0000336       11675       10142       10616       17750
0000352       13141       12884        8573        9942
0000368       14395       14267        8752       11015
0000384       13768       13983       12686       11431
0000400       10981       15826       13198        8673
0000416       12676       11121       11822       11460
0000432       10290       11949       14555       11661
0000448       10788       16606       10999       12793
0000464       11390       11809         886    10192067
0000480        9558           0           0           0
0000496           0           0           0           0
0000512        8341        9988       11717        9180
0000528        8810        9083        9355       10410
0000544       10945        8382
0000552
