0000000       12507     9795222        9558           0
0000016           0           0           0           0
0000032           0           0    92843758    92737447
0000048    92617259    90411477    92002224    89467715
0000064    92565828    89644883    91929046    89759658
0000080    91856382    89522452    91831622    92272972
0000096    91910237    90537660    91838136    92009548
0000112    91911467    92020296    89764148    91747410
0000128    90150299    91449848    90512356    91306423
0000144    89795679    91502698    89772473    91609493
0000160    91681366    92103595    93233435    93245678
0000176    93232122    93186605    93213947    93178006
0000192    93203795    93186905    93198955    93186305
0000208    93216700    93180067    93198077    93191638
0000224    93186176    93172760    93196667    93192826
0000240    93181292    93171109    93154214    93171294
0000256    93139613    93163454    93141959    93159942
0000272    93137144    93156819    93128123    93156256
0000288    93157945    93169502    89073676    89250996
0000304    88401564    85910179    88322268    85984611
0000320    88330851    85791718    88432771    86487363
0000336    87955473    86088129    88726502    87666717
0000352    87434124    87238896    87929425    87790266
0000368    87781646    87223252    86282219    88002806
0000384    85623212    87239433    85981126    86893526
0000400    85590835    87485296    85889984    87481602
0000416    87756175    88404088    57325488    57255225
0000432    57075926    56281121    56070063    55187220
0000448    57112969    54926671    56499275    54902687
0000464    56825349    56588951    56792426    56996355
0000480    56499953    57482969    56762482    56495821
0000496    56216749    56809268    54934456    55823532
0000512    56201379    55339396    55736457    55722920
0000528    56370979    56437162    55431579    56849837
0000544    56355182    56752291
0000552
