0000000        7541     9652181        9559           0
0000016           0           0           0           0
0000032           0           0        1693        1802
0000048        3359        1595        1602        2135
0000064        1232        2278        2591        1441
0000080        2089        1948        2258        2714
0000096        2898        2073        4066        1516
0000112        2554        1514        2542        1145
0000128        1250        2541        1308        1499
0000144        1049        1526        2761        3561
0000160        3720        2531        1155         554
0000176         735         699         599         575
0000192         317         682         337         638
0000208        1004         427         190         412
0000224         905         480         453         403
0000240         275         929         313         712
0000256         765         580         486         519
0000272         635         720         991        1082
0000288         401         537        5989        5339
0000304       10487        7303        6513        5418
0000320        2437        3307        3959        3367
0000336        4392        5878        6997        5328
0000352        4765        1632        5093        7294
0000368        3995        3972        3702        4802
0000384        4934        6913        3290        8339
0000400        2882        4334        6347        1725
0000416        6087        2068       18816       25564
0000432       16907       14211        8375       15638
0000448       13419       26667        8472       17746
0000464       12521       20955       13833        9567
0000480       13855       15337       15795        6727
0000496       15356       13603       23515       11409
0000512        9145       14812       20048       10083
0000528        8248       22180        9491       10594
0000544        9680        7876
0000552
