0000000          75          28          86         182
0000016         125         124         159          56
0000032          77          70          88           8
0000048          54         145          46           1
0000064           6          41         177         209
0000080         128         169           0           0
0000096           0           0           0           0
0000112           0           0           0           0
0000128           0           0           0           0
0000144           0           0           0           0
0000160           0           0           0           0
0000176           0           0           0           0
0000192           0           0           0           0
0000208           0           0           0           0
0000224           0           0           0           0
0000240           0           0           0           0
0000256           0           0           0           0
0000272           0           0           0           0
0000288           0           0           0           0
0000304           0           0           0           0
0000320           0           0           0           0
0000336           0           0           0           0
0000352           0           0           0           0
0000368           0           0           0           0
0000384           0           0           0           0
0000400           0           0           0           0
0000416           0           0           0           0
0000432           0           0           0           0
0000448           0           2           0           0
0000464           0           0        5725    10564267
0000480        9560           0           0           0
0000496           0           0           0           0
0000512           7          13         103          17
0000528           1           9          14          39
0000544          77           9
0000552
