0000000        3185     9565223        9561           0
0000016           0           0           0           0
0000032           0           0           1           1
0000048           7           3           2           3
0000064           0           0           9           4
0000080           9           2           4           8
0000096          10           1           5           3
0000112           7           2           7           4
0000128           0           3           1           3
0000144           3           0          15           7
0000160           3           4           0           0
0000176           0           0           0           0
0000192           1           1           0           0
0000208           3           0           0           2
0000224           1           0           0           0
0000240           0           4           1           2
0000256           2           2           0           1
0000272           1           0           1           1
0000288           0           0          14          23
0000304          25          17          10          19
0000320           2           7          11          13
0000336           4          13          10          13
0000352           7           0          11          29
0000368           6           7           6           8
0000384          14          13          10          19
0000400           3           9          12           4
0000416           4           2          16          33
0000432          22          16           7          26
0000448          24          30           9          17
0000464          15          29          14           7
0000480          14          23          23           4
0000496          26           9          21          12
0000512           8           8          26           9
0000528           8          39          11          16
0000544           6          16
0000552
