0000000       30298       19298       37757      158737
0000016       52002       54303       69403       30466
0000032       38845       37021       33313       16694
0000048       25284       59588       27374       15615
0000064       17044       23906       77699      143676
0000080       49564       92799      162009      364574
0000096      274269      386238      301409      381766
0000112      275257      265962      421766      215395
0000128      663680      144796       56279       83210
0000144      409399      262158      234055      278977
0000160       49772      547904      164403      344055
0000176      484437      198519      368956      135840
0000192      328989      418643      609304      431573
0000208       77724      214816      121127      206923
0000224      362941      141357      116108      200443
0000240       58410       28666      195615       94030
0000256       66480      198120      233777       85965
0000272       34539       33627       74944      234166
0000288       65983       44181       59255      150008
0000304       93644      105177       73751       55834
0000320       24654       47024      158066       18327
0000336       53114       30250       40341      136760
0000352       65242       67364       18512       28023
0000368      158680       62162       28571       32599
0000384       59448       76669       33457       27580
0000400       32716       68412       49994       18644
0000416       55340       37123       48010       26249
0000432       27211       29296       89733       25220
0000448       31145      139803       24714       68999
0000464       27102       36547       41563    10132068
0000480        9558           0           0           0
0000496           0           0           0           0
0000512       13255       16592       22057       15604
0000528       13498       14379       16366       17785
0000544       20640       14345
0000552
