0000000          23          31         227         111
0000016          25          43          26          23
0000032           6          21         102          27
0000048          17          59          53          12
0000064         245          18          14          11
0000080          12          29          12         247
0000096          77          36         100          15
0000112          17          32         117           9
0000128           8           8          55         218
0000144          10          48          36          10
0000160           7          56           6          12
0000176          10           8           5          12
0000192          10          42           9          17
0000208           7          55          10           4
0000224          25          22          31         123
0000240          40          13          12          22
0000256          17          45          39          80
0000272          16         103           7         152
0000288          16          36          13          25
0000304          23          65         234          33
0000320          50          85          81         165
0000336          71          68          21          78
0000352         207         324         164          24
0000368          98          10          74          89
0000384          30         118         154         104
0000400         136          91         109         186
0000416          30          97          13          19
0000432         293         291          10          27
0000448           8          73          16         202
0000464         107         208       48157    10558502
0000480        9561           0           0           0
0000496           0           0           0           0
0000512          37          31          39         108
0000528           6          17          22          10
0000544          62          92
0000552
