0000000           6           7          11          11
0000016           5           6           6           7
0000032           2           7           9           4
0000048           3           9           4           4
0000064           8           4           4           7
0000080           2           4           3          14
0000096          10           8           9           6
0000112           4           5           8           4
0000128           1           2           8          14
0000144           1          10           8           2
0000160           2           5           0           3
0000176           2          13           0           3
0000192           4          12           2           9
0000208           4           7           3           1
0000224           3           5          10           9
0000240           8           2           3           2
0000256           3           6          10           8
0000272           3           6           0           3
0000288           9          10           6           6
0000304          11          15          14           8
0000320           4          10           2           4
0000336          12           8           4           4
0000352          13           8           8           8
0000368          10           3           7           6
0000384           8           6           3          11
0000400           8          12          10          14
0000416           6           8           3           4
0000432          13          11           3           8
0000448           3           8           4          18
0000464           9          11       31413    10724540
0000480        9559           0           0           0
0000496           0           0           0           0
0000512           5          14           4          13
0000528           2           6           5           4
0000544           7           7
0000552
