0000000       18180     9501430        9560           0
0000016           0           0           0           0
0000032           0           0        1043         834
0000048         942        1347         267         948
0000064         625         607        1046        1074
0000080         686         660        1268         824
0000096         591         587         736         658
0000112         162         515         946         589
0000128         761         920         831         589
0000144        1289         402         653         440
0000160         457         650         255        1207
0000176        1131         705         944         597
0000192         518         691         812         359
0000208         390         307         685        1435
0000224         423         729         698         153
0000240         438         842          76         362
0000256         320         538         164         685
0000272         544         840         361         471
0000288         487         640         160          52
0000304         220         230         320         612
0000320         320         128         108         188
0000336         157         296         344         465
0000352         248         452         104         505
0000368         204         193         195         348
0000384         211         390         823         302
0000400         263         502         632         647
0000416         395         464        1306        1191
0000432        1786        1703        1813        1282
0000448        1104         689        1169        1158
0000464         808        1312        1364        1133
0000480        1565        1181        1405        1366
0000496        1055        1311        1014         921
0000512        2274        2569         726         992
0000528        1036        1600        1074        2210
0000544        1526        1763
0000552
