0000000       11116       11322       15028       12416
0000016       11253       14606       11087       11219
0000032        6537       10768       12669       10553
0000048       10822       14272       14094        9248
0000064       16575       11095       10443        9549
0000080        9013       12421       11213       14749
0000096       16200       13250       13814       10552
0000112       11938       11374       13157        8099
0000128        8302        7869       13516       16723
0000144        8200       12339       12098        5314
0000160        9211       12494        3057        8484
0000176        8027       10453        7825       11137
0000192        9979       11909        8190        9826
0000208        8418       13528        9723        5761
0000224       10979        9600       12938       13029
0000240       10237        7829        8785        9091
0000256        9679       11048       13315       10730
0000272       10266       12258        8381       12022
0000288        8969       11881        8778       11437
0000304       12019       12438       13666       11294
0000320       11405       12310       12325       13694
0000336       12332       11629       10891       10407
0000352       13371       15259       13136       11563
0000368       12473        7095       12446       10044
0000384        9612       12025       11926       11869
0000400       12061       11497       12836       13730
0000416       11315       11288       10102       10021
0000432       15435       14966        8995        9463
0000448        8362       13523       10057       14288
0000464       11531       13652       28414    10195966
0000480        9560           0           0           0
0000496           0           0           0           0
0000512       10921       10350       11625       13851
0000528        1154        9656        9468        6473
0000544       14435       12642
0000552
