0000000           4          13          20          13
0000016          11          18          11          10
0000032           6           5           9           8
0000048           4           8          12           7
0000064          20          11           6          12
0000080           7           8          19          25
0000096           9          15           5           2
0000112          12          10          11           3
0000128           9           6           8          14
0000144           4           4          11          10
0000160           4           8           3           4
0000176           7          10           6           4
0000192           7          11           7           7
0000208           5           8           6           1
0000224          10           8           4          15
0000240          11           5          10           5
0000256          11           8           9          15
0000272           8          11           5          10
0000288           3           9           4          15
0000304          10          11          21          11
0000320          15           6          10          17
0000336           6           5           6           9
0000352          12          30          15          12
0000368          18           3          16           6
0000384           9          17          16          24
0000400          11          10          12          12
0000416          12           7           8           7
0000432          28          26           7           5
0000448           4          18           7          14
0000464          11          22        6271    10649157
0000480        9556           0           0           0
0000496           0           0           0           0
0000512           9          11           2           9
0000528           5          11           8           8
0000544          12           8
0000552
