0000000       11693     9397114        9560           0
0000016           0           0           0           0
0000032           0           0           3           3
0000048           1           4           0           3
0000064           1           4           4           1
0000080           2           2           4           2
0000096           0           2           1           2
0000112           0           1           3           3
0000128           0           3           0           2
0000144           3           2           0           2
0000160           0           5           1           3
0000176           5           1           2           4
0000192           4           1           2           3
0000208           2           0           2           4
0000224           1           0           1           2
0000240           0           3           1           1
0000256           0           1           1           4
0000272           1           0           0           1
0000288           1           4           0           0
0000304           3           2           2           2
0000320           3           0           1           2
0000336           3           1           1           1
0000352           2           0           2           3
0000368           1           0           1           2
0000384           2           3           3           3
0000400           1           3           1           1
0000416           1           3           2           2
0000432           9           3           4           3
0000448           1           0           0           0
0000464           3           2           2           2
0000480           3           0           2           3
0000496           1           2           5           2
0000512           4           7           2           3
0000528           2           2           0           1
0000544           0           6
0000552
