0000000           1           1           7           1
0000016           1           1           0           0
0000032           1           2           1           0
0000048           1           1           2           0
0000064           4           0           1           0
0000080           1           2           0           5
0000096           1           1           1           1
0000112           3           1           0           0
0000128           1           0           0           7
0000144           2           0           1           0
0000160           0           1           1           1
0000176           1           1           0           0
0000192           2           0           1           1
0000208           0           0           0           0
0000224           0           1           0           3
0000240           0           1           1           2
0000256           1           0           2           3
0000272           1           2           1           3
0000288           1           2           1           0
0000304           1           1          13           1
0000320           1           1           1           3
0000336           1           1           0           2
0000352           6           8           2           1
0000368           1           0           0           3
0000384           0           1           2           4
0000400           0           1           2           4
0000416           5           3           2           3
0000432           7           6           1           2
0000448           3           1           1           4
0000464           2           6       48944    10815436
0000480        9558           0           0           0
0000496           0           0           0           0
0000512           0           0           0           4
0000528           0           1           1           0
0000544           5           1
0000552
