0000000        2143        3524       11328        7499
0000016        2784        4552        2894        2025
0000032         463        2575        6749        3511
0000048        1973        5391        5241         649
0000064       12635        2805        2268        1580
0000080        1179        3291        1429       12445
0000096        7348        4896        7902        2461
0000112        2004        4321        8256         585
0000128         826         560        4286       12569
0000144         665        4545        4151         424
0000160         921        5114         288         697
0000176         751        1145         537        1460
0000192        1463        3888         671         928
0000208         602        6161        1187         404
0000224        1905        3042        2592        7583
0000240        4091         894         947        1912
0000256        3116        5420        5745        6226
0000272        2265        7384         767        8564
0000288        1927        4224        1711        3629
0000304        3517        5890       11447        3487
0000320        4185        6373        6292        9560
0000336        5339        5614        2955        5603
0000352       10548       12887        9040        2848
0000368        6227         846        5472        5404
0000384        3021        7734        8689        6957
0000400        7310        6305        6492        9570
0000416        2897        6621        2368        2275
0000432       12935       11591        1813        2351
0000448        1173        5314        2089       10269
0000464        6889        9208       21493    10238499
0000480        9559           0           0           0
0000496           0           0           0           0
0000512        2277        1968        2600        5863
0000528         319        1539        1130         533
0000544        4551        4679
0000552
