0000000         307         283         436         308
0000016         285         358         271         315
0000032         174         287         339         270
0000048         287         412         358         261
0000064         458         270         261         225
0000080         231         319         318         380
0000096         432         331         355         253
0000112         304         286         323         263
0000128         217         214         325         478
0000144         222         285         309         178
0000160         258         338         133         235
0000176         202         296         216         336
0000192         258         326         234         264
0000208         262         333         274         158
0000224         268         228         385         363
0000240         241         194         237         221
0000256         224         277         359         288
0000272         275         327         274         321
0000288         222         294         233         276
0000304         359         343         395         320
0000320         316         322         327         361
0000336         352         308         255         239
0000352         413         460         326         334
0000368         350         180         339         253
0000384         244         353         334         332
0000400         314         270         351         369
0000416         322         288         248         273
0000432         457         457         220         237
0000448         233         360         277         408
0000464         293         404       19016    10335460
0000480        9558           0           0           0
0000496           0           0           0           0
0000512         306         275         309         387
0000528         127         280         311         255
0000544         378         358
0000552
