0000000          15           6          45          16
0000016          10          14           7          10
0000032           4          13          13           4
0000048           7          14          18          11
0000064          48           9           8           3
0000080           7          14           8          89
0000096          13          16          19           4
0000112           6           7          21          10
0000128           9           9          13          31
0000144           5           6           7           3
0000160          10           7           9           7
0000176           4           5           6          12
0000192           8          12           9          13
0000208          10          11          11           5
0000224          12           8          14          11
0000240           6           5           3           7
0000256           3          11          11          13
0000272           4           9           6          14
0000288           7           7           7          16
0000304          14          19          62           8
0000320          10          14          11          15
0000336          15           9           9           9
0000352          43          69          26           8
0000368          11           2          12          12
0000384          14          15          25          17
0000400          11           9          14          32
0000416           8          12           9           9
0000432          78          62           3           8
0000448           3          13           6          36
0000464           8          35       35799    10620149
0000480        9552           0           0           0
0000496           0           0           0           0
0000512          11          11           7          11
0000528           7           7          10          13
0000544          16          12
0000552
