0000000       12300     9584484        9557           0
0000016           0           0           0           0
0000032           0           0    35299136    35057335
0000048    35129834    35152543    35061712    35146925
0000064    34974321    35014869    34988784    34946400
0000080    35057999    35001376    35069266    34972109
0000096    35000041    34863525    35127565    35028932
0000112    34916195    34976827    35014614    35000083
0000128    35010142    35051572    34927443    35185327
0000144    34925164    34891384    35007815    34946415
0000160    35071491    35003479    37166799    37225921
0000176    37236399    37125772    37236321    37149658
0000192    37090132    37157254    37160373    37125227
0000208    37163917    37109059    37128538    37323795
0000224    37283070    37135201    37141236    37096610
0000240    37181661    37196645    37017742    37134001
0000256    37041007    37208088    36997769    37258182
0000272    37076108    37247651    37059941    37180570
0000288    37222326    37043252    23473812    23416244
0000304    23493059    23442233    23560083    23549510
0000320    23515000    23445086    23422757    23453448
0000336    23443559    23437970    23486264    23539504
0000352    23493615    23434222    23491736    23512983
0000368    23501005    23423624    23465684    23527827
0000384    23400244    23459681    23542693    23482913
0000400    23426697    23538773    23571946    23524880
0000416    23512089    23491290    83709096    83654637
0000432    83598360    83452337    83596791    83507357
0000448    83561594    83520905    83551427    83504355
0000464    83578543    83480749    83557999    83557360
0000480    83579913    83491886    83556804    83504005
0000496    83567375    83563702    83502522    83563996
0000512    83415758    83525814    83477548    83551112
0000528    83491927    83538820    83486843    83529707
0000544    83541963    83541614
0000552
