0000000       62099     9625161        9574           0
0000016           0           0           0           0
0000032           0           0    90126392    90082730
0000048    90080829    89943599    90126799    89968491
0000064    90055689    89989727    90020578    89957095
0000080    90065515    89987213    90017351    90059977
0000096    90075351    89959252    90081602    90060206
0000112    90096436    90057498    89964579    90064360
0000128    89966590    90028417    89949395    90076554
0000144    89907789    90030070    89969446    90057938
0000160    90088719    90076592    90123740    90148839
0000176    90126124    90060660    90117725    90061199
0000192    90095199    90057831    90100204    90064253
0000208    90102927    90065058    90095444    90103604
0000224    90099402    90056874    90092412    90091416
0000240    90096113    90088809    90066419    90092674
0000256    90061017    90088353    90062329    90096464
0000272    90055080    90089354    90059517    90098836
0000288    90103950    90099542    90095507    90087949
0000304    90086527    90068744    90088866    90062944
0000320    90082421    90069108    90077929    90066142
0000336    90079042    90059816    90078595    90080033
0000352    90078496    90049440    90081748    90078177
0000368    90081774    90076772    90067329    90082611
0000384    90057865    90076233    90035612    90080202
0000400    90056411    90081049    90048609    90083877
0000416    90088149    90090434    90122415    90104682
0000432    90088058    90042339    90084866    90061649
0000448    90076593    90067116    90074515    90061156
0000464    90078926    90053756    90073900    90074162
0000480    90077090    90062009    90074703    90066047
0000496    90075165    90074126    90065050    90074723
0000512    90035563    90067561    90064348    90076488
0000528    90063890    90076207    90062606    90074895
0000544    90078547    90081134
0000552
