0000000       18995     9478286        9560           0
0000016           0           0           0           0
0000032           0           0         272         203
0000048         276         558          54         271
0000064         109          90         254         298
0000080         116         120         396         186
0000096          83         103         122          83
0000112          31         104         286          91
0000128         106         169         121          87
0000144         385          74         115          59
0000160          60         105          54         372
0000176         212         124         183          92
0000192          76         142         185          48
0000208          55          45         102         433
0000224          53         151         126          30
0000240          77         181          20          53
0000256          41          86          35         106
0000272          94         178          67          79
0000288          69         113          39          18
0000304          46          50          65         133
0000320          58          27          18          42
0000336          24          51          47          76
0000352          39          77          29         109
0000368          40          42          39          68
0000384          50          77         196          49
0000400          57          77          96         113
0000416          71          75         366         316
0000432         664         553         626         244
0000448         268         101         221         340
0000464         150         389         469         254
0000480         540         317         417         350
0000496         219         423         199         182
0000512         846        1015         127         215
0000528         190         443         184         870
0000544         485         605
0000552
