0000000       14150     9785563       11469           0
0000016           0           0           0           0
0000032           0           0      995829      942649
0000048     1018931     1082954      968263      946332
0000064      973160      997025     1191468     1001447
0000080     1009103      962824     1061317      971336
0000096      989983     1205393      997075     1010671
0000112      925324      975314      994008      942597
0000128     1042303     1114509     1112156     1074795
0000144     1121396     1002839      992093      946458
0000160      936920     1064340     1029387     1043652
0000176     1286648     1073409     1096968      989817
0000192     1154317     1008219     1046030     1013306
0000208      954812     1038622     1094799     1162759
0000224     1001392     1006525     1001223     1049496
0000240      997139     1000180      965537      992528
0000256      911412     1005592     1004361     1029272
0000272     1006792     1027165      977038     1055316
0000288     1041222     1031291      934092      787915
0000304      996612      823940     1050454      931089
0000320      835477      809783      924987      883413
0000336      837663      886796     1019659      842806
0000352      942465      912907      905609      897526
0000368      806741      927491      823969      975972
0000384      970271      917010      923178      948773
0000400      934910      966047      959203      953949
0000416      979535      910814      983658      852616
0000432      974714     1013941      942165      989149
0000448      953441      806556      969119      830013
0000464      839186      908256      878594      912398
0000480      940414      898269     1018618      947070
0000496      935103      877261      915803      911818
0000512     1045346     1036138      865033      875233
0000528      891125     1039854      923536     1036814
0000544      900354      964786
0000552
