0000000       10680     9563271        9554           0
0000016           0           0           0           0
0000032           0           0       67251       52622
0000048       62270       76110       42635       63376
0000064       47941       53047       64218       57191
0000080       54506       52052       66495       51972
0000096       49005       53755       56676       52638
0000112       32848       47599       59316       47112
0000128       57000       64749       56948       61621
0000144       67363       43103       53748       42802
0000160       49249       51844       39101       64716
0000176       72130       54704       62750       49858
0000192       48940       53823       55433       44422
0000208       41783       43248       51465       79536
0000224       51309       53709       50022       33115
0000240       47243       55409       26355       43097
0000256       37076       52423       32160       57733
0000272       46964       61571       41084       52251
0000288       52567       43817       26759       14949
0000304       31935       27501       41060       44794
0000320       32339       23834       20065       28946
0000336       22374       31204       35800       37544
0000352       32718       35302       25796       38337
0000368       29109       27982       28006       39496
0000384       28951       33954       47567       34715
0000400       31927       43306       47679       43891
0000416       39454       36408      137562      110222
0000432      128689      115770      142103      123285
0000448      105836       90861      102518      106014
0000464       89861      110873      108312       91694
0000480      130766      102990      119613      103139
0000496      101539      110863      107312       99054
0000512      136951      171505       87019      111015
0000528      111798      147332      111817      162238
0000544      126308      129690
0000552
