0000000           3           0           4           0
0000016           2           2           0           1
0000032           1           2           1           1
0000048           0           2           0           1
0000064           4           0           4           0
0000080           2           0           2           9
0000096           2           0           1           2
0000112           2           1           1           0
0000128           2           0           3           4
0000144           0           1           1           1
0000160           2           1           2           1
0000176           3           2           2           2
0000192           2           3           1           2
0000208           1           1           1           0
0000224           1           0           2           1
0000240           1           0           2           0
0000256           2           0           2           3
0000272           1           1           0           0
0000288           4           0           1           2
0000304           2           0           4           1
0000320           1           1           1           2
0000336           1           1           1           0
0000352           4           5           1           2
0000368           1           1           0           0
0000384           0           1           5           0
0000400           2           2           1           3
0000416           1           3           2           1
0000432           9           4           0           0
0000448           3           0           4           2
0000464           2           2        4107    10834825
0000480        9569           0           0           0
0000496           0           0           0           0
0000512           0           1           0           3
0000528           1           1           1           0
0000544           2           0
0000552
