0000000           0           2          14           3
0000016           1           2           1           1
0000032           1           0           3           2
0000048           2           2           2           1
0000064           9           1           0           0
0000080           0           2           1           5
0000096           8           0           0           1
0000112           0           2           4           2
0000128           4           0           0           7
0000144           0           1           0           0
0000160           1           2           1           3
0000176           1           0           0           1
0000192           2           0           3           2
0000208           1           8           3           2
0000224           2           2           5           3
0000240           0           2           1           1
0000256           0           3           2           4
0000272           2           6           2           4
0000288           1           3           1           1
0000304           3           3          12           3
0000320           2           4           1           9
0000336           3           2           2           2
0000352           6          11           5           2
0000368           1           1           0           2
0000384           1           6           8           4
0000400           7           4           5           5
0000416           0           3           1           2
0000432          12          13           2           2
0000448           1           1           5           8
0000464           3           7       52995    10792269
0000480        9551           0           0           0
0000496           0           0           0           0
0000512           2           2           2           7
0000528           2           0           0           3
0000544           6           7
0000552
