0000000         224         215         364         261
0000016         247         301         231         246
0000032         106         257         317         224
0000048         249         361         333         176
0000064         445         221         230         191
0000080         167         256         228         375
0000096         390         285         310         202
0000112         206         260         318         123
0000128         136         123         326         428
0000144         123         284         289          46
0000160         159         274          28         154
0000176         134         210         130         226
0000192         161         241         159         184
0000208         143         292         193         100
0000224         213         216         297         326
0000240         204         175         202         194
0000256         192         251         296         228
0000272         221         292         163         273
0000288         212         246         189         252
0000304         273         303         349         269
0000320         245         269         258         334
0000336         276         262         229         216
0000352         318         391         328         258
0000368         277         124         285         214
0000384         216         315         305         269
0000400         285         280         295         308
0000416         234         257         204         189
0000432         373         398         211         188
0000448         141         293         197         373
0000464         248         348        7326    10374198
0000480        9558           0           0           0
0000496           0           0           0           0
0000512         236         254         272         313
0000528          13         219         225         139
0000544         320         287
0000552
