0000000           4           3           9           3
0000016           4           2           3           3
0000032           1           2           3           3
0000048           1           7           8           0
0000064           5           1           2           2
0000080           1           3           0          12
0000096           5           5           3           2
0000112           1           2           8           1
0000128           1           0           4          13
0000144           1           3           3           2
0000160           2           3           0           3
0000176           2           3           2           1
0000192           2           2           1           0
0000208           0           5           2           1
0000224           3           1           4           7
0000240           2           0           0           2
0000256           4           4           6           2
0000272           1           6           1           3
0000288           1           5           0           3
0000304           4           9          14           2
0000320           0           4           6           4
0000336           3           5           1           6
0000352           7           8           9           5
0000368           5           1           3           4
0000384           3           7           5           6
0000400           9           2           7          12
0000416           6           5           4           1
0000432          14          10           3           3
0000448           1           9           4           7
0000464           6           8       55551    10770938
0000480        9560           0           0           0
0000496           0           0           0           0
0000512           2           1           3           8
0000528           2           3           1           2
0000544          10           4
0000552
