0000000         323         308         630         402
0000016         313         445         320         414
0000032         253         316         449         260
0000048         304         432         449         316
0000064         700         319         310         305
0000080         245         363         342         776
0000096         545         434         421         314
0000112         335         340         431         284
0000128         252         249         385         691
0000144         280         379         338         252
0000160         302         388         196         287
0000176         259         306         264         379
0000192         333         363         276         335
0000208         308         426         313         184
0000224         307         276         394         485
0000240         294         247         263         271
0000256         279         349         420         373
0000272         321         418         285         401
0000288         251         367         261         318
0000304         426         428         686         405
0000320         406         386         381         512
0000336         394         406         312         336
0000352         527         787         507         398
0000368         450         208         402         354
0000384         291         454         420         408
0000400         418         416         466         472
0000416         380         377         317         311
0000432         728         684         263         283
0000448         261         480         330         547
0000464         393         519       36076    10296620
0000480        9557           0           0           0
0000496           0           0           0           0
0000512         339         311         342         465
0000528         210         317         310         302
0000544         441         454
0000552
