0000000           0           0           1           1
0000016           2           2           1           0
0000032           0           1           1           4
0000048           1           2           1           1
0000064           0           1           2           0
0000080           0           0           2           1
0000096           0           1           0           2
0000112           2           3           1           1
0000128           1           2           1           0
0000144           0           0           1           1
0000160           1           1           0           1
0000176           1           1           1           1
0000192           0           1           1           0
0000208           0           0           2           0
0000224           1           1           0           1
0000240           0           2           0           0
0000256           0           1           1           2
0000272           0           0           0           1
0000288           1           0           0           1
0000304           0           0           1           0
0000320           1           2           1           1
0000336           2           1           1           1
0000352           0           2           0           1
0000368           0           2           0           0
0000384           2           1           1           0
0000400           2           2           2           0
0000416           1           2           1           0
0000432           2           1           1           1
0000448           1           1           0           0
0000464           0           0       45941    10873494
0000480        9555           0           0           0
0000496           0           0           0           0
0000512           1           1           1           1
0000528           0           2           1           1
0000544           0           1
0000552
