0000000       67375      100458      411535      262972
0000016       86283      159217       85370       60090
0000032       28706       80643      189034      120192
0000048       64118      140566      146909       32759
0000064      477076      108087       72763       64682
0000080       47117      106189       44663      497576
0000096      174708      108240      233385       65069
0000112       63536       99532      238568       28772
0000128       34669       29741       99049      337591
0000144       29584      109201      100041       26392
0000160       33767      118377       21925       31352
0000176       34804       36398       30662       38102
0000192       46714       84547       31414       35002
0000208       29568      190220       64141       30316
0000224      104308      132437       92270      263039
0000240      151044       51979       59625       94484
0000256      146121      239251      233739      244121
0000272       98322      311385       45914      369422
0000288       82501      188010       86411      143855
0000304      152211      222228      514200      146282
0000320      166817      241885      234813      375694
0000336      211741      238724       34913       61901
0000352      191311      281533       97493       33797
0000368       74487       21414       54711       62440
0000384       36026       82785      127114       90140
0000400       75867       67969       64219      154950
0000416       34074       68088       30350       31679
0000432      249026      162679       29900       29632
0000448       24964       44424       30392      128728
0000464       77766      119156       55275    10023821
0000480        9556           0           0           0
0000496           0           0           0           0
0000512       28595       28818       32838       47595
0000528       17208       25330       25981       22141
0000544       49824       46084
0000552
