0000000       47906     9458948        9557           0
0000016           0           0           0           0
0000032           0           0          70          39
0000048          52         115          18          64
0000064          30          45          77          75
0000080          29          38          86          35
0000096          28          40          25          23
0000112           5          16          55          28
0000128          37          50          32          31
0000144          90          24          25          17
0000160          24          34          11          63
0000176          36          25          43          23
0000192          15          21          29          14
0000208          14          14          17          79
0000224          20          34          27           7
0000240          17          27           4          15
0000256          18          26           8          34
0000272          23          36          17          11
0000288          25          29          14           3
0000304          19          15          21          33
0000320          27           8           5          10
0000336          15          26          26          25
0000352          20          20           8          38
0000368          10          22          13          23
0000384          18          29          57          14
0000400          16          34          38          38
0000416          27          26          69          59
0000432         164         119         130          69
0000448          82          47          74          71
0000464          52          90         103          76
0000480         131          62          89         103
0000496          54          79          43          48
0000512         210         298          39          61
0000528          50         100          32         231
0000544         112         146
0000552
