0000000          28          91          75         127
0000016          85          42          63          37
0000032          15          81          19          96
0000048          79          55          21          62
0000064          99         151         118         110
0000080         132          57          29         134
0000096         230         331         221         422
0000112         300         149          45         271
0000128         244         590         149         344
0000144         572          89         283          90
0000160          94         444          57         542
0000176         166         182         109         309
0000192         207         221         154          76
0000208         289         137         279         164
0000224         142          62          99         162
0000240          54          99         149          55
0000256          73          74         183         163
0000272         187         144         222          62
0000288          52         274         105         182
0000304         126          31          99          36
0000320         190         114         261         121
0000336         157          93           8          11
0000352          22           7           1          43
0000368           1          18          20           3
0000384           2          13           1          14
0000400          10           2           9           5
0000416           2          15           7           2
0000432           7           1           2           4
0000448           7           9           9           9
0000464          10          11       58526    12897562
0000480        1920           0           0           0
0000496           0           0           0           0
0000512         591        1025        2993         387
0000528         916         568         304        1061
0000544         302        2215
0000552
