0000000          22         668         679        1115
0000016         276         202          62          98
0000032          42         390          19         676
0000048         411         163          36         312
0000064         243        1241         978         891
0000080         534         399          23          67
0000096         261         761         527         796
0000112         573         105          19         674
0000128         357         507         105         538
0000144        1275         222         434         192
0000160          47         866          37         516
0000176         337          49         122         108
0000192         233         614          28          36
0000208          46         512         712        1225
0000224         611         419         606         727
0000240         561         278        1025         220
0000256         496         286         987         914
0000272        1711        1109         958         621
0000288         207        1096         684         870
0000304         229          47         697          41
0000320         980         449        1332         295
0000336         274         511         389         619
0000352        1045         791         790        1318
0000368         508         894        1079         458
0000384         157         801         463        1046
0000400         900         343         539         630
0000416         437        1012         276         357
0000432         581         101         327         484
0000448         500         798         635         844
0000464         429         705       14214    13473014
0000480        1919           0           0           0
0000496           0           0           0           0
0000512          10          22         251          19
0000528          17           9          11          17
0000544          14         191
0000552
