0000000       17085       99911       92505      133118
0000016       65666       53826       30270       40918
0000032       27462       80043       19722       94456
0000048       79401       44052       32546       64383
0000064       60417      132297      116623      109026
0000080       84652       80037        9190       24408
0000096       51885       93330       76020      105058
0000112       96954       29772        3819       90188
0000128       53706       66375       30758       79529
0000144      130907       56265       56583       48574
0000160       17295       93920       10011       58772
0000176       61082       17041       37104       26704
0000192       46942       83339       13399       15761
0000208       18207       75145       87771      122263
0000224       84016       76847       88351       93418
0000240       88315       54872      129369       56163
0000256       81499       66461      115070      116673
0000272      177428      126546      111675       93864
0000288       56637      119748       86896      103709
0000304       48842       25258       97068       20712
0000320      108721       69561      144849       63906
0000336       57954       83602      102533      119594
0000352      133635      120546      119301      151584
0000368      102564      124844      135390      102341
0000384       80411      113110      102083      128522
0000400      116420       91769      104079      115188
0000416      106797      132189       92234      101656
0000432      112008       66509       92504      102230
0000448      111061      112834      115349      131186
0000464       98396      113388       54881    13379089
0000480        1922           0           0           0
0000496           0           0           0           0
0000512        2718        3290       19286        3999
0000528        2959        2175        2854        3397
0000544        2922       13444
0000552
