0000000          12          17          15           6
0000016           5          10          13          19
0000032          22          35          17          19
0000048       37926    13518039        5743           0
0000064           0           0           0           0
0000080           0           0          17          27
0000096          55          15          25          15
0000112          17          24          20          46
0000128          13          50          40          61
0000144          28          35          22          24
0000160          20          36          11          38
0000176          57          28          17          41
0000192          37          78          70          52
0000208          44          32          25          22
0000224          45          64          41          73
0000240          70          26           6          61
0000256          36          61          34          40
0000272          84          43          57          42
0000288          22          57          10          66
0000304          42          19          36          45
0000320          29          43          20          13
0000336          18          39          37          83
0000352          50          38          44          38
0000368          48          29          64          16
0000384          29          46          63          61
0000400         113          73          61          51
0000416          25          61          54          60
0000432          26          11          55          17
0000448          63          43         101          28
0000464          40          53          35          37
0000480          70          57          56         101
0000496          37          53          79          34
0000512          30          47          24          70
0000528          46          24          49          45
0000544          30          61
0000552
