0000000           1          15           7          16
0000016           6           5           2           2
0000032           1           5           1           9
0000048           7           1           0           3
0000064           9          28          12           4
0000080          19           2           0           7
0000096          27          47          23          45
0000112          37          10           0          32
0000128          13          50          12          29
0000144          68           7          23           4
0000160           7          43           6          49
0000176          19          14           7          24
0000192          21          32           9           7
0000208          21          17          36          20
0000224          15           8          11          19
0000240           7          13          23           8
0000256           6           5          22          19
0000272          21          27          40           8
0000288           7          38          11          29
0000304           5           1          11           2
0000320          34          13          36          16
0000336          14          13           0           1
0000352           1           0           0           7
0000368           0           1           4           0
0000384           0           0           0           0
0000400           1           0           1           0
0000416           0           3           1           0
0000432           0           0           1           0
0000448           0           2           0           3
0000464           1           0       18737    12883889
0000480        1923           0           0           0
0000496           0           0           0           0
0000512          23          53         155          18
0000528          39          22          17          50
0000544          18         130
0000552
