0000000           0           4           4          10
0000016           0           0           0           0
0000032           0           3           1           2
0000048           2           0           0           2
0000064           0          16          10           5
0000080           1           0           0           0
0000096           0           8           3           4
0000112           5           0           1           1
0000128           1           1           0           6
0000144          21           3           1           3
0000160           0           7           0           4
0000176           0           0           0           1
0000192           0           2           0           0
0000208           0           1           5          14
0000224           7           0           5           3
0000240           0           3           9           3
0000256           0           0           9           2
0000272          10          11           6           3
0000288           1          17           4           9
0000304           1           0           4           0
0000320           9           2          14           0
0000336           0           4           2           5
0000352          18           4           5          12
0000368           2           7          15           6
0000384           0           9           2           5
0000400           4           1          10           2
0000416           3           9           0           1
0000432           3           0           2           2
0000448           2          10           1           5
0000464           2           7       60116    13847974
0000480        1928           0           0           0
0000496           0           0           0           0
0000512           0           0           0           0
0000528           0           0           0           0
0000544           0           1
0000552
