0000000          31          45          30          20
0000016          33          35          36          51
0000032          45          57          31          47
0000048       15581    13653888      141592           0
0000064           0           0           0           0
0000080           0           0         174         343
0000096         754         267         276         147
0000112         155         354         220         792
0000128         133         637         620         979
0000144         436         426         278         263
0000160         223         528          98         648
0000176         550         341         200         552
0000192         483        1139         857         794
0000208         616         481         247         241
0000224         353         761         537         807
0000240         732         354          33         667
0000256         525         590         380         643
0000272        1036         457         592         457
0000288         247         759         137         702
0000304         481         265         443         386
0000320         457         641         189         161
0000336         254         603         359         678
0000352         430         305         325         354
0000368         378         295         568         204
0000384         318         313         530         489
0000400         857         591         537         377
0000416         265         572         425         523
0000432         251         165         491         154
0000448         531         306         784         255
0000464         277         334       60498    13755468
0000480        1921           0           0           0
0000496           0           0           0           0
0000512           2           1           7           2
0000528           4           1           1           2
0000544           1          14
0000552
