0000000           0           3           1           1
0000016           0           0           0           0
0000032           0           0           0           1
0000048           1           1           0           0
0000064           0           2           4           3
0000080           1           0           1           1
0000096           3           4           1           4
0000112           5           1           0           4
0000128           1           5           2           0
0000144           7           0           0           1
0000160           0           5           2           5
0000176           3           2           1           1
0000192           1           2           0           0
0000208           2           1           2           3
0000224           1           0           0           1
0000240           1           1           1           2
0000256           0           0           4           0
0000272           3           1           1           0
0000288           3           0           1           0
0000304           0           1           1           0
0000320           6           1           3           1
0000336           0           2           1           1
0000352           0           0           0           1
0000368           1           0           0           1
0000384           1           0           0           0
0000400           0           0           0           0
0000416           0           0           0           1
0000432           0           0           0           0
0000448           1           0           0           0
0000464           0           0       61182    12870239
0000480        1920           0           0           0
0000496           0           0           0           0
0000512           1           1          24           1
0000528           3           0           0           4
0000544           0          11
0000552
