0000000       91170      142674      132393      146322
0000016      131513      127517      112157      108993
0000032      103452      131528       90939      139464
0000048      130560      112349      102959      128550
0000064      133414      146867      135358      135170
0000080      138707      128190       71342      104780
0000096      124591      157131      131806      178482
0000112      195026      106678       37831      148834
0000128      128673      135646      116246      148043
0000144      151945      130452      126294      126283
0000160       87465      146811       68669      139029
0000176      124951       94808      121306      105662
0000192      119946      139323       79688       84363
0000208       93433      129785      129685      136646
0000224      129094      120250      121702      132167
0000240      127869      121853      155360      113648
0000256      123467      136098      132915      146924
0000272      209480      146583      139006      128169
0000288      119410      141166      124352      128661
0000304      108196       93617      132451       86200
0000320      134192      121449      169018      119351
0000336      120025      124749      124870      132450
0000352      141623      131210      127673      160236
0000368      116419      137038      141372      120483
0000384      110821      120387      119441      138271
0000400      123752      111525      120609      128744
0000416      125745      140093      118945      126266
0000432      126095      103270      112959      121826
0000448      127313      121556      129297      143738
0000464      121466      125411       22565    13361522
0000480        1924           0           0           0
0000496           0           0           0           0
0000512       25600       31545      102978       44618
0000528       27471       15171       27498       37993
0000544       30913       94356
0000552
