0000000         490        1962        1184        2223
0000016        2000        1378        1333         878
0000032         501        1019         475        1945
0000048        1376         966         421        1081
0000064        1817        2267        2533        1629
0000080        2631        1134         896        2974
0000096        3833        4943        3668        5967
0000112        5069        3418        1735        4307
0000128        3966        6120        3114        5093
0000144        6182        2092        4513        1840
0000160        2270        5670        1810        6537
0000176        3217        3829        2061        4603
0000192        3553        3728        3107        2269
0000208        4468        2499        4477        2814
0000224        2535        1279        2252        2866
0000240        1454        2369        2606        1752
0000256        1795        1320        3039        2790
0000272        3571        2831        3786        1578
0000288        1018        4138        2108        3068
0000304        2631        1160        1976        1128
0000320        3382        2736        4326        2689
0000336        2948        1831          90          87
0000352         176          54          76         324
0000368          33         121         148          62
0000384          37         106          71         115
0000400         122          47          85          62
0000416          30         132          59          51
0000432          73          37          30          76
0000448          56          70          84          98
0000464          80          63       17172    12909309
0000480        1938           0           0           0
0000496           0           0           0           0
0000512    14970169    14963326    14961917    14929521
0000528    14953638    14931014    14939166    14936633
0000544    14936564    14937289
0000552
