0000000           0           0           0           2
0000016           0           0           1           0
0000032           0           0           0           1
0000048           0           0           0           0
0000064           1           3           4           1
0000080           1           1           1           0
0000096           0           0           0           2
0000112           0           0           0           1
0000128           1           2           1           1
0000144           7           0           0           0
0000160           0           0           0           0
0000176           2           0           0           0
0000192           0           0           0           0
0000208           0           0           0           4
0000224           0           1           0           0
0000240           2           0           0           0
0000256           0           0           1           0
0000272           0           2           2           0
0000288           1           1           1           0
0000304           0           1           1           0
0000320           1           0           2           0
0000336           1           0           1           1
0000352           2           1           0           3
0000368           0           0           4           0
0000384           0           1           0           3
0000400           0           0           1           0
0000416           0           0           0           0
0000432           0           0           0           0
0000448           0           0           0           0
0000464           1           0       10089    13896403
0000480        1931           0           0           0
0000496           0           0           0           0
0000512           0           1           1           1
0000528           0           1           0           0
0000544           0           0
0000552
