0000000           7          34          29         188
0000016          20          19          22          16
0000032          11          20          13          45
0000048          19          14           7          28
0000064          23         270         124          43
0000080          31          20          19          10
0000096          15          45          38          49
0000112          40          14           5          30
0000128          29          26          21          33
0000144         329          25          40          18
0000160           7          49           7          25
0000176          16          16          26          21
0000192          24          28           7           9
0000208          12          34          39         200
0000224          35          16          29          34
0000240          33          21          95          16
0000256          26          24         147          75
0000272         124         159         107          38
0000288          17         156          40          94
0000304          17           8          37          13
0000320         104          24         216          12
0000336          14          31          20          59
0000352         321          76          66         456
0000368          29          79         333          31
0000384          11          86          22         120
0000400         106          23          26          35
0000416          20         165          22          17
0000432          34          13          23          30
0000448          33          85          42          75
0000464          23          77       54602    13500466
0000480        1922           0           0           0
0000496           0           0           0           0
0000512           7           9          22          12
0000528          13           4           7          15
0000544           5          18
0000552
