0000000      509479      619700      555821      625032
0000016      541596      606285      623043      564519
0000032      516477      696536      618696      588882
0000048      536409      486845      556721      484299
0000064      691658      637865      400864      541229
0000080      527522      614191      741353     1301673
0000096      885669      980860      869392      639359
0000112     1056441      764419     1157209      835340
0000128      884842      829110      734687      930003
0000144      800589      883820      855930      875222
0000160      711954      713505      599568      650255
0000176      928236      895388      889830      794384
0000192      738904      652484     1260357      757125
0000208      697573      763165      774973      606337
0000224      664673      602358      686207      640637
0000240      585739      721273      573774      620377
0000256      637278      787196      695699      544586
0000272      590597      566743      605771      536429
0000288      545745      657408      640220      558214
0000304      557033      584902      598825      699642
0000320      593347      630068      681259      598358
0000336      630972      616279     1580040     1214013
0000352     1106688     1128595     1410712     1147636
0000368     1226689     1062366     1224252     1448332
0000384     1651489     1541637     1352652     1137443
0000400     1599496     1677447     1131054     1257281
0000416     1127555     1117795      934302     1127295
0000432     1083669     1018956     1538733     1006231
0000448      911514     1048862     1513638     1039690
0000464      885903     1015823       17315    10068209
0000480        9568           0           0           0
0000496           0           0           0           0
0000512      560660      511510      357378      238454
0000528      579219      544774      335150      553554
0000544      435216      399080
0000552
