0000000       18980     9628737        9559           0
0000016           0           0           0           0
0000032           0           0           0           0
0000048           0           0           0           0
0000064           0           0           3           1
0000080           0           0           0           0
0000096           1           0           0           1
0000112           0           0           1           0
0000128           0           0           0           0
0000144           0           0           0           0
0000160           3           0           1           0
0000176           3           0           0           0
0000192           0           0           1           0
0000208           0           0           0           0
0000224           0           0           0           1
0000240           1           0           0           1
0000256           1           1           0           0
0000272           0           1           1           2
0000288           0           1           1           0
0000304           1           0           0           0
0000320           1           0           0           0
0000336           0           1           0           1
0000352           0           0           0           0
0000368           1           0           0           0
0000384           0           1           1           0
0000400           0           2           1           0
0000416           0           0           0           0
0000432           0           1           1           0
0000448           0           0           0           0
0000464           0           0           0           0
0000480           0           0           0           0
0000496           0           1           0           1
0000512           0           2           0           0
0000528           1           1           0           1
0000544           0           0
0000552
