0000000        8761       50739       11132       36388
0000016       12397       13925       11680       11813
0000032        9435       50496       23103        9756
0000048        9652        7984       10973        7996
0000064       71304       21962        5944        9517
0000080        9290       18823       16566      128797
0000096       38428      180453       23462       13519
0000112      139222       18935       65107       80493
0000128       40980       17598       15339       77414
0000144       96599       99912       65978       32141
0000160       11900       11137       10614        9934
0000176      199800       77859      230100       85943
0000192       28028       11622       48272       17469
0000208       15382       15287       18269       42745
0000224      115700       25220       96671      117647
0000240       12311       36941       16707       18839
0000256       58347      221893       31182       11969
0000272       18372       21058       15306       10244
0000288       11853       22076       44581       20939
0000304       10691       13130       16647       24666
0000320       15931       20889       81552       14025
0000336       17128       15997      306723      335469
0000352      135375      220388       73675      116473
0000368       48549       93202      135560      322719
0000384      295199       97154      458508      227812
0000400      414771      332999       46801       23590
0000416       27150      106094       66210      231817
0000432       84460       71074      138237       65817
0000448       49839       91529      284197      145268
0000464      110891       27864       50281    10147498
0000480        9557           0           0           0
0000496           0           0           0           0
0000512       10440        9010        6265        4560
0000528       11119       10164        5810        9991
0000544        7526        7442
0000552
