0000000       31739    10823184        9559           0
0000016           0           0           0           0
0000032           0           0           3           0
0000048           1           1           1           1
0000064           1           1           0           0
0000080           1           1           2           0
0000096           0           0           0           1
0000112           1           0           1           1
0000128           0           0           0           1
0000144           0           0           1           0
0000160           1           1           0           0
0000176           1           2           0           1
0000192           1           0           0           1
0000208           0           2           1           1
0000224           0           0           0           1
0000240           0           0           1           1
0000256           0           0           1           2
0000272           3           0           1           1
0000288           0           0           1           0
0000304           0           0           1           0
0000320           0           0           0           0
0000336           0           2           1           1
0000352           0           1           0           0
0000368           0           1           0           0
0000384           0           1           0           1
0000400           0           1           0           1
0000416           0           0           1           1
0000432           1           0           1           0
0000448           0           0           0           0
0000464           2           0           0           0
0000480           0           1           1           1
0000496           0           0           0           0
0000512           0           0           0           0
0000528           0           0           0           0
0000544           0           1
0000552
