0000000       11991     9582441        9584           0
0000016           0           0           0           0
0000032           0           0           0           0
0000048           0           1           0           1
0000064           0           0           1           0
0000080           0           1           1           2
0000096           0           0           0           0
0000112           2           0           0           0
0000128           0           0           2           0
0000144           0           0           1           1
0000160           0           0           0           0
0000176           1           0           0           0
0000192           0           0           0           1
0000208           0           0           0           0
0000224           2           0           0           2
0000240           0           0           0           1
0000256           1           0           1           0
0000272           0           0           1           0
0000288           0           0           0           1
0000304           0           3           1           1
0000320           0           2           2           1
0000336           1           0           0           0
0000352           1           0           0           1
0000368           0           2           0           1
0000384           0           3           0           0
0000400           1           1           1           1
0000416           0           1           1           1
0000432           1           0           0           1
0000448           0           0           0           0
0000464           0           1           1           0
0000480           0           0           0           0
0000496           0           0           1           2
0000512           0           2           0           1
0000528           0           1           0           0
0000544           0           0
0000552
