0000000    14677752    16168747    15027717    16280972
0000016    16053382    16771970    15760884    15849650
0000032    16066796    15085119    15443071    15488779
0000048    15876203    15325044    16468545    15150205
0000064    16229019    15013330    15291730    15120134
0000080    15126483    15647909    50757379    50197251
0000096    48751697    49382339    49279878    47834613
0000112    49781207    49294485    50003538    48840162
0000128    49283291    49855234    48415357    49884423
0000144    48743965    50544364    48896745    50275341
0000160    48522875    48060143    48379374    48540424
0000176    49891601    48572560    50114143    48631779
0000192    49890002    47305392    48990687    48005643
0000208    47720491    48878539    11845284    11622990
0000224    11979805    11388398    12095294    12099546
0000240    12519878    11741901    12472043    11996057
0000256    12780948    13217273    13431471    11896380
0000272    12277579    13393461    11806967    12193055
0000288    12691723    12140054    12985053    11493495
0000304    11893853    10995447    12413889    11543140
0000320    11510923    12257046    11358798    10901806
0000336    12149565    12001648    43794963    42509412
0000352    42348559    42972451    43288638    43349858
0000368    43219314    43286559    43173005    43762429
0000384    44444945    46238248    43999770    43314575
0000400    44984629    46796276    43338301    44570082
0000416    43446898    43339590    42032557    42558870
0000432    44166169    42781891    46906449    42328838
0000448    42207091    42298124    45635390    43025776
0000464    41047438    42381765         453    10031589
0000480        9595           0           0           0
0000496           0           0           0           0
0000512      604711      606625      588860      503813
0000528      616438      597797      512036      632638
0000544      572134      568716
0000552
