0000000         111        3752         413        2594
0000016         651         617         230         330
0000032         152        4380        2082          92
0000048         136          68         231          69
0000064        4141        2068          31         112
0000080         121        1476         466        3149
0000096        1751        4019         982         413
0000112        3644         844        1900        3127
0000128        1827         518         480        2868
0000144        3716        3378        2599        1449
0000160         154          81         200         105
0000176        4872        3294        4842        3016
0000192        1269         138        2121         553
0000208         459         414        1208        3883
0000224        4902        3201        5069        5151
0000240         436        4017        1318        2111
0000256        4020        6900        2744         689
0000272        1797        2009        1427         224
0000288         539        2261        3901        2183
0000304         180         831        1399        2630
0000320        1429        1837        5096        1133
0000336        1215        1141        5219        5155
0000352        3352        4792        2341        3417
0000368        1740        3078        3502        6848
0000384        5086        2843        6553        4395
0000400        6012        5172        1905         816
0000416         969        3610        2676        4551
0000432        2807        2637        3087        2343
0000448        2137        2940        4904        3808
0000464        3568        1111       47782    10248253
0000480        9555           0           0           0
0000496           0           0           0           0
0000512         635         218          47          35
0000528         815         538          62         250
0000544         100          82
0000552
