0000000       52645     9810298        9555           0
0000016           0           0           0           0
0000032           0           0    88832946    88851399
0000048    88724713    88520308    88741333    88500456
0000064    88701035    88512099    88632966    88516103
0000080    88643477    88551573    88679184    88705527
0000096    88698976    88594829    88730906    88600714
0000112    88669655    88605968    88515728    88651502
0000128    88517339    88606486    88534971    88606548
0000144    88496091    88565841    88500847    88622220
0000160    88655719    88667541    88649280    88676721
0000176    88648003    88477747    88635609    88471790
0000192    88585118    88475775    88566289    88478178
0000208    88607412    88481021    88588506    88620543
0000224    88577543    88481877    88591303    88603406
0000240    88578439    88561132    88467684    88565810
0000256    88460069    88542312    88464779    88565544
0000272    88458898    88534171    88457682    88557173
0000288    88571066    88600551    88549039    88547262
0000304    88536050    88494509    88526069    88495121
0000320    88513600    88496914    88521704    88496832
0000336    88518595    88501229    88524344    88520401
0000352    88529604    88501396    88515020    88518990
0000368    88517557    88512349    88497847    88513139
0000384    88494948    88508271    88496167    88507324
0000400    88494028    88510251    88492187    88506633
0000416    88516260    88513073    88474440    88478866
0000432    88458231    88421632    88443118    88418826
0000448    88437827    88419376    88433657    88420727
0000464    88438780    88421660    88439566    88435925
0000480    88442378    88420289    88434534    88433358
0000496    88430618    88430607    88417301    88429143
0000512    88416389    88427011    88416771    88427129
0000528    88414544    88426298    88416066    88438349
0000544    88441638    88444923
0000552
