0000000        2153        5519        3355        4919
0000016        3470        3559        2965        3001
0000032        2378        6477        4601        2081
0000048        2593        1708        2809        1659
0000064        6352        4737         653        2398
0000080        2505        4301        3792        5949
0000096        4694        7323        3997        3087
0000112        6400        4056        4404        5828
0000128        4415        3628        3189        5422
0000144        6236        5899        5210        4150
0000160        2652        1714        2351        2158
0000176        8054        6266        7959        5323
0000192        4082        2736        8175        3922
0000208        3678        3205        5374        5600
0000224        7015        5083        7349        7170
0000240        3473        6244        3875        5145
0000256        6039       10365        5444        3185
0000272        4552        4257        4419        2777
0000288        3043        4896        6012        4321
0000304        2805        4178        4087        5402
0000320        3980        4432        7193        4120
0000336        4084        4039       10455       10084
0000352        6779        9119        5831        7219
0000368        4490        6539        6852       12944
0000384       10094        6289       12189        8156
0000400       11664       10205        4877        3516
0000416        3947        6530        5992        8609
0000432        5911        5532        6515        5049
0000448        5281        5826       10120        6962
0000464        6681        3987        2183    10209440
0000480        9557           0           0           0
0000496           0           0           0           0
0000512        3891        3000        1082         337
0000528        3928        3781        1053        3437
0000544        2127        1945
0000552
