0000000          37        1422          84         668
0000016         113          92          65          58
0000032          29        1643         431          35
0000048          56          34          66          30
0000064        1570         359          17          46
0000080          48         235          77        1228
0000096         292        2490         150          69
0000112        1525         100         535        1151
0000128         371          75          89         828
0000144        1496        1334         781         198
0000160          47          36          50          48
0000176        2813         963        3201        1136
0000192         212          55         340          92
0000208          91          70         183        1623
0000224        2956         914        2948        3443
0000240          99        1373         210         359
0000256        1759        5202         581         111
0000272         366         442         234          56
0000288          86         376        1475         471
0000304          64         120         234         546
0000320         202         345        2831         158
0000336         197         168        3619        4055
0000352        1778        3355         633        1477
0000368         344        1152        1569        4219
0000384        3552         871        5477        3130
0000400        5132        4093         405         125
0000416         129        1500         818        3145
0000432         946         906        1322         719
0000448         429        1064        3375        2168
0000464        1786         160       40397    10269576
0000480        9557           0           0           0
0000496           0           0           0           0
0000512          95          51          37          12
0000528         116         104          29          62
0000544          48          55
0000552
