0000000       49347    10600941        9585           0
0000016           0           0           0           0
0000032           0           0           2           0
0000048           0           0           2           1
0000064           0           0           0           1
0000080           0           1           0           0
0000096           0           0           0           1
0000112           1           1           0           0
0000128           0           0           0           2
0000144           2           2           0           0
0000160           0           0           0           1
0000176           0           0           1           1
0000192           0           1           1           0
0000208           0           1           0           3
0000224           2           2           1           2
0000240           0           0           1           0
0000256           5           1           1           1
0000272           0           1           2           1
0000288           0           1           0           0
0000304           3           0           5           1
0000320           0           1           0           2
0000336           2           1           1           0
0000352           3           1           0           3
0000368           1           1           1           0
0000384           2           1           0           0
0000400           0           0           3           0
0000416           0           0           0           0
0000432           1           0           0           0
0000448           0           1           1           2
0000464           1           0           4           1
0000480           3           3           0           1
0000496           0           2           0           1
0000512           3           0           1           3
0000528           0           1           0           0
0000544           2           1
0000552
