0000000       31421     9727247        9556           0
0000016           0           0           0           0
0000032           0           0         136         121
0000048          32          11         182         162
0000064          15          94          68          56
0000080          54         170          61         139
0000096          37          77          62          35
0000112          23         305         116          24
0000128          15          22          44          15
0000144         148         152           9          29
0000160          23          74           0           8
0000176          18          50           4          11
0000192          16           5           5          45
0000208          17           0           4          16
0000224          36          17          19           5
0000240           4           1           5           1
0000256          36          32          58          21
0000272           2           3          21           8
0000288           9           2         189         289
0000304         330         328         326         524
0000320          85         597         157         248
0000336         329         730         219         144
0000352         316         216         225          85
0000368         141         220         250         247
0000384         102         215         164         250
0000400         328         223         754         247
0000416         191         158          89         190
0000432         103         168          36         106
0000448          32          62          56         227
0000464         131          36         215         108
0000480         163         138          46           7
0000496          23          47          73         102
0000512          44          42          28          41
0000528          65          45         144          80
0000544         131          28
0000552
