0000000       52887     9648059        9560           0
0000016           0           0           0           0
0000032           0           0         103          98
0000048         103         111         101         113
0000064          93         114          95         105
0000080          94         133          92          94
0000096          92         127         103         100
0000112         108         103         110         103
0000128         103          98         114         102
0000144         105         102          99          97
0000160         101          95         268          78
0000176          92         110          80          93
0000192          71         105          77          92
0000208          87         106          83          79
0000224          85         102          83          76
0000240          77          73          99          86
0000256          84          83          94          82
0000272          83          82          88          83
0000288          81          80          73          63
0000304          79          89          67          83
0000320          63          94          69          83
0000336          67         112          68          67
0000352          73          90          71          69
0000368          80          73          78          76
0000384          78          78          75          74
0000400          85          75          89          77
0000416          75          75          72          73
0000432          85         102          73          89
0000448          68          94          70          87
0000464          72         107          70          77
0000480          72          91          66          62
0000496          70          73          87          80
0000512          76          73          76          73
0000528          80          76          89          69
0000544          73          76
0000552
