0000000       32680     9790954        9555           0
0000016           0           0           0           0
0000032           0           0    85538096    85526761
0000048    85380436    85180428    85385844    85157642
0000064    85320047    85167913    85258322    85161805
0000080    85268266    85179391    85282695    85299220
0000096    85289463    85191355    85301737    85231901
0000112    85263883    85221068    85153163    85243300
0000128    85144544    85209348    85156280    85213222
0000144    85134711    85189170    85139626    85221930
0000160    85250878    85262585    75926794    75878684
0000176    75849687    75651841    75891867    75665583
0000192    75829723    75674545    75795275    75699612
0000208    75852658    75683210    75825278    75973391
0000224    75845627    75693206    75851474    75946246
0000240    75828198    75797904    75653291    75796268
0000256    75596221    75741785    75608732    75776692
0000272    75551919    75696278    75576666    75734270
0000288    75740775    75773958    85529810    85515963
0000304    85495327    85389143    85481301    85376767
0000320    85448558    85397172    85465998    85386929
0000336    85463686    85393902    85483759    85479532
0000352    85499438    85393109    85470268    85473153
0000368    85465650    85437034    85364692    85444740
0000384    85368705    85436377    85367650    85423194
0000400    85366604    85441327    85362534    85432917
0000416    85463697    85445340    82570627    82589750
0000432    82555217    82481483    82521685    82472563
0000448    82516440    82466980    82510835    82485616
0000464    82528786    82477510    82539236    82533027
0000480    82541364    82473774    82525235    82507986
0000496    82507251    82509056    82464210    82494790
0000512    82443794    82476454    82430932    82474433
0000528    82444268    82469953    82441699    82484953
0000544    82514035    82508921
0000552
