0000000       39981    10568126        9557           0
0000016           0           0           0           0
0000032           0           0           0           0
0000048           0           1           1           0
0000064           0           0           0           0
0000080           0           3           0           3
0000096           0           1           1           1
0000112           0           0           0           0
0000128           0           0           1           0
0000144           3           3           0           2
0000160           0           0           0           2
0000176           1           1           0           0
0000192           1           0           2           1
0000208           0           2           1           2
0000224           2           1           1           1
0000240           0           1           1           0
0000256           3           1           1           0
0000272           1           0           0           0
0000288           0           0           1           1
0000304           1           2           3           1
0000320           0           0           1           0
0000336           2           3           2           0
0000352           1           1           0           0
0000368           0           2           2           0
0000384           0           0           2           2
0000400           1           3           3           0
0000416           1           0           3           2
0000432           0           0           1           1
0000448           3           1           2           2
0000464           2           0           3           1
0000480           0           1           0           2
0000496           0           1           1           1
0000512           2           0           2           2
0000528           1           1           4           2
0000544           2           0
0000552
