0000000          10          59          28          51
0000016          26          28          17          22
0000032           3          88          57           7
0000048          14           9          17           4
0000064          58          56           4          12
0000080          18          38          24          54
0000096          36          69          30          20
0000112          60          24          34          57
0000128          40          24          25          46
0000144          70          49          54          27
0000160          17           2          13           6
0000176         100          57          81          48
0000192          47           9          58          31
0000208          21          13          50          75
0000224          95          62         109         117
0000240          25          82          33          41
0000256          79         163          51          27
0000272          40          40          52          17
0000288          21          44          64          56
0000304          14          42          37          59
0000320          40          38         100          36
0000336          37          21         112         103
0000352          52         105          44          71
0000368          37          60          66         140
0000384         102          60         250          88
0000400         155         123          40          34
0000416          22          62          52          95
0000432          56          46          54          46
0000448          48          52          89          77
0000464          62          34       36691    10329578
0000480        9548           0           0           0
0000496           0           0           0           0
0000512          28          17           1           3
0000528          44          21           5          23
0000544          10          10
0000552
