0000000          17          86          38          67
0000016          49          37          24          26
0000032          27         119          55          19
0000048          25          15          17          12
0000064         107          60           4          16
0000080          23          66          41          82
0000096          49         115          36          18
0000112          76          43          62          76
0000128          46          32          28          63
0000144          80          64          76          53
0000160          20           8          21          19
0000176         133          83         153          73
0000192          46          22         105          40
0000208          44          20          49          99
0000224         146         100         142         174
0000240          29         111          54          74
0000256          93         425          88          33
0000272          42          56          64          18
0000288          22          65         109          70
0000304          34          57          54          82
0000320          44          62         191          58
0000336          42          38         200         425
0000352          83         159          63         104
0000368          50          87          93         226
0000384         215          62        1110         167
0000400         624         332          64          35
0000416          42          85          76         163
0000432          81          71          76          60
0000448          62          66         201          89
0000464         116          41       50701    10310250
0000480        9590           0           0           0
0000496           0           0           0           0
0000512          48          31           8           7
0000528          59          44           9          38
0000544          22          25
0000552
