0000000       43722     9670336        9576           0
0000016           0           0           0           0
0000032           0           0           2           3
0000048           0           1           1           0
0000064           0           1           0           1
0000080           0           3           1           1
0000096           1           0           2           1
0000112           2           1           0           1
0000128           0           0           1           0
0000144           0           2           1           0
0000160           0           0           0           0
0000176           0           2           0           0
0000192           1           2           0           6
0000208           2           2           1           0
0000224           0           2           1           0
0000240           1           4           0           1
0000256           2           1           1           1
0000272           0           1           0           1
0000288           0           0           2           2
0000304           0           5           0           1
0000320           1           0           1           0
0000336           0           1           1           6
0000352           0           0           2           0
0000368           1           1           1           2
0000384           1           0           0           1
0000400           0           1           3           0
0000416           1           1           8           5
0000432           7           0           3           0
0000448           2           2           2           1
0000464           3           1           3           0
0000480           3           2           1           3
0000496           2           1           7           0
0000512           0           3           0           4
0000528           7           2           3           1
0000544           1           1
0000552
