0000000       38125     9776556        9558           0
0000016           0           0           0           0
0000032           0           0    82043393    82021689
0000048    81989317    81786799    81933087    81762156
0000064    81892089    81772951    81884555    81789109
0000080    81889500    81791423    81913607    81924912
0000096    81937156    81783080    81925014    81903352
0000112    81904918    81881304    81774672    81869222
0000128    81737076    81861035    81748969    81875319
0000144    81740316    81849678    81763335    81899661
0000160    81963450    81908184    87060284    87099879
0000176    87043927    86916748    87061352    86903335
0000192    86983247    86911951    86982474    86904822
0000208    86997029    86910062    86981540    87003909
0000224    86992342    86911557    86975872    86979858
0000240    86971501    86975155    86904758    86975836
0000256    86900801    86952531    86899023    86976627
0000272    86896489    86974269    86895169    86979527
0000288    86991956    86991172    83442273    83415608
0000304    83388776    83322123    83396782    83318499
0000320    83369070    83317129    83368346    83313858
0000336    83374585    83324132    83388719    83381863
0000352    83382525    83319556    83375797    83373136
0000368    83369941    83365113    83314081    83368441
0000384    83317713    83360263    83294155    83356759
0000400    83294878    83372054    83300093    83376712
0000416    83391860    83400647    87080371    87059846
0000432    87034277    86983540    87029808    86980557
0000448    87010762    86982269    87006696    86982125
0000464    87009772    86982923    87017773    87011724
0000480    87015956    86987191    87005524    87005840
0000496    87005031    87005304    86980112    87002035
0000512    86977958    86997178    86977733    87003909
0000528    86976442    86998130    86976454    86998136
0000544    87004264    87013044
0000552
