0000000           0           0           0           0
0000016           0           0           0           1
0000032           0           0           2           3
0000048           2           0           1           2
0000064           0           2           2           1
0000080           0           1           0           1
0000096           0           0           1           0
0000112           0           2           1           0
0000128           1           0           2           2
0000144           0           0           0           2
0000160           0           0           1           1
0000176           0           2           0           1
0000192           0           1           0           1
0000208           0           0           0           1
0000224           0           0           0           0
0000240           0           0           0           0
0000256           0           0           1           1
0000272           0           1           2           3
0000288           2           0           1           0
0000304           0           0           0           0
0000320           0           0           0           1
0000336           0           0           1           1
0000352           2           0           0           0
0000368           0           2           0           0
0000384           1           1           1           1
0000400           1           1           0           0
0000416           1           0           0           0
0000432           1           1           0           1
0000448           2           1           0           0
0000464           0           0       31501    10734160
0000480        9556           0           0           0
0000496           0           0           0           0
0000512           0           1           0           2
0000528           0           0           2           0
0000544           1           0
0000552
