0000000        6611    10099155        9561           0
0000016           0           0           0           0
0000032           0           0    45996444    45925126
0000048    45893126    46259579    46113122    46465950
0000064    46522755    46088463    46379030    46315083
0000080    46142622    46885191    46644146    46459478
0000096    46450548    47297098    46256426    46218186
0000112    46835996    46389631    46710499    45962373
0000128    47465176    46012887    47514646    45566161
0000144    46922320    46228527    46300630    45410374
0000160    46545142    46632730     1481678     1602190
0000176     1581685     1263515     1758355     1342408
0000192     1919039     1341172     1629693     1637506
0000208     1321420     1446076     1511861     1703148
0000224     1617973     1641426     1327898     1569358
0000240     1539819     1283747     1396570     1496693
0000256     1569058     1637963     1617765     1413012
0000272     1345508     1344512     1485767     1613505
0000288     1371095     1228783    43254438    43364583
0000304    43159119    44715962    44051634    43866321
0000320    43941798    45598011    46315448    46231719
0000336    44691083    46950313    45178882    43774835
0000352    44296359    47025555    44740498    44724709
0000368    44856636    43723827    44633949    43554428
0000384    43995945    43579818    46311855    43647522
0000400    44144588    44136922    44354604    43900204
0000416    43889517    43466197    23711647    22750420
0000432    23255912    24098921    22745715    21706381
0000448    23312146    22651343    22641481    23031978
0000464    23335330    25553641    23332617    22765501
0000480    22102987    24979285    21480149    23489657
0000496    21094451    22423239    22634238    21735906
0000512    24649422    21491814    23208404    21165894
0000528    23418567    22034361    23660510    22246938
0000544    22261770    22973971
0000552
