0000000       11338    10405085       15281           0
0000016           0           0           0           0
0000032           0           0          17          80
0000048          22          21          48          20
0000064          25          26          16          24
0000080          43          20          21          68
0000096          18          31          55          47
0000112          22          42         106          28
0000128          40          68          42          51
0000144           5          58          67          38
0000160          31           4           2           9
0000176           1           6           3           0
0000192          10          25           0          58
0000208           2           3          32           2
0000224           1           4           0           1
0000240          53           2           7          10
0000256           4           4           2           3
0000272          13          11           0           1
0000288           8           3          40          59
0000304          46          68          37          20
0000320          38          33           8           8
0000336          19          18         105          62
0000352          23          43          27          26
0000368          12          45          54          25
0000384          42          21           1          61
0000400          54          29          40          21
0000416          19          10         136          60
0000432          68          14           2          22
0000448          27          21           4          54
0000464          16          56          51          19
0000480          24          48          34          19
0000496          19          41          81          29
0000512          40          51          32          62
0000528          44          43          84          12
0000544          14          36
0000552
