0000000        7628    10380063        9596           0
0000016           0           0           0           0
0000032           0           0          22          47
0000048          29          23          39          16
0000064          18          20          10          29
0000080          36          22          20          49
0000096          20          34          49          57
0000112          23          34          93          21
0000128          24          60          36          42
0000144          11          41          57          19
0000160          35          11           7           8
0000176           8           9           4           1
0000192          22          17          10          37
0000208          15           7          18          11
0000224           1          13           2           2
0000240          28           6          14          23
0000256          10           9          12           7
0000272          21          20           0           2
0000288           5           2          31          54
0000304          45          60          31          19
0000320          42          34           8          16
0000336          17          24          80          61
0000352          16          31          27          28
0000368          16          26          55          28
0000384          31          21          11          42
0000400          39          30          51          19
0000416          18          15         105          54
0000432          68          18          20          28
0000448          27          16           1          56
0000464          22          50          49          38
0000480          25          42          25          22
0000496          24          46          68          34
0000512          39          43          41          69
0000528          43          41          62          21
0000544          25          42
0000552
