0000000       20091    10165036        9559           0
0000016           0           0           0           0
0000032           0           0      173057      421518
0000048      171700      164260      355143      162331
0000064      236005      185360      159486      179784
0000080      331498      188664      154154      424409
0000096      149095      339860      362927      408144
0000112      193191      325822      536977      180817
0000128      321236      415304      273684      292358
0000144      104876      426178      424537      255307
0000160      340104      139852       20478       45264
0000176       24694       21838       15582       10199
0000192       61215       42744       22619      172893
0000208       22104       26984       72853       20659
0000224       11602       31315       10869       15232
0000240      155503       16131       32502       37227
0000256       25385       31424       30323       23670
0000272       39428       34708       16550       18401
0000288       17542        9604      356278      380325
0000304      367279      474521      352231      177484
0000320      352703      278340      201867      135621
0000336      211175      191172      556613      478661
0000352      156763      329082      259729      304088
0000368      193206      302004      435624      237330
0000384      301853      186630      144477      383734
0000400      366170      308089      429576      244736
0000416      187059      139870      558938      251000
0000432      388740       66167       41564       77498
0000448       95184       81211       20649      235367
0000464       91900      327733      200429      110207
0000480       74012      228057       93304       86123
0000496       35749      197640      260343       90854
0000512      220864      192952      120528      236014
0000528      218956      202899      359223      103090
0000544       90083      250289
0000552
