0000000           1           0           3           9
0000016           2           2           0           6
0000032           0           2          21           1
0000048           1           6           1           2
0000064           0           3          10           0
0000080           1           1           0           0
0000096           1           1           0           2
0000112           2           0           0           4
0000128           1           1           0           0
0000144           0           0           0           1
0000160           3           0           0           0
0000176           1           0           0           2
0000192           1           0           0           1
0000208           0           1           1           0
0000224           0           1           1           2
0000240           2           0           1           1
0000256           0           2          17           6
0000272           0           2           1           1
0000288           0           1           2           2
0000304           3           0           1           2
0000320           0           1           2           2
0000336           1           0          38           4
0000352           9           1           0           2
0000368           2           0           2           4
0000384           2           2           2           2
0000400           1           2           0           0
0000416           0           4           2           0
0000432           1           1           2           7
0000448           1           1          11           0
0000464           2           5       16592    10641455
0000480        9550           0           0           0
0000496           0           0           0           0
0000512           1           1           0           0
0000528           1           1           2           1
0000544           0           0
0000552
