0000000           3           0           0          21
0000016           0           4          13           9
0000032           1           3          47           0
0000048           2          12           5           5
0000064           1          16          15           5
0000080           7           0           1           1
0000096           2           0           0           1
0000112           0           1           0           9
0000128           1           1           1           0
0000144           0           0           2           0
0000160           4           2           0           1
0000176           0           0           0           0
0000192           1           0           2           2
0000208           0           0           5           4
0000224           4          19           4           1
0000240           4           0           0           1
0000256           1           1          44          24
0000272           0           4           4           2
0000288           3           4           8           2
0000304           5           1           0          11
0000320           4           2           4           2
0000336           0           0          43          14
0000352          19           0           2           1
0000368           1           1           1           6
0000384           1          18           9           2
0000400           2           4           4           1
0000416           1           6          13           1
0000432           2           6           3          16
0000448          10           6          27           1
0000464           3          14       52618    10598995
0000480        9561           0           0           0
0000496           0           0           0           0
0000512           1           5           0           1
0000528           3           1           1           0
0000544           0           1
0000552
