0000000       19737     9650973        9558           0
0000016           0           0           0           0
0000032           0           0          94          92
0000048         109         115          86         104
0000064          71         110          85         108
0000080          76         121          82          84
0000096          95         116          80          74
0000112          81          78         124          83
0000128         102          76         119          82
0000144         115          86         114          87
0000160          89          86         333         103
0000176         113         135          95         112
0000192          82         140          91         130
0000208          97         151          92          97
0000224          90         144          92          89
0000240          91          91         125         100
0000256         113          98         116         102
0000272         111         122         125         111
0000288         121         120          61          57
0000304          71          80          58          73
0000320          56          84          54          72
0000336          48          95          54          54
0000352          62          86          64          56
0000368          55          57          84          54
0000384          78          51          71          51
0000400          71          54          81          55
0000416          58          60          96          93
0000432         108         118          96         111
0000448          80         128          88         119
0000464          90         136          90         104
0000480          97         128          95          88
0000496          92          88         120         103
0000512         108          98         108         102
0000528         112         113         119         110
0000544         115         120
0000552
