0000000           2           0           0           2
0000016           0           0           0           2
0000032           0           0           0           0
0000048           1           3           1           0
0000064           0           0           1           2
0000080           2           1           1           1
0000096           0           1           0           0
0000112           1           0           0           1
0000128           0           0           1           0
0000144           1           1           0           1
0000160           1           0           0           1
0000176           0           1           0           2
0000192           1           1           0           2
0000208           0           0           0           1
0000224           0           0           1           0
0000240           0           0           1           0
0000256           0           0           0           3
0000272           1           2           1           1
0000288           0           0           2           0
0000304           0           1           0           2
0000320           1           0           2           1
0000336           1           0           9           3
0000352           0           1           0           0
0000368           2           1           0           1
0000384           0           0           1           0
0000400           1           0           0           0
0000416           2           2           2           0
0000432           1           0           1           0
0000448           1           1           1           1
0000464           0           1        6253    10691665
0000480        9562           0           0           0
0000496           0           0           0           0
0000512           1           3           0           0
0000528           0           2           4           0
0000544           0           1
0000552
