0000000       22430     9552210       11468           0
0000016           0           0           0           0
0000032           0           0           0           0
0000048           0           0           0           0
0000064           0           1           0           0
0000080           1           0           0           0
0000096           0           0           0           0
0000112           0           0           0           1
0000128           0           2           2           0
0000144           1           2           0           0
0000160           0           0           0           1
0000176           0           0           0           0
0000192           1           0           1           1
0000208           0           2           1           0
0000224           0           0           0           1
0000240           0           1           0           0
0000256           0           0           0           1
0000272           0           1           0           0
0000288           0           0           1           1
0000304           1           0           1           0
0000320           0           0           0           0
0000336           1           0           0           0
0000352           0           0           0           1
0000368           0           0           0           0
0000384           1           0           0           0
0000400           0           0           0           0
0000416           0           0           0           0
0000432           1           0           0           0
0000448           0           1           0           0
0000464           0           1           0           1
0000480           0           0           1           0
0000496           0           0           1           0
0000512           0           0           0           0
0000528           0           1           1           0
0000544           0           1
0000552
