0000000           0           0           1           0
0000016           0           0           0           0
0000032           0           0           0           1
0000048           1           0           0           0
0000064           2           0           0           1
0000080           0           0           3           0
0000096           0           0           0           1
0000112           0           2           0           0
0000128           0           0           0           1
0000144           0           0           1           0
0000160           0           1           0           1
0000176           0           1           0           0
0000192           1           0           0           0
0000208           0           0           1           0
0000224           1           1           0           1
0000240           2           1           0           0
0000256           1           1           0           1
0000272           0           0           0           0
0000288           0           0           1           0
0000304           0           0           1           0
0000320           1           1           0           0
0000336           0           0           0           1
0000352           0           0           0           2
0000368           1           0           0           0
0000384           0           0           0           0
0000400           0           0           0           0
0000416           0           0           0           0
0000432           0           1           1           1
0000448           0           1           0           0
0000464           1           1       52302    10883233
0000480        9552           0           0           0
0000496           0           0           0           0
0000512           0           0           2           0
0000528           0           0           0           0
0000544           1           0
0000552
