0000000       25187     9753372        9559           0
0000016           0           0           0           0
0000032           0           0       17652       20846
0000048       12849       10367       14350       12562
0000064        7087       14950        7222       13702
0000080       20826       10153        9333       18157
0000096       13400       15981       20110       15910
0000112       10532       15777       24330       14078
0000128        9160       22370       12094       24198
0000144        9371       15082       26418       22775
0000160       13831        5203      149240      284711
0000176      180804      392654      163165      158121
0000192      126057      272823      118303      239546
0000208      237231      201365      198172      126032
0000224      145325      184974      203348      155780
0000240      246926      217861      179328      173730
0000256      153141      191168      132307      204431
0000272      172922      316596      132550      166282
0000288      242488      207938       23571       21315
0000304       16307       23133       17700       19246
0000320       17287       17502        5879       11474
0000336       13509       10060       20110       22823
0000352       23116       16445       18402       17353
0000368       11233       20876       23963       23269
0000384       24858       15906       10679       19893
0000400       21472       19132       26745       14209
0000416       17942       16589     1512625     1562489
0000432     1474368     1441123     1497264     1587773
0000448     1453652     1515684     1436167     1509058
0000464     1452740     1451685     1487202     1485138
0000480     1613343     1467547     1596870     1434071
0000496     1541872     1491577     1534338     1493444
0000512     1454519     1516574     1451665     1617451
0000528     1481637     1512997     1486950     1467215
0000544     1486185     1511154
0000552
