0000000       22079    10211406        9557           0
0000016           0           0           0           0
0000032           0           0        9234       12917
0000048        7120        8061       10550        7608
0000064        8715        8266        7565        8113
0000080       10897        8189        7513       13473
0000096        7389       11129       11234       11839
0000112        8357       10609       20878        7905
0000128       10351       12979        9539        9972
0000144        6367       12198       13467       10052
0000160       10727        6736        5164        6042
0000176        5067        6166        4579        3118
0000192        7097        6710        4883       10059
0000208        5308        5194        7506        4510
0000224        3365        5822        3370        4429
0000240        9520        5070        5608        6330
0000256        5181        6872        5800        5179
0000272        6440        6909        4040        4604
0000288        4599        2808       11535       11145
0000304       11042       14299       10804        8857
0000320       10620       10192        7736        8158
0000336        8128        8689       20009       14239
0000352        9898       10461        9337        9981
0000368        7928        9759       12781        8642
0000384       10242        8476        7116       11869
0000400       11082       10026       12569        8782
0000416        8914        6938       27862       12789
0000432       13725        8279        7284        8436
0000448        9269        9048        6629       11735
0000464        8470       12586       11145        9000
0000480        7997       11910        8361        8629
0000496        8329       10536       13258        8692
0000512       11778       11976       11272       11913
0000528       11077       11399       13675        8371
0000544        8357       11075
0000552
