0000000           0           0           0           0
0000016           0           0           0           1
0000032           0           1           0           1
0000048           0           1           0           1
0000064           0           0           0           0
0000080           2           0           0           0
0000096           1           0           0           3
0000112           0           0           0           0
0000128           1           1           0           0
0000144           0           0           0           1
0000160           0           0           0           0
0000176           0           0           0           1
0000192           0           0           0           2
0000208           0           0           1           0
0000224           0           0           0           1
0000240           0           0           1           1
0000256           1           1           0           0
0000272           1           1           1           1
0000288           1           0           1           0
0000304           0           0           0           2
0000320           1           0           1           0
0000336           1           0           0           1
0000352           0           0           0           0
0000368           1           0           0           0
0000384           1           0           0           0
0000400           1           1           1           0
0000416           2           0           1           0
0000432           0           1           0           1
0000448           0           2           0           0
0000464           0           1       31049    10979901
0000480        9557           0           0           0
0000496           0           0           0           0
0000512           0           0           0           0
0000528           0           2           0           0
0000544           0           1
0000552
