0000000       34896    10500817        9556           0
0000016           0           0           0           0
0000032           0           0           1          29
0000048           1           4          17           6
0000064           6           4           2           6
0000080          21           4           1          36
0000096           3           4          37          14
0000112           7          12          44           5
0000128          16          22           9          11
0000144           1          30          30          13
0000160          21           3           1           3
0000176           2           4           1           0
0000192           1           6           0          13
0000208           4           1          12           1
0000224           2           3           0           1
0000240          19           0           3           2
0000256           1           0           2           0
0000272           5           3           1           0
0000288           1           0          14          24
0000304          19          28          13           1
0000320          18           6           2           1
0000336           3           1          61          33
0000352           1          16           9           7
0000368           1           9          19          13
0000384          11           5           0          32
0000400          15           9          26           7
0000416           3           2          61          27
0000432          37           3           1           5
0000448           1           5           0          28
0000464           6          19       26386    10566210
0000480        9559           0           0           0
0000496           0           0           0           0
0000512           1           9           2           2
0000528           7           0           1           1
0000544           0           3
0000552
