0000000           4           1           0           1
0000016           2           2           4           3
0000032           1           3           2           3
0000048           2           2           1           2
0000064           2           2           2           0
0000080           3           1           0           2
0000096           0           1           0           1
0000112           1           0           1           1
0000128           1           1           2           0
0000144           0           0           0           0
0000160           0           0           1           0
0000176           0           1           0           0
0000192           0           0           0           0
0000208           1           0           0           0
0000224           2           0           0           0
0000240           1           2           1           0
0000256           0           1           3           1
0000272           0           0           1           1
0000288           1           0           1           0
0000304           0           1           2           2
0000320           0           1           0           0
0000336           1           1           1           2
0000352           2           1           0           0
0000368           1           1           1           1
0000384           1           1           1           0
0000400           0           0           2           0
0000416           0           1           1           0
0000432           1           2           0           2
0000448           2           0           0           0
0000464           0           0       17980    10714829
0000480        9550           0           0           0
0000496           0           0           0           0
0000512           0           2           0           0
0000528           1           1           1           0
0000544           0           0
0000552
