0000000       11417    10360679        9557           0
0000016           0           0           0           0
0000032           0           0          33          71
0000048          26          20          58          27
0000064          35          39          23          28
0000080          54          30          24          97
0000096          24          35          60          67
0000112          29          59         198          47
0000128          39          67          45          45
0000144          18          58          74          50
0000160          51          22          19          24
0000176          17          23          11           2
0000192          37          32          15          50
0000208          20          16          31          14
0000224          10          23           8          13
0000240          60          18          24          29
0000256          13          27          21          19
0000272          32          34          14          17
0000288          14           1          70          71
0000304          55          86          54          34
0000320          51          30          19          19
0000336          25          28         136          90
0000352          36          41          41          31
0000368          29          36          76          24
0000384          60          28          24          69
0000400          56          48          65          40
0000416          44          21         414          58
0000432          93          30          10          33
0000448          42          38          16          55
0000464          27          60          44          51
0000480          28          72          36          33
0000496          42          45          87          40
0000512          48          68          42          74
0000528          66          51          91          24
0000544          28          54
0000552
