0000000           1           0           1           0
0000016           0           0           1           0
0000032           0           0           0           0
0000048           0           1           1           0
0000064           1           1           0           0
0000080           0           0           0           1
0000096           0           1           0           0
0000112           0           0           0           0
0000128           0           0           0           0
0000144           1           0           0           0
0000160           0           0           0           0
0000176           0           0           0           1
0000192           1           0           0           0
0000208           0           0           1           0
0000224           1           0           0           0
0000240           0           0           0           0
0000256           0           2           1           0
0000272           2           0           0           0
0000288           0           1           0           0
0000304           0           0           0           1
0000320           1           1           1           0
0000336           1           1           0           1
0000352           0           0           0           1
0000368           0           0           0           0
0000384           0           0           0           1
0000400           0           0           0           0
0000416           0           0           1           1
0000432           0           0           0           0
0000448           1           0           2           0
0000464           0           0       35413    10960577
0000480        9558           0           0           0
0000496           0           0           0           0
0000512           0           1           0           0
0000528           2           0           0           4
0000544           1           0
0000552
