0000000       24374    10283107        9563           0
0000016           0           0           0           0
0000032           0           0        2335        3921
0000048        1881        2075        3523        2048
0000064        2344        2234        1767        2052
0000080        3498        2208        1781        3991
0000096        1804        3330        3680        3953
0000112        2139        3257        5204        2101
0000128        3092        4090        2783        3405
0000144        1119        3931        4091        3279
0000160        3321        1303         538        1303
0000176         611         769         216          65
0000192        1595        1634         489        3457
0000208         768         727        2167         402
0000224         121         855         106         192
0000240        3368         426        1005        1331
0000256         624         789         746         678
0000272        1280        1430         289         359
0000288         462          77        3664        3534
0000304        3519        4271        3218        2071
0000320        3065        2725        1637        1297
0000336        2047        1904        5329        4284
0000352        1878        3115        2633        2815
0000368        1710        2904        3888        2506
0000384        2949        2182        1347        3830
0000400        3499        2846        3827        2446
0000416        2025        1409        6094        4130
0000432        4265        1357         980        1907
0000448        2035        1982         237        3549
0000464        1797        3476        3489        2313
0000480        1771        3529        2192        1836
0000496        1271        3208        4449        2216
0000512        3325        3796        2789        3642
0000528        3416        3413        4497        1974
0000544        1903        3479
0000552
