0000000          41          29          30          71
0000016          43          46          63          24
0000032          35          47          50          16
0000048          27          53          29          13
0000064          24          34          51          74
0000080          57          56          44          33
0000096          49          67          56          56
0000112          36          38          37          36
0000128          88          36          22          32
0000144          68          18          50          41
0000160          26          85          25          42
0000176          74          32          61          33
0000192          50          50          74          78
0000208          20          42          67          84
0000224         225          62          62          87
0000240          42          27          73          51
0000256          31          96         106          69
0000272          34          34          56          94
0000288          66          54          61          72
0000304          64          57          54          50
0000320          25          48          79          27
0000336          46          36          50          79
0000352          57          53          28          38
0000368          73          59          31          47
0000384          63          64          57          52
0000400          52          74          52          27
0000416          63          62          40          41
0000432          43          49          65          41
0000448          39          90          32          65
0000464          42          46       32811    13571537
0000480        9557           0           0           0
0000496           0           0           0           0
0000512         120         135         223         137
0000528         136         160         154         165
0000544         204         134
0000552
