0000000    54593372    52988644    54578836    54900649
0000016    54611341    53645518    54578821    54711369
0000032    54638859    54726085    53152111    54522629
0000048    53406184    54315478    53633198    54213448
0000064    53177073    54372078    53154281    54452860
0000080    54506406    54821457    55914126    55920090
0000096    55911445    55873312    55897945    55868195
0000112    55887941    55873853    55883078    55872793
0000128    55899373    55870884    55881907    55878665
0000144    55874362    55865625    55881036    55877688
0000160    55869176    55862124    55851844    55862145
0000176    55842873    55854421    55843244    55852800
0000192    55840028    55851719    55835840    55851320
0000208    55852857    55861055    53739414    53803255
0000224    53506615    52737621    53487109    52784273
0000240    53496840    52721206    53542700    52964146
0000256    53396871    52832579    53668967    53287305
0000272    53232528    53229630    53392681    53334790
0000288    53332130    53148660    52899195    53397652
0000304    52668862    53144516    52785873    53032059
0000320    52656155    53213074    52751475    53208283
0000336    53298130    53490701    55006052    54999083
0000352    54978235    54939083    54967944    54927042
0000368    54964470    54919950    54952409    54926957
0000384    54950679    54937513    54952606    54944817
0000400    54941974    54932923    54941897    54939761
0000416    54934588    54932288    54915787    54923896
0000432    54912804    54918968    54906765    54919266
0000448    54909756    54917644    54907381    54918818
0000464    54918479    54919646       58190    13090296
0000480        1919           0           0           0
0000496           0           0           0           0
0000512    89201584       32767           0           0
0000528    89201584       32767  -736201271       21901
0000544    89210656       32767
0000552
