0000000        1839        1149        1729        2409
0000016        1991        1951        2456        1636
0000032        1547        1738        1887         771
0000048        1311        2081        1537         569
0000064         813        1429        2243        2410
0000080        2236        2268        2030        1772
0000096        2609        2102        1998        1999
0000112        1754        1813        1948        1848
0000128        2485        1607        1089        1287
0000144        2332        1720        1985        1887
0000160        1221        2447        1610        2113
0000176        2174        1985        2028        1736
0000192        1928        2215        2865        3014
0000208        1262        1751        2224        2304
0000224        2923        2399        2211        2549
0000240        2087        1506        2651        1948
0000256        1750        2035        2118        2052
0000272        1601        1433        2122        2853
0000288        2160        2025        2429        2324
0000304        2208        2121        2149        2065
0000320        1404        1878        2110        1075
0000336        1920        1616        1815        2850
0000352        2063        2076        1228        1602
0000368        2279        2414        1398        1834
0000384        2275        2213        2172        1778
0000400        1786        2516        2216        1154
0000416        2184        1954        1901        1683
0000432        1659        1973        2454        1733
0000448        1738        2639        1627        2165
0000464        1819        1947        6796    13453355
0000480        1924           0           0           0
0000496           0           0           0           0
0000512         471         774        1808         813
0000528         448         476         804        1320
0000544        1716         611
0000552
