0000000         190         132         163         262
0000016         192         206         272         154
0000032         141         149         182          88
0000048         135         213         165          96
0000064          95         131         246         270
0000080         198         219         167         150
0000096         195         216         186         184
0000112         157         159         156         152
0000128         305         111          88          91
0000144         196         149         156         151
0000160         106         310         144         183
0000176         223         181         188         147
0000192         179         226         299         303
0000208         101         150         275         319
0000224         447         338         271         322
0000240         209         138         317         208
0000256         167         284         310         240
0000272         174         134         206         376
0000288         232         203         233         311
0000304         262         238         241         213
0000320         143         217         287          90
0000336         174         158         211         346
0000352         253         226         129         153
0000368         315         259         125         161
0000384  -124422272       32605 -2022539472       32765
0000400  -832133687       21958  -832119840       21958
0000416  -120582080       32605  -126054717       32605
0000432  -832118720       21958  -124422272       32605
0000448  -124439040       32605  -126111318       32605
0000464  -832118720       21958 -2022539440       32765
0000480 -2022539376       32765  -121995706       32605
0000496  -832118783       21958  -645670656  -761756899
0000512          14          28          28          21
0000528          18          14          33          34
0000544          32          23
0000552
