0000000           3           0           1          10
0000016           3           3           7           0
0000032           0           0           1           2
0000048           0           6           1           0
0000064           0           3           3          16
0000080           3           4           1           2
0000096           0           3           1           4
0000112           1           3           2           0
0000128          13           1           0           1
0000144           6           1           0           2
0000160           0           9           2           2
0000176           3           0           1           1
0000192           0           2           9           2
0000208           1           1          11          26
0000224          42          13          13          24
0000240           1           1          12           8
0000256           6          22          17          10
0000272           2           0           6          26
0000288           4           2           3          13
0000304          11          11           4           6
0000320           1           3          11           0
0000336           7           2           4          21
0000352           8           7           1           2
0000368          21           7           2           4
0000384          10           9           3           2
0000400           2           9           4           1
0000416           5           1           9           1
0000432           3           3          15           0
0000448           0          22           0           5
0000464           3           3       43403    13913935
0000480        1918           0           0           0
0000496           0           0           0           0
0000512           1           1           0           0
0000528           2           0           1           2
0000544           1           0
0000552
