0000000           3           0           6          23
0000016          13           7          13           2
0000032           9           7           3           1
0000048           1          11           2           0
0000064           0           1          18          25
0000080           8          15           2           4
0000096           0           5           5           7
0000112           3           4           8           2
0000128          30           2           1           0
0000144          21           2           2           5
0000160           0          23           1           8
0000176          19           4           2           2
0000192           4          10          10           7
0000208           1           2          23          32
0000224          49          26          17          44
0000240          10           3          32           7
0000256          12          37          36          22
0000272           4           2          22          43
0000288          17          10          13          26
0000304          20          26          15          15
0000320           4           8          26           1
0000336          11           0          18          33
0000352          23          14           2           7
0000368          44          23           1          10
0000384          14          27           6           2
0000400          12          24          15           0
0000416          18           8           9           5
0000432           1           8          30           2
0000448           3          41           3          22
0000464           2          12       51831    13898366
0000480        1947           0           0           0
0000496           0           0           0           0
0000512           0           0           5           1
0000528           0           0           0           1
0000544           2           2
0000552
