0000000         262          97         497        1575
0000016         800         681        1031         257
0000032         482         358         386          61
0000048         168         959         194          49
0000064          39         147        1178        1563
0000080         697        1132         555        1106
0000096         691        1409        1017        1237
0000112         856         860        1217         805
0000128        2157         420         106         226
0000144        1591         736         798         937
0000160          97        1986         405        1146
0000176        1645         719        1180         474
0000192        1154        1520        1930        1795
0000208         191         756        1528        1818
0000224        2602        1682        1511        1941
0000240         938         461        1912        1017
0000256         898        1674        1646        1256
0000272         649         333        1194        2136
0000288        1131         825         905        1712
0000304        1283        1313        1046        1001
0000320         245         726        1596          87
0000336         825         302         888        2106
0000352        1194        1175         134         562
0000368        1862        1339         356         732
0000384        1229        1458         580         367
0000400         695        1303        1207          99
0000416        1271         804         917         393
0000432         405         618        1734         276
0000448         539        1949         223        1202
0000464         364         689       44804    13476965
0000480        1923           0           0           0
0000496           0           0           0           0
0000512          38          53         226          41
0000528          50          39          39          97
0000544         232          43
0000552
