0000000          28          21          40          45
0000016          27          29          48          20
0000032          20          33          32           4
0000048          17          45          25           5
0000064           8          27          26          53
0000080          36          50          29          28
0000096          30          32          34          37
0000112          37          21          23          20
0000128          51          17          14          18
0000144          44          25          29          27
0000160          10          48          17          32
0000176          38          33          19          17
0000192          22          36          48          53
0000208          14          27          38          50
0000224          73          49          39          54
0000240          55          27          55          37
0000256          30          36          33          40
0000272          22          26          30          61
0000288          29          42          37          42
0000304          45          30          46          34
0000320          26          35          37          18
0000336          34          21          33          60
0000352          36          25          17          30
0000368          35          43          22          32
0000384          48          46          37          27
0000400          31          51          51          12
0000416          43          31          39          29
0000432          29          32          56          37
0000448          31          44          27          45
0000464          31          44       28631    13817097
0000480        1923           0           0           0
0000496           0           0           0           0
0000512          12          17          35          20
0000528          12           7          11          27
0000544          33           7
0000552
