0000000           0           1           1           4
0000016           1           2           2           1
0000032           4           1           2           0
0000048           2           5           1           0
0000064           0           1           1           3
0000080           3           2           0           0
0000096           0           0           0           0
0000112           0           1           2           0
0000128           0           0           2           1
0000144           1           0           0           0
0000160           0           0           0           0
0000176           0           0           1           0
0000192           0           0           0           0
0000208           0           0           2           3
0000224          15           3           3           3
0000240           1           5           2           0
0000256           1           4           5           3
0000272           1           1           1           8
0000288           4           1           2           7
0000304           1           1           3           1
0000320           3           0           5           0
0000336           3           1           6          11
0000352           9           4           5           3
0000368           9           9           3           9
0000384           6           7           6           5
0000400           4           8           9           1
0000416           8           5           7           1
0000432           4           7           6           2
0000448           3          16           0          11
0000464           4           5       10624    12838956
0000480        1922           0           0           0
0000496           0           0           0           0
0000512           2           5          13           0
0000528           1           5           2          12
0000544           7           5
0000552
