0000000           9           0          15          46
0000016          27          24          32           7
0000032          17          10          12           0
0000048           7          33           6           0
0000064           1           4          33          29
0000080          24          26           6          20
0000096           8          21           8          22
0000112           5          15          17           6
0000128          35           4           1           0
0000144          26           8           8          13
0000160           1          32           1          13
0000176          27          10          14           4
0000192          18          19          21          33
0000208           2           9          36          39
0000224          47          43          30          43
0000240          17          14          38          33
0000256          19          33          22          33
0000272          19           5          18          52
0000288          24          28          25          40
0000304          39          32          27          37
0000320           8          24          37           1
0000336          22          12          11          49
0000352          29          32           9          18
0000368          39          33          10          21
0000384          47          33          20           8
0000400          16          33          28           4
0000416          35          24          18           9
0000432           9          17          38           8
0000448          14          41           4          35
0000464          11          22       59418    13877023
0000480        1919           0           0           0
0000496           0           0           0           0
0000512           2           1          10           0
0000528           0           0           1           2
0000544          12           1
0000552
