0000000           0           0           1           1
0000016           0           0           0           0
0000032           1           0           0           0
0000048           0           2           0           0
0000064           0           0           0           0
0000080           1           0           0           0
0000096           0           0           0           0
0000112           0           0           0           0
0000128           0           1           0           0
0000144           0           0           0           0
0000160           0           0           0           0
0000176           0           0           1           0
0000192           0           0           0           0
0000208           0           0           0           2
0000224           0           0           1           0
0000240           1           0           0           0
0000256           1           1           1           1
0000272           0           0           1           1
0000288           0           0           0           1
0000304           0           2           0           0
0000320           0           1           0           1
0000336           1           0           1           4
0000352           2           4           1           1
0000368           5           2           0           3
0000384           2           2           1           2
0000400           1           2           5           0
0000416           0           2           0           1
0000432           0           0           4           1
0000448           1           1           2           1
0000464           1           1       64799    12825298
0000480        1922           0           0           0
0000496           0           0           0           0
0000512           2           0           1           2
0000528           0           0           2           3
0000544           1           1
0000552
