0000000        4113        4223        4649        4901
0000016        5650        3620        7362        2730
0000032        4804        2403        5083        2217
0000048        2129        5024        2029        3406
0000064        1809        3012        5037        5922
0000080        6856        4426         157         282
0000096         344         298         249         236
0000112         160         294         137         293
0000128         504         176          89         175
0000144         464         177         212         191
0000160         119         438         162         343
0000176         356         246         239         238
0000192         282         305         366         565
0000208         138         239        8301        7785
0000224       11281        9448        8730        7980
0000240        4922        5918        6846        5690
0000256        6811        7840        8287        7739
0000272        7175        3296        7849        9769
0000288        6994        7264        6948        7577
0000304        8047        8776        6327        9512
0000320        5560        7098        8363        3915
0000336        8413        4145       15560       19446
0000352       15043       13445       10392       14059
0000368       12393       19617        9364       15584
0000384       13051       16560       14739       12219
0000400       13656       15247       14143        9426
0000416       13658       13078       17130       13118
0000432       10472       14531       15777       12508
0000448       10514       17043       11895       11493
0000464       11998       10168       56141    12885887
0000480        1925           0           0           0
0000496           0           0           0           0
0000512      248467      237070      241477      231784
0000528      236583      255090      219252      235564
0000544      234629      232723
0000552
