0000000        2607        1952        2336        3551
0000016        2680        2696        3511        2336
0000032        2244        2524        2665        1652
0000048        2113        2936        2264        1702
0000064        1717        2121        3134        3535
0000080        3066        3209        3081        3184
0000096        4656        3843        3363        3510
0000112        3089        3125        3624        3119
0000128        4710        2761        2113        2246
0000144        4156        2986        3374        3149
0000160        2146        4563        2711        3780
0000176        4025        3267        3750        2718
0000192        3462        3679        5172        4845
0000208        2105        2829        3215        3731
0000224        4808        3684        3433        3948
0000240        2859        2129        4102        3106
0000256        2559        3399        3568        2978
0000272        2274        2418        3048        4427
0000288        2854        2817        3400        3692
0000304        3260        3279        3154        2706
0000320        2093        2751        3336        1722
0000336        2732        2232        2599        4272
0000352        3186        3213        1906        2371
0000368        3707        3438        2111        2605
0000384        3337        3545        3051        2649
0000400        2745        3866        3212        1906
0000416        3080        2644        2808        2569
0000432        2439        2833        3579        2658
0000448        2578        3980        2479        3253
0000464        2757        2750       23096    13412298
0000480        1922           0           0           0
0000496           0           0           0           0
0000512        1736        2090        2411        1945
0000528        1811        1820        1882        2298
0000544        2330        1744
0000552
