0000000           1           1           3          10
0000016           6           3          10           4
0000032          12           2           7           1
0000048           3           2           2           4
0000064           0           3          14          17
0000080           8           6           0           0
0000096           0           1           2           0
0000112           0           0           1           0
0000128           4           0           0           2
0000144           2           1           1           1
0000160           0           5           0           1
0000176           2           0           2           2
0000192           4           1           1           3
0000208           1           1          22          22
0000224          59          27          25          21
0000240           7           8          17           8
0000256          16          25          24          16
0000272          13           6          23          29
0000288           9          11          14          20
0000304          26          19          11          32
0000320          12          12          26           1
0000336          14           6          58         120
0000352          63          34          11          43
0000368          66         102          24          50
0000384          35          79          42          34
0000400          43          71          47          11
0000416          66          40          87          29
0000432          17          51          98          34
0000448          25          92          22          62
0000464          32          23       64428    12850656
0000480        1921           0           0           0
0000496           0           0           0           0
0000512          35          43          80          40
0000528          29          39          20          54
0000544          83          20
0000552
