0000000    17382294    17365129    17380678    17382916
0000016    17383166    17362832    17379543    17378189
0000032    17378922    17377539    17361457    17378556
0000048    17360648    17371089    17360303    17376659
0000064    17361273    17372711    17356556    17374545
0000080    17380875    17378204     9431289     9441063
0000096     9438650     9406733     9428210     9389947
0000112     9386962     9413360     9379518     9426983
0000128     9437315     9395586     9410750     9441835
0000144     9459845     9382889     9415154     9414432
0000160     9423139     9419791     9366861     9425229
0000176     9392479     9413467     9373062     9425403
0000192     9393032     9391105     9361324     9429117
0000208     9422685     9434549    17419171    17411902
0000224    17404487    17393206    17409252    17386503
0000240    17404921    17397605    17399953    17392383
0000256    17407037    17389613    17406136    17405251
0000272    17407205    17396976    17405440    17399327
0000288    17405165    17403726    17389286    17400973
0000304    17388789    17401848    17390542    17403894
0000320    17394088    17402795    17388064    17404387
0000336    17410430    17408206    17566208    17558362
0000352    17553467    17540177    17551336    17540099
0000368    17547027    17538808    17546716    17539895
0000384    17546923    17539510    17548369    17547943
0000400    17547145    17539463    17546754    17547366
0000416    17545693    17546403    17539026    17545765
0000432    17538539    17544264    17535775    17544783
0000448    17537505    17542687    17538947    17543873
0000464    17546364    17546150       38854    12911283
0000480        1930           0           0           0
0000496           0           0           0           0
0000512    18052206    18047134    18045754    18026024
0000528    18043320    18024987    18043927    18023537
0000544    18037144    18026486
0000552
