0000000           2           0           1           1
0000016           0           1           0           0
0000032           0           0           2           0
0000048           0           1           1           0
0000064           0           0           1           1
0000080           2           1           0           0
0000096           0           0           0           0
0000112           1           0           3           1
0000128           1           0           0           0
0000144           0           0           0           0
0000160           0           1           0           1
0000176           1           1           0           2
0000192           1           0           0           0
0000208           0           0           0           2
0000224           4           1           1           3
0000240           2           1           2           1
0000256           0           3           0           0
0000272           0           1           0           2
0000288           1           2           0           0
0000304           0           2           2           1
0000320           1           1           0           0
0000336           1           0           1           2
0000352           2           1           1           1
0000368           1           2           0           0
0000384           1           2           0           0
0000400           1           1           3           0
0000416           1           1           1           0
0000432           2           2           2           0
0000448           1           1           2           1
0000464           0           2        1214    13980216
0000480        1917           0           0           0
0000496           0           0           0           0
0000512           1           1           0           0
0000528           0           1           0           1
0000544           0           0
0000552
