0000000      241529      260783      243213      231399
0000016      250582      230098      260290      228386
0000032      248650      224785      249829      237025
0000048      221022      236871      221527      266673
0000064      229040      235450      237329      240993
0000080      266726      235060        2367        4685
0000096        6645        5618        4534        4596
0000112        2303        5475        2320        5579
0000128        7221        3648        1705        3897
0000144        7408        3291        3559        3410
0000160        2884        6385        2630        5995
0000176        5712        4593        3773        4632
0000192        5125        4715        5882        8313
0000208        3647        4746      924011      911126
0000224      923539      934731      933750      896909
0000240      889654      931845      888793      894572
0000256      923623      914205      921453      929336
0000272      951543      884974      922183      913025
0000288      922534      925557      901485      908317
0000304      916454      946224      905395      981292
0000320      931130      938847      933332      913014
0000336      977656      908311    13603088    13569725
0000352    13562981    13537360    13560998    13554046
0000368    13530378    13559622    13538468    13555592
0000384    13535615    13540335    13555011    13541365
0000400    13557588    13524126    13541360    13540626
0000416    13539744    13544592    13555301    13544369
0000432    13521451    13548946    13520019    13536975
0000448    13511899    13528903    13528702    13517256
0000464    13536163    13524362       49696    12897607
0000480        1921           0           0           0
0000496           0           0           0           0
0000512    17411240    17395952    17390351    17364369
0000528    17384887    17362934    17384031    17362530
0000544    17378003    17364180
0000552
