0000000       29029     2047148        9556           0
0000016           0           0           0           0
0000032           0           0        2835        3436
0000048        3282        2609        3922        3418
0000064        1338        1840        3468        2411
0000080        2246        2292         852        2301
0000096        2969         911        5809        1663
0000112        1925        1803        5071        2183
0000128        2944        1991         640        1828
0000144        1390        1058        1476        1498
0000160        1037        1468        1151       11432
0000176       12527        4144        3340        5338
0000192        4215        8303        6547       12872
0000208        6026        7791        7839        6741
0000224        7851        4949        2577        4814
0000240        4758        6215        6719        5314
0000256        3581        8438        3758        7831
0000272       13390       10369        7322        5216
0000288        2360        6357        7517        1579
0000304        1052        4257        4449        3119
0000320        1813        3280        2146        3897
0000336        2558        1199        1486        1143
0000352        2208        1099        4443        3095
0000368        1853        3533        2060        2707
0000384        1688        6351        3224        5291
0000400        4578        1841        2791        4992
0000416        1877        1391        1923        1527
0000432        2666         979        1975        4385
0000448         697        2446        2416        1573
0000464        1353        1360         482        1357
0000480         909        3892         903         746
0000496        1735         917        1407        1146
0000512        1824        1409         829        1927
0000528        2585         917         689        1169
0000544        2257        1046
0000552
