0000000        1723     2408533        9557           0
0000016           0           0           0           0
0000032           0           0        5357        6079
0000048        7398        5541        6539        4910
0000064        5588        3649        6685        4856
0000080        4648        7879        4312        5781
0000096        6311        4633        7845        5531
0000112        5254        4280        6707        5152
0000128        6885        5469        4666        4013
0000144        5413        4667        5964        4852
0000160        5399        5344        3649       11308
0000176        8366        3988        4421        6529
0000192        5342        6703        6769        8189
0000208        4629        5661        6920        4639
0000224        5511        6001        3686        4711
0000240        5528        6336        6057        4527
0000256        5577        5490        5722        6374
0000272        9934        6037        5070        3964
0000288        3158        5925        4846        2580
0000304        2657        4809        5810        3604
0000320        3377        3591        3334        2882
0000336        3504        2813        3566        2769
0000352        3189        3115        4468        3655
0000368        3138        4281        3166        4272
0000384        3471        4285        5284        4527
0000400        4932        3648        3188        3927
0000416        2579        2758        3630        3034
0000432        3869        3013        4004        4360
0000448        3533        3446        4025        3083
0000464        2880        3871        2734        4021
0000480        3258        6099        2664        2615
0000496        4400        2985        2956        3178
0000512        5884        3965        4000        3995
0000528        4408        2893        2843        3683
0000544        4259        3156
0000552
