0000000       47939     2195973        9557           0
0000016           0           0           0           0
0000032           0           0    60585128    60200736
0000048    60358974    57760303    59161907    57217196
0000064    59568972    57221992    58677789    57235165
0000080    58253074    58047762    59020033    58671396
0000096    58938580    58044411    58669892    59105743
0000112    58711737    58477923    57418366    58734664
0000128    57729592    58687277    58050819    58363231
0000144    57863659    58756245    57920178    58549683
0000160    59759056    59337537    50472032    51537652
0000176    50122046    48651723    50582086    49896903
0000192    50783659    49680879    50771272    49466716
0000208    49835950    50057145    50799631    50244923
0000224    50301514    51887592    50799347    50445998
0000240    50201645    50538101    50306568    50171245
0000256    50684279    49183004    50919927    50104729
0000272    49667052    49069205    48927694    49823464
0000288    50541147    51132489    49501778    49988152
0000304    50136219    50658975    51639500    50289855
0000320    51225931    50014088    50768412    49961465
0000336    50860262    51984717    51841624    50663802
0000352    50672723    52479096    50370766    50578143
0000368    50274287    50431367    49829794    50755394
0000384    49310392    49192749    51218935    49526177
0000400    50222968    50383023    48823205    49798354
0000416    49846994    51429223    54187440    53917959
0000432    53085846    52450400    53494299    52005772
0000448    54544682    52558881    53000461    52136748
0000464    53566712    54939919    54429770    54143322
0000480    54021972    55151634    53230933    55144749
0000496    53870196    53726302    53305602    53539639
0000512    54769081    53160098    54515561    52953835
0000528    52614002    53654492    53162658    53287522
0000544    53109209    53245613
0000552
