0000000        3618     2219141        9563           0
0000016           0           0           0           0
0000032           0           0    43462768    43285479
0000048    43649191    42672626    42946740    42255972
0000064    43461242    42334218    42849008    42395785
0000080    42395445    43437466    43185686    42942301
0000096    43227649    43358284    42890679    43412386
0000112    42911012    42655483    42568645    42984733
0000128    43132140    42900057    43564955    42425028
0000144    43367317    42836844    43412494    42499883
0000160    43605333    43067988    35683391    35279188
0000176    33955468    33462529    34450549    35249501
0000192    34765965    34900576    34651737    34462111
0000208    33751526    35261808    34804362    34216939
0000224    34184462    37286315    34730928    34364069
0000240    33999330    34429990    35456084    34077916
0000256    35766477    32964019    36172966    33857050
0000272    34683227    32735627    33680810    33604053
0000288    34264694    34752155    36235717    36741724
0000304    36953116    38893700    38639474    38426593
0000320    38148974    37967133    37566732    37869179
0000336    37777322    39954557    38660613    37509615
0000352    37368034    40544291    37028700    37336754
0000368    36836487    37172956    37578822    37494117
0000384    37036243    35754632    39515490    36072675
0000400    38387818    36908930    36740888    36354452
0000416    36269769    37967614    42886099    42874831
0000432    42086523    42526501    42546606    42139239
0000448    43824473    42775355    42080927    42021187
0000464    42814843    45905876    43684729    43272991
0000480    43172067    46026139    42136665    44764983
0000496    43044371    42951787    43644146    42665169
0000512    45771861    42147206    45298663    41923796
0000528    42854641    42980757    43441275    42167637
0000544    42019052    42063351
0000552
