0000000        9113     3008031        9549           0
0000016           0           0           0           0
0000032           0           0           1           2
0000048           1           1           2           1
0000064           2           1           1           0
0000080           4           1           3           1
0000096           0           2           1           2
0000112           0           3           2           2
0000128           4           0           1           2
0000144           1           1           1           3
0000160           2           3           1           0
0000176           2           1           0           1
0000192           2           2           0           2
0000208           5           1           1           1
0000224           0           2           1           2
0000240           0           0           2           0
0000256           0           3           2           0
0000272           2           2           2           1
0000288           0           2           1           1
0000304           1           1           0           0
0000320           1           4           1           2
0000336           0           3           0           3
0000352           1           3           0           0
0000368           0           1           3           2
0000384           0           0           1           2
0000400           0           4           0           3
0000416           0           0           1           0
0000432           2           0           1           0
0000448           1           1           2           2
0000464           0           1           2           0
0000480           2           3           0           1
0000496           1           1           1           1
0000512           2           3           3           0
0000528           0           1           1           1
0000544           2           1
0000552
