0000000        5372     3027343        9559           0
0000016           0           0           0           0
0000032           0           0           3           1
0000048           1           3           3           2
0000064           1           2           1           2
0000080           3           0           2           0
0000096           1           2           2           3
0000112           1           1           0           2
0000128           2           1           0           2
0000144           0           1           2           1
0000160           1           1           0           2
0000176           0           2           2           1
0000192           3           1           1           1
0000208           0           0           1           1
0000224           2           2           2           4
0000240           2           4           0           2
0000256           1           2           2           0
0000272           1           3           3           1
0000288           2           0           1           2
0000304           1           1           0           0
0000320           2           0           0           0
0000336           2           1           0           0
0000352           0           2           0           0
0000368           1           1           0           1
0000384           0           2           2           0
0000400           2           2           2           2
0000416           1           0           4           0
0000432           2           0           2           0
0000448           1           3           2           2
0000464           2           1           1           0
0000480           0           1           1           0
0000496           2           3           2           3
0000512           1           0           1           1
0000528           1           1           0           1
0000544           0           2
0000552
