0000000        5774     1983485        9554           0
0000016           0           0           0           0
0000032           0           0           9          26
0000048          30          17          25          16
0000064           9          10          14           5
0000080          12          14           0          15
0000096          13           9          38          11
0000112           7           7          30           8
0000128          22          11           6           5
0000144           8           4           7           8
0000160          10           7           2         100
0000176         102           5           5          16
0000192          14          44          37         107
0000208          15          43          37          27
0000224          45          24          15           8
0000240          15          20          22          14
0000256          14          36          19          47
0000272         114          82          30          17
0000288           6          39          23           3
0000304           1          11          22           6
0000320           4           4           5          11
0000336           9           4           5           2
0000352           4           5          15           7
0000368           5          11           5           8
0000384           8          18           5          10
0000400           9           7           5          10
0000416           2           4           5           3
0000432           9           2           2          11
0000448           5           9           4           4
0000464           7           7           3          13
0000480           3          11           1           3
0000496           9           2           3           2
0000512           9           7           6           5
0000528           7           4           4           2
0000544           3           5
0000552
