0000000        6946     2988700        9561           0
0000016           0           0           0           0
0000032           0           0           0           1
0000048           2           2           0           0
0000064           2           1           3           0
0000080           1           0           1           1
0000096           2           0           0           1
0000112           0           1           0           2
0000128           3           1           1           0
0000144           1           1           1           0
0000160           4           0           1           2
0000176           1           3           1           1
0000192           1           1           4           0
0000208           1           1           0           0
0000224           4           0           3           3
0000240           2           0           1           3
0000256           1           1           1           1
0000272           0           2           0           1
0000288           0           0           0           1
0000304           1           0           0           2
0000320           1           3           2           1
0000336           0           0           0           2
0000352           0           0           2           1
0000368           2           0           0           1
0000384           0           2           0           0
0000400           0           3           1           1
0000416           0           0           1           1
0000432           2           0           1           1
0000448           0           3           2           1
0000464           0           2           1           1
0000480           0           0           1           0
0000496           1           0           1           0
0000512           1           2           0           3
0000528           0           1           2           0
0000544           3           1
0000552
