0000000       22907     3201255        9559           0
0000016           0           0           0           0
0000032           0           0           1           0
0000048           1           1           1           0
0000064           0           1           1           1
0000080           2           0           1           1
0000096           2           3           0           2
0000112           1           1           2           0
0000128           2           1           1           0
0000144           2           1           1           1
0000160           1           0           0           2
0000176           0           2           1           2
0000192           1           0           0           2
0000208           0           0           5           0
0000224           3           2           2           2
0000240           0           0           0           4
0000256           2           1           3           3
0000272           1           2           0           2
0000288           2           2           0           0
0000304           0           1           2           0
0000320           0           0           0           0
0000336           0           0           2           0
0000352           0           0           2           0
0000368           0           0           2           0
0000384           0           0           0           0
0000400           1           0           0           0
0000416           0           0           0           0
0000432           0           0           1           1
0000448           0           0           1           2
0000464           1           1           0           0
0000480           1           1           1           0
0000496           1           0           1           1
0000512           0           0           0           0
0000528           3           2           0           0
0000544           0           2
0000552
