0000000       62854     3162571        9557           0
0000016           0           0           0           0
0000032           0           0           1           0
0000048           1           1           1           0
0000064           0           1           0           0
0000080           0           1           0           0
0000096           0           1           1           2
0000112           1           1           0           1
0000128           4           0           1           0
0000144           1           1           1           0
0000160           1           1           0           3
0000176           1           0           0           1
0000192           0           0           1           2
0000208           1           2           4           2
0000224           2           1           0           0
0000240           0           0           2           0
0000256           1           0           1           5
0000272           1           1           0           0
0000288           2           2           0           0
0000304           0           3           1           0
0000320           1           0           1           2
0000336           0           0           0           0
0000352           1           0           2           0
0000368           1           0           2           1
0000384           1           1           0           3
0000400           1           1           0           1
0000416           0           0           0           0
0000432           0           0           0           2
0000448           0           1           0           0
0000464           1           0           1           0
0000480           0           0           0           1
0000496           0           0           1           0
0000512           1           0           1           0
0000528           0           0           1           0
0000544           1           2
0000552
