0000000       65253     2814573        9560           0
0000016           0           0           0           0
0000032           0           0           5           6
0000048           3           1           8           5
0000064           1           0           3           3
0000080           1           3           2           3
0000096           4           1           5           2
0000112           4           1           4           1
0000128           4           6           3           2
0000144           3           0           0           2
0000160           3           3           3           1
0000176           4           1           0           1
0000192           3           3           5           5
0000208           1           1           2           3
0000224           2           5           0           4
0000240           1           4           3           5
0000256           4           6           5           4
0000272           4           1           2           4
0000288           1           2           0           0
0000304           3           5           0           1
0000320           2           1           0           2
0000336           2           0           2           0
0000352           0           2           2           2
0000368           0           3           0           0
0000384           2           2           1           4
0000400           3           2           3           1
0000416           2           4           3           1
0000432           2           2           2           0
0000448           3           0           1           0
0000464           1           3           1           1
0000480           2           3           2           1
0000496           1           3           3           0
0000512           3           0           1           0
0000528           0           1           1           0
0000544           5           0
0000552
