0000000       23530     2157253        9557           0
0000016           0           0           0           0
0000032           0           0    92171484    92174802
0000048    92155466    92143272    92145943    92141102
0000064    92147388    92140622    92147781    92145915
0000080    92138681    92114466    92171817    92159770
0000096    92177369    92135530    92140135    92179116
0000112    92153185    92147581    92110696    92138268
0000128    92080091    92131905    92097842    92129846
0000144    92090296    92136878    92085183    92128487
0000160    92128313    92125429    92137497    92136357
0000176    92137529    92120922    92130374    92111665
0000192    92126527    92111639    92132317    92108800
0000208    92128193    92112336    92125636    92130829
0000224    92129209    92113285    92126527    92123711
0000240    92122210    92122136    92106681    92121681
0000256    92105513    92117858    92103149    92117616
0000272    92087394    92115815    92103785    92118317
0000288    92118962    92118731    92843593    92838015
0000304    92835593    92831657    92835822    92832180
0000320    92835845    92834468    92837054    92836473
0000336    92834295    92838671    92840966    92838170
0000352    92840174    92833051    92836562    92835661
0000368    92838494    92832691    92826679    92832951
0000384    92825441    92833394    92820999    92832479
0000400    92819468    92832623    92825452    92832800
0000416    92832971    92833315    92874680    92862988
0000432    92858631    92834888    92855697    92831905
0000448    92853900    92834982    92851240    92834823
0000464    92854915    92842346    92864551    92861214
0000480    92868586    92839727    92861809    92861003
0000496    92852938    92850534    92828222    92846631
0000512    92823764    92844954    92824936    92842561
0000528    92821626    92835502    92823078    92839176
0000544    92840054    92839374
0000552
