0000000       51593     2006585        9555           0
0000016           0           0           0           0
0000032           0           0         109         151
0000048         129         108         172          92
0000064          52          64         153          94
0000080          76         137          40          96
0000096         131          30         246          70
0000112          68          48         206          79
0000128         150          67          22          42
0000144          63          41          62          55
0000160          35          42          19         418
0000176         408         107         101         183
0000192         131         243         243         440
0000208         167         258         279         174
0000224         256         201          64         149
0000240         185         201         213         137
0000256         127         258         147         265
0000272         475         330         197         145
0000288          42         214         196          34
0000304          22         127         124          55
0000320          36          64          46          54
0000336          45          16          17          14
0000352          24          22          99          70
0000368          34          80          22          53
0000384          33         152         100         113
0000400         120          41          41          90
0000416          22          23          31          24
0000432          41           7          38          95
0000448          11          51          48          22
0000464          29          29           4          46
0000480          14         113          12           7
0000496          39           9          23          22
0000512          43          19          15          35
0000528          56          12           6          25
0000544          64          18
0000552
