0000000       65295     2240413        9559           0
0000016           0           0           0           0
0000032           0           0      315182      339609
0000048      412430      322964      337796      320071
0000064      390612      287603      376352      321092
0000080      299829      474633      327716      346975
0000096      361058      357462      389378      398865
0000112      345193      335269      329631      352353
0000128      376550      360814      425557      302342
0000144      430327      374318      446125      348526
0000160      447664      361769      302292      514639
0000176      374476      315867      330871      416459
0000192      357087      355725      392566      382639
0000208      304370      341378      353417      333307
0000224      319174      392917      301441      324736
0000240      365891      414273      376322      344910
0000256      391311      311540      347771      333911
0000272      443338      328359      321264      299597
0000288      319781      345803      354639      277111
0000304      317265      428312      525574      394548
0000320      370761      384223      370188      306098
0000336      369357      388763      400868      341293
0000352      354501      474971      346884      361833
0000368      317965      356777      344733      402235
0000384      321910      333816      512125      378058
0000400      442264      370082      330135      361678
0000416      315942      362210      519838      493032
0000432      441720      415477      520027      419314
0000448      747886      456308      419133      374523
0000464      469837      808431      550547      498663
0000480      461150      743873      357906      735457
0000496      481660      421664      479349      455383
0000512      789652      432150      591408      438871
0000528      453297      419759      428351      475286
0000544      417044      403751
0000552
