0000000        7528     2601861        9559           0
0000016           0           0           0           0
0000032           0           0          75          80
0000048          90          96         113          74
0000064          89          75          95          80
0000080          63         124          70          82
0000096         105          70         126          75
0000112          78          47         107          78
0000128         110          81          57          64
0000144          71          72          94          79
0000160          71          75          59         235
0000176         128          56          66         106
0000192          73          97         111         141
0000208          77          90         111          68
0000224          88          83          63          67
0000240          88         102          88          78
0000256          83         120          95         105
0000272         185         103         100          55
0000288          27          98          70          33
0000304          30          57          61          36
0000320          50          37          39          31
0000336          45          30          29          27
0000352          40          46          45          45
0000368          43          51          35          61
0000384          42          76          57          58
0000400          60          44          40          35
0000416          20          24          30          40
0000432          50          29          59          66
0000448          43          47          53          32
0000464          30          46          21          59
0000480          26          80          29          30
0000496          56          34          38          39
0000512          82          56          44          56
0000528          48          40          19          60
0000544          80          39
0000552
