0000000       42037     3181929        9559           0
0000016           0           0           0           0
0000032           0           0           2           0
0000048           2           1           2           1
0000064           1           1           2           0
0000080           1           3           0           1
0000096           2           0           1           0
0000112           0           2           1           0
0000128           1           3           1           0
0000144           1           0           1           0
0000160           2           0           0           3
0000176           0           1           1           1
0000192           1           2           2           0
0000208           0           1           3           1
0000224           2           0           1           2
0000240           1           1           2           0
0000256           3           1           0           2
0000272           2           1           0           0
0000288           0           0           0           0
0000304           1           0           1           0
0000320           0           0           0           0
0000336           0           0           1           0
0000352           0           0           1           0
0000368           0           1           0           0
0000384           1           0           1           1
0000400           0           2           0           0
0000416           0           0           0           0
0000432           1           0           1           2
0000448           3           1           3           1
0000464           1           1           0           1
0000480           0           2           1           1
0000496           2           0           0           1
0000512           0           0           2           0
0000528           0           1           0           0
0000544           1           0
0000552
