0000000       15071     1884939        9559           0
0000016           0           0           0           0
0000032           0           0           0           1
0000048           4           0           4           3
0000064           1           0           1           1
0000080           2           2           0           0
0000096           2           3           1           1
0000112           3           0           1           3
0000128           0           1           0           2
0000144           3           2           1           1
0000160           2           1           1           0
0000176           1           0           2           0
0000192           2           3           1           1
0000208           1           2           3           1
0000224           2           3           0           2
0000240           1           1           2           2
0000256           1           0           0           2
0000272           1           1           0           1
0000288           0           0           0           0
0000304           2           0           1           1
0000320           1           0           0           1
0000336           0           2           0           0
0000352           0           1           1           2
0000368           1           2           1           0
0000384           2           0           0           2
0000400           1           1           3           1
0000416           2           1           1           0
0000432           0           1           0           0
0000448           0           0           0           0
0000464           0           0           2           2
0000480           1           1           1           0
0000496           0           0           0           0
0000512           1           1           1           1
0000528           1           0           0           1
0000544           1           0
0000552
