0000000       35600     2447186        9559           0
0000016           0           0           0           0
0000032           0           0        3918        4126
0000048        4492        4162        4590        3846
0000064        3986        3166        4723        3974
0000080        3874        5347        3403        4246
0000096        4636        3746        5477        3658
0000112        4293        3580        4606        3838
0000128        4628        3912        3789        3412
0000144        4015        3651        4204        4208
0000160        3904        4306        3283        7170
0000176        5520        3516        3806        5048
0000192        4214        4815        4818        5961
0000208        3936        4100        5017        3917
0000224        4114        4054        3314        3900
0000240        4854        5311        4541        3959
0000256        4475        4526        4332        4929
0000272        6854        4653        4237        3488
0000288        2808        4479        3890        2242
0000304        2354        3755        4073        2963
0000320        3083        3010        2792        2609
0000336        2989        2484        3109        2339
0000352        2747        2671        3858        2956
0000368        2742        3630        2877        3649
0000384        3061        3601        4016        3804
0000400        3770        3196        2777        3162
0000416        2126        2431        3019        2605
0000432        3212        2540        3278        3498
0000448        2874        2903        3469        2518
0000464        2379        3004        1961        3543
0000480        2661        4313        1806        2108
0000496        3684        2421        2509        2804
0000512        4426        3362        3292        3408
0000528        3617        2635        2382        3179
0000544        3592        2658
0000552
