0000000       49855     2853231        9557           0
0000016           0           0           0           0
0000032           0           0           4           4
0000048           2           1           6           2
0000064           2           2           1           1
0000080           0           2           2           4
0000096           4           3           5           3
0000112           0           1           6           0
0000128           3           2           0           1
0000144           4           0           1           0
0000160           0           0           0           3
0000176           4           2           2           3
0000192           0           4           3           2
0000208           3           5           1           1
0000224           0           1           0           2
0000240           0           0           2           3
0000256           1           1           2           5
0000272           4           4           3           3
0000288           1           1           1           0
0000304           5           3           2           0
0000320           1           0           3           1
0000336           0           2           4           3
0000352           1           1           0           1
0000368           0           0           0           1
0000384           0           2           2           1
0000400           2           2           1           0
0000416           1           0           2           3
0000432           1           0           0           4
0000448           3           1           4           1
0000464           1           2           0           4
0000480           0           1           1           1
0000496           0           0           1           0
0000512           0           0           1           0
0000528           0           1           1           0
0000544           0           0
0000552
