0000000       21852     2110900        9565           0
0000016           0           0           0           0
0000032           0           0    87497767    87619109
0000048    87463955    87082912    87392751    87076563
0000064    87235999    87077417    87211958    87078235
0000080    87171319    87068750    87209886    87210946
0000096    87221160    87083404    87201742    87193545
0000112    87203913    87202135    87060437    87167786
0000128    87048738    87158714    87063942    87199794
0000144    87057186    87195820    87052916    87214667
0000160    87251104    87271679    87168075    87154759
0000176    87157827    87084457    87139400    87078958
0000192    87124638    87079137    87121535    87075808
0000208    87117111    87080344    87115053    87127252
0000224    87114486    87082156    87114200    87104745
0000240    87105764    87102789    87077715    87104354
0000256    87077753    87098786    87073350    87102141
0000272    87054210    87097783    87072083    87101653
0000288    87111956    87112220    87144289    87125755
0000304    87112556    87084208    87114843    87084001
0000320    87112167    87084399    87109713    87087785
0000336    87105407    87090929    87122432    87112545
0000352    87117972    87091565    87114395    87106350
0000368    87116332    87103095    87084016    87103738
0000384    87083570    87106772    87080697    87105456
0000400    87079070    87105149    87081003    87109451
0000416    87109928    87116517    87475061    87335875
0000432    87277626    87109175    87227783    87103878
0000448    87200321    87102141    87179313    87103070
0000464    87190860    87133463    87205589    87191152
0000480    87200494    87136929    87185968    87191016
0000496    87163059    87157230    87097650    87148138
0000512    87097205    87136976    87096801    87137196
0000528    87087939    87131762    87089636    87136784
0000544    87148409    87154058
0000552
