0000000       33290     2089639        9559           0
0000016           0           0           0           0
0000032           0           0    69365355    69373808
0000048    69300974    69121510    69302146    69180261
0000064    69204509    69178271    69247112    69162031
0000080    69218040    69058440    69239581    69276861
0000096    69314120    69104715    69249418    69221779
0000112    69253622    69252146    69142486    69200665
0000128    69000672    69164001    68938236    69248466
0000144    68987052    69153394    68969594    69220985
0000160    69169267    69245867    82128975    82119983
0000176    82143525    81992289    82113514    81930609
0000192    82068530    81957995    82072843    81967971
0000208    82072978    81956415    82074723    82105162
0000224    82089942    81968930    82071267    82055753
0000240    82050504    82042208    81941220    82040202
0000256    81921749    82020781    81895035    82023252
0000272    81902003    82013481    81934955    82035483
0000288    82050873    82052710    81984861    81954950
0000304    81925038    81834929    81892162    81827006
0000320    81893013    81847009    81882269    81856901
0000336    81876875    81838199    81912851    81906127
0000352    81915293    81827121    81912308    81889817
0000368    81917677    81873802    81819718    81868933
0000384    81821783    81878065    81778930    81876407
0000400    81782029    81856139    81830718    81897683
0000416    81913743    81893115    80779995    80718814
0000432    80684341    80510238    80647361    80514298
0000448    80693738    80523560    80631788    80535052
0000464    80641392    80582070    80733199    80720609
0000480    80742487    80581867    80664687    80701668
0000496    80681138    80632923    80511394    80618775
0000512    80480528    80598999    80489691    80583493
0000528    80474027    80544918    80469811    80604170
0000544    80576717    80598152
0000552
