0000000       16363     2756603        9560           0
0000016           0           0           0           0
0000032           0           0           3           5
0000048           4           5           5           2
0000064           7           1           5           5
0000080           0           5           0           1
0000096           4           3           3           5
0000112           0           3           4           2
0000128           5           0           1           2
0000144           3           1           4           2
0000160           6           2           2          20
0000176           9           3           5           4
0000192           5           7           5           9
0000208           1           9           5           2
0000224           2           4           1           1
0000240           4           2           3           5
0000256           6           5           0           7
0000272          10           2           3           2
0000288           1           0           3           1
0000304           0           3           3           1
0000320           3           1           1           3
0000336           3           3           2           2
0000352           2           2           2           2
0000368           1           1           2           4
0000384           2           0           2           2
0000400           3           1           3           1
0000416           0           4           0           0
0000432           2           1           1           1
0000448           2           3           2           1
0000464           1           0           2           3
0000480           2           2           0           0
0000496           3           1           0           0
0000512           1           2           1           4
0000528           2           2           2           0
0000544           2           4
0000552
