0000000           3           0           1           5
0000016           6           5           3           1
0000032           1           3           0           6
0000048           5           3           2           3
0000064           3           0           0           1
0000080           2           2           0           1
0000096           0           5           3           2
0000112           2           0           0           2
0000128       49204    12776539        1922           0
0000144           0           0           0           0
0000160           0           0          15           8
0000176          88          11          41          23
0000192          10          40          10          13
0000208          35          10          13          16
0000224          10          27          26          11
0000240          33          31           9          48
0000256          17           9          13          16
0000272          38          16          17          26
0000288           7           4           2           6
0000304           6           5           9           3
0000320           5           4           1          12
0000336           1           9           7          19
0000352          45          18           3           2
0000368           1           5           1           3
0000384           8          10           2          12
0000400           1           5          17           5
0000416          46          25          79           8
0000432          27          10          41          67
0000448           7          16          43          62
0000464          12          38          34           7
0000480          22           4          37          15
0000496          32          15           8          46
0000512          33          37          36          19
0000528          17          43          23          15
0000544          42          38
0000552
