0000000       60615    13851842        1930           0
0000016           0           0           0           0
0000032           0           0           0           0
0000048           2           2           1           0
0000064           0           0           0           0
0000080           1           0           0           0
0000096           0           3           0           0
0000112           0           1           0           1
0000128           0           0           1           0
0000144           0           2           1           0
0000160           0           2           0           0
0000176           0           1           0           0
0000192           1           0           0           0
0000208           1           0           0           0
0000224           0           0           0           0
0000240           0           0           0           0
0000256           0           0           0           1
0000272           1           0           0           0
0000288           0           0           1           0
0000304           0           0           0           0
0000320           0           0           1           0
0000336           1           1           0           0
0000352           0           0           0           1
0000368           1           1           0           1
0000384           0           0           0           1
0000400           0           1           1           0
0000416           0           1           0           0
0000432           1           0           0           1
0000448           0           0           0           2
0000464           0           0           1           2
0000480           0           1           0           0
0000496           0           3           1           1
0000512           1           0           0           0
0000528           0           0           2           0
0000544           0           3
0000552
