0000000        3063        3321        2792        4687
0000016        5772        4101        3497        2560
0000032        4681        3390        2596       10219
0000048        4170        3204        2827        4029
0000064        3660        3379        2274        3930
0000080        3210        3514        3117        3012
0000096        2521        3370        3435        4182
0000112        3683        3031        2617        4285
0000128       34566    13281992        1917           0
0000144           0           0           0           0
0000160           0           0        1920        1503
0000176        3328        1855        2402        1540
0000192        1629        1862        1908        1476
0000208        2222        2241        1932        2259
0000224        1883        2800        1630        1571
0000240        2255        2100        1563        2357
0000256        1857        1509        1753        2410
0000272        2017        2394        1551        1996
0000288        1648        1650        1571        2504
0000304        1816        1984        3315        1229
0000320        1807        1780        1442        1587
0000336        1797        1599        1596        2062
0000352        2560        2422        1782        1787
0000368        1318        1566        1745        1551
0000384        1755        1986        1462        1531
0000400        1060        1519        2322        2093
0000416        2748        2969        2175        1383
0000432        1701        1375        1938        2105
0000448        1490        1431        1936        1766
0000464        1410        1534        1798        1206
0000480        1804        1039        1531        1831
0000496        1655        1643        1208        1918
0000512        1661        1379        1767        1202
0000528        1913        1800        1484        1341
0000544        1771        1475
0000552
