0000000        1120        1197         856        1536
0000016        1871        1567        1158         327
0000032        1530        1297         742        1984
0000048        1453        1137         826        1427
0000064        1228        1296         339        1336
0000080        1044         652        1017        1068
0000096         390        1193        1294        1621
0000112        1366         891         486        1578
0000128       18465    13381108        1976           0
0000144           0           0           0           0
0000160           0           0         186          84
0000176        1666         136         643         108
0000192          71         313         531          44
0000208         644         666         266         344
0000224         184        1165         264         195
0000240         443         780          61         600
0000256         479          61         295         325
0000272         548         602         185         505
0000288         198          93          38         713
0000304          76         169         329          47
0000320          93          55          47          95
0000336          91         116          85         334
0000352         998         666         103         105
0000368          14          75          42          28
0000384          65         234          27          94
0000400          16          60         429         432
0000416        1077        1066         819          67
0000432          99          53         442         381
0000448          94          74         469         194
0000464          57         111         241          19
0000480         149          22          37         161
0000496          92          54          26         290
0000512         131          41         298          23
0000528         110         206          49          38
0000544         274          69
0000552
