0000000           0           2           0           4
0000016          13           8           0           0
0000032           7           5           0          27
0000048           8           1           0           2
0000064           3           4           0           3
0000080           1           0           0           1
0000096           2           0           0           2
0000112           3           0           0           3
0000128  -286331154  -286331154  -286331154  -286331154
0000144  -286331154  -286331154  -286331154  -286331154
0000160  -286331154  -286331154  -286331154  -286331154
0000176  -286331154  -286331154  -286331154  -286331154
0000192  -286331154  -286331154  -286331154  -286331154
0000208  -286331154  -286331154  -286331154  -286331154
0000224  -286331154  -286331154  -286331154  -286331154
0000240  -286331154  -286331154  -286331154  -286331154
0000256  -286331154  -286331154  -286331154  -286331154
0000272  -286331154  -286331154  -286331154  -286331154
0000288  -286331154  -286331154  -286331154  -286331154
0000304  -286331154  -286331154  -286331154  -286331154
0000320  -286331154  -286331154  -286331154  -286331154
0000336  -286331154  -286331154  -286331154  -286331154
0000352  -286331154  -286331154  -286331154  -286331154
0000368  -286331154  -286331154  -286331154  -286331154
0000384  -286331154  -286331154  -286331154  -286331154
0000400  -286331154  -286331154  -286331154  -286331154
0000416  -286331154  -286331154  -286331154  -286331154
0000432  -286331154  -286331154  -286331154  -286331154
0000448  -286331154  -286331154  -286331154  -286331154
0000464  -286331154  -286331154  -286331154  -286331154
0000480  -286331154  -286331154  -286331154  -286331154
0000496  -286331154  -286331154  -286331154  -286331154
0000512  -286331154  -286331154  -286331154  -286331154
0000528  -286331154  -286331154  -286331154  -286331154
0000544  -286331154  -286331154
0000552
