0000000    17818639    17812143    17810485    17804170
0000016    17809298    17803832    17807397    17803945
0000032    17806636    17804020    17805914    17803877
0000048    17807386    17806719    17806459    17804227
0000064    17806735    17806013    17805438    17805387
0000080    17803569    17805874    17803450    17805406
0000096    17803467    17805528    17803108    17805131
0000112    17803299    17806398    17805948    17807466
0000128       63263    12846863        1919           0
0000144           0           0           0           0
0000160           0           0    18270065    18268836
0000176    18267806    18265969    18270630    18264212
0000192    18272060    18263617    18276604    18265853
0000208    18273663    18260726    18278654    18283491
0000224    18289915    18258858    18285474    18279548
0000240    18282130    18275903    18263424    18279650
0000256    18259805    18271352    18261547    18272169
0000272    18258859    18271095    18260796    18272873
0000288    18277774    18273005    18279424    18282991
0000304    18278488    18264406    18276803    18263988
0000320    18271816    18264109    18272021    18264387
0000336    18271883    18264449    18271833    18274529
0000352    18271229    18265056    18269433    18270521
0000368    18269254    18269604    18263539    18269259
0000384    18263421    18269184    18263413    18270777
0000400    18263159    18268279    18262824    18268440
0000416    18272082    18272746    18264725    18263991
0000432    18263856    18262444    18263632    18261902
0000448    18263104    18262423    18263142    18262240
0000464    18263168    18262363    18263432    18263083
0000480    18263247    18262412    18263283    18262971
0000496    18263308    18263155    18262368    18263297
0000512    18262092    18263253    18262089    18263330
0000528    18261916    18263704    18262255    18263676
0000544    18263998    18264690
0000552
