0000000          11          20          19          29
0000016          35          34          19          10
0000032          32          29          17          39
0000048          26          15          19          26
0000064          20          25           7          23
0000080          17          15          19          19
0000096          14          29          16          29
0000112          21          14          16          27
0000128       17848    13465200        1926           0
0000144           0           0           0           0
0000160           0           0           8          10
0000176          30           8          23           7
0000192          11          20          21           3
0000208          23          16          15          23
0000224          15          28          14          10
0000240          25          19          11          26
0000256          18           5          12          20
0000272          26          22          15          17
0000288           8          11           0          20
0000304           6          10          19           2
0000320           5           0           6           7
0000336           4           9           6           9
0000352          28          21           7           8
0000368           2           6           3           2
0000384           2          10           0           5
0000400           1           3          15           9
0000416          30          26          23           6
0000432          10           4          28          20
0000448           9           7          18          14
0000464           5          12          19           1
0000480          14           1           3          13
0000496           8           7           1          13
0000512          14           3          23           3
0000528           5          10          10           1
0000544          10          10
0000552
