0000000       59349    14043010        1920           0
0000016           0           0           0           0
0000032           0           0           0           0
0000048           0           0           0           0
0000064           1           1           1           0
0000080           0           0           0           0
0000096           0           0           0           0
0000112           0           0           0           1
0000128           0           0           0           0
0000144           0           0           0           0
0000160           0           0           0           0
0000176           0           0           0           0
0000192           0           0           0           0
0000208           1           0           0           0
0000224           1           0           0           0
0000240           0           0           0           0
0000256           1           0           0           0
0000272           0           0           0           0
0000288           0           0           1           0
0000304           0           0           0           0
0000320           0           0           0           0
0000336           0           1           0           0
0000352           0           0           0           0
0000368           0           0           0           2
0000384           0           0           0           0
0000400           1           0           0           0
0000416           1           0           0           0
0000432           0           0           1           0
0000448           0           0           0           1
0000464           0           1           0           1
0000480           1           1           0           0
0000496           0           0           0           0
0000512           0           0           0           0
0000528           0           0           0           0
0000544           0           0
0000552
