0000000      131373      143084      133457      141399
0000016      175224      142403      146277      133521
0000032      146922      135312      124369      149237
0000048      149378      135868      129668      145313
0000064      156830      143041      124791      150608
0000080      145014      174166      127430      132496
0000096      126531      138993      139544      164295
0000112      135892      135938      130049      149745
0000128       20395    13003648        1923           0
0000144           0           0           0           0
0000160           0           0       52533       81903
0000176      168435      102001      148516       84854
0000192       83740      110827      122371       52175
0000208      135215      135900      117946      129293
0000224      111986      151883      103113       95580
0000240      133748      124799       79595      139112
0000256      118854       64784      104036      139300
0000272      121603      138902       97190      124177
0000288      108293       85245      117044      147216
0000304      107066      124928      154012       74166
0000320      112839       86314       97892      105942
0000336      109546      105938      102750      133554
0000352      145437      148276      102923      119406
0000368       45385       96952       87513       60556
0000384      102092      124408       75437      104063
0000400       48319      101769      144911      130786
0000416      157528      163727      122555       76731
0000432       88719       54783      118746      120524
0000448       79867       76449      113507       91189
0000464       72312       79848       96774       23068
0000480       92250       20100       56885       99470
0000496       82387       77467       32631      105889
0000512       85210       52309      103764       23117
0000528       97450       98110       55578       42742
0000544      100491       67502
0000552
