0000000         156         112          57         626
0000016         703         470          91          31
0000032         506         239          41        1446
0000048         476         135          58         314
0000064         141         174          27         268
0000080          61          46         139         121
0000096          29         153         186         220
0000112         303          63          34         389
0000128       51607    13408436        1948           0
0000144           0           0           0           0
0000160           0           0          22          15
0000176         186          36          37          24
0000192          20          33          24          16
0000208          48          38          38          26
0000224          28          63          25          29
0000240          43          43          27          49
0000256          29          25          40          42
0000272          40          48          26          36
0000288          27          33          14          45
0000304          32          24          38          10
0000320          26          27          15          20
0000336          21          27          15          29
0000352          46          42          25          21
0000368          12          21          28          12
0000384          27          22          15          25
0000400          14          21          41          31
0000416          62          36          54          17
0000432          30          21          35          47
0000448          15          17          47          35
0000464          12          22          29          14
0000480          28          22          29          26
0000496          23          26          13          34
0000512          34          18          32          14
0000528          35          26          24          12
0000544          32          21
0000552
