0000000         112          59          88         167
0000016         215         241          69          96
0000032         141         101          69         299
0000048         137          99          79         102
0000064         126          95          53          98
0000080         140          70          84         126
0000096          52          96         125         128
0000112         117          74          43         133
0000128       25483    12800071        1922           0
0000144           0           0           0           0
0000160           0           0        1997        1048
0000176        4071         817        2316        1944
0000192         863        2274         731        1511
0000208        2170        1309         835        1365
0000224         902        1390        1990         936
0000240        2770        2143        1217        3470
0000256        1330         926        1438        1406
0000272        2761        1508        1713        2180
0000288         897         870         233         827
0000304         784         634         762         477
0000320         363         527         342         674
0000336         341        1211         748        1115
0000352        3079        1371         679         346
0000368         286         950         439         266
0000384         510         734         338         596
0000400         430         427        1169         419
0000416        2210        1542        4856        1714
0000432        2475        1767        3109        6042
0000448        1458        2450        3072        4456
0000464        2156        3425        3564        1628
0000480        3510        1094        2795        1747
0000496        2906        2091        2229        3577
0000512        4080        3816        2803        3218
0000528        2242        4162        3197        2650
0000544        3328        3327
0000552
