0000000        1277         628         624        1248
0000016        2106        2095         512         996
0000032         841        1215         477        2226
0000048        1245         774         584         683
0000064         901         622         384         735
0000080        1492         805         651        1173
0000096         327         833         888         834
0000112         809         652         439         855
0000128       11853    12811782        1919           0
0000144           0           0           0           0
0000160           0           0       12978        9256
0000176       16111        9022       13783       12185
0000192        8853       13112        7095       12660
0000208       12906        9709        9075       10882
0000224        9382       10347       11482        8086
0000240       16381       11017        9960       17439
0000256        9066        9756       10428       12304
0000272       13913       11593       11293       13378
0000288        8958        8873        3919        8594
0000304        8462        7326        8997        5688
0000320        5477        7357        5363        7524
0000336        5352        9399        7561        9164
0000352       14132        9737        7923        5463
0000368        5072        8557        6436        4531
0000384        6492        7901        5219        6775
0000400        5663        5710        9490        5523
0000416       12536       10473       20668       12176
0000432       15320       13851       15974       29105
0000448       10637       15560       16392       29308
0000464       14226       22783       21341       16819
0000480       21679       11580       21456       12165
0000496       18548       15283       20731       21379
0000512       28830       36895       16690       42303
0000528       14623       28743       28962       24528
0000544       21921       25820
0000552
