0000000    17372125    17363627    17361986    17354372
0000016    17362002    17354472    17358555    17355000
0000032    17357511    17354425    17357333    17354206
0000048    17359278    17358730    17358725    17354672
0000064    17359073    17357804    17357054    17356953
0000080    17355156    17357713    17353263    17356974
0000096    17353502    17356476    17352784    17355945
0000112    17353294    17357442    17356945    17358982
0000128       24015    12835173        1917           0
0000144           0           0           0           0
0000160           0           0    17826823    17818802
0000176    17815276    17802639    17811993    17802307
0000192    17809721    17801043    17808860    17803625
0000208    17807971    17799942    17809375    17809135
0000224    17812237    17797255    17812968    17808675
0000240    17809309    17807349    17802644    17807919
0000256    17797887    17805701    17800415    17806012
0000272    17797375    17804515    17799865    17806350
0000288    17809074    17808972    17808520    17814485
0000304    17811595    17803839    17810367    17803608
0000320    17807286    17803722    17807012    17803847
0000336    17807529    17803975    17807259    17808080
0000352    17807254    17804063    17806370    17806904
0000368    17806216    17806565    17803588    17806366
0000384    17803558    17806111    17803589    17807168
0000400    17803336    17805782    17803081    17806204
0000416    17809438    17810189    17806654    17805721
0000432    17805578    17803199    17805304    17802711
0000448    17804848    17803251    17804755    17803314
0000464    17805073    17803396    17805516    17804788
0000480    17804955    17803613    17805162    17804838
0000496    17804850    17804774    17803235    17805097
0000512    17803093    17804862    17803206    17804812
0000528    17802820    17805519    17802975    17805363
0000544    17805522    17806582
0000552
