0000000    18667908    18664901    18661109    18650791
0000016    18657294    18646782    18656367    18645754
0000032    18653018    18648714    18651933    18647864
0000048    18654695    18652572    18652776    18649680
0000064    18651308    18649363    18646934    18646691
0000080    18642255    18644290    18641697    18642791
0000096    18641423    18642540    18639025    18642017
0000112    18639361    18642913    18642352    18643212
0000128       20003    12885855        1923           0
0000144           0           0           0           0
0000160           0           0    10244218    10174790
0000176    10259467    10063574    10227232    10021568
0000192    10164811     9965387    10397476     9968876
0000208    10181775    10298125    10342522    10287624
0000224    10387664    10401416    10289537    10287180
0000240    10212079    10269786    10156505    10087532
0000256    10215833    10113915    10211119    10249318
0000272    10056925    10179284    10075207    10115176
0000288    10345665    10229198    10989222    10940190
0000304    10819080    10833672    10955686    10807612
0000320    10961568    10805552    10965973    10871600
0000336    11063830    10756750    10836462    10934946
0000352    10775388    11052339    10837766    11114693
0000368    10909672    10726455    10825257    10953447
0000384    10865593    10876707    10857531    10873513
0000400    10688970    10900636    10814330    11150150
0000416    10812174    11029971     9382592     9582081
0000432     9336711     9536322     9423278     9383264
0000448     9647949     9670091     9507405     9487459
0000464     9711305     9651627     9605771     9386284
0000480     9503717     9994548     9420041     9835382
0000496     9448444     9645267     9590962     9470832
0000512     9458565     9164748     9853384     9114555
0000528     9715351     9316332     9279104     9329606
0000544     9464738     9275696
0000552
