0000000          37          39          36          94
0000016         168          77          32          23
0000032          70          49          13         530
0000048          79          38          27          52
0000064          43          38          20          63
0000080          27          14          40          32
0000096          14          38          51          56
0000112          35          29          13          74
0000128       64086    13425923        1921           0
0000144           0           0           0           0
0000160           0           0          25          23
0000176          57          24          27          26
0000192          22          31          27          14
0000208          21          30          24          27
0000224          26          40          17          25
0000240          34          24          20          27
0000256          18          16          23          35
0000272          26          41          15          28
0000288          21          28          12          47
0000304          25          23          36          11
0000320          16          23          15          27
0000336          15          13          17          22
0000352          43          37          19          18
0000368           5          17          22          16
0000384          23          19          14          19
0000400           9          16          38          24
0000416          49          29          34          19
0000432          18          23          33          31
0000448          16          18          35          33
0000464          17          18          23          11
0000480          20          17          21          27
0000496          22          16           5          32
0000512          34          15          25           7
0000528          28          21          21          16
0000544          28          30
0000552
