0000000          14          13          17          24
0000016          29          19           9           3
0000032          31          21           8          34
0000048          21          12          11          17
0000064          20          13           1          17
0000080          14          10          13          23
0000096           6          16          24          28
0000112          26          11          13          26
0000128       10641    13480939        1945           0
0000144           0           0           0           0
0000160           0           0           5           0
0000176          30           0           6           3
0000192           1           5          16           3
0000208          15          11          12          12
0000224           5          26           8           5
0000240          20          24           3          21
0000256           8           1           5          13
0000272           7          14           7           8
0000288           6           1           1          17
0000304           2           5           9           0
0000320           2           1           2           1
0000336           4           3           3           4
0000352          27          13           1           3
0000368           0           4           0           0
0000384           0          10           0           4
0000400           0           0           3          11
0000416          21          21          35           2
0000432           3           0          23          13
0000448           1           2          20          12
0000464           0           8          13           1
0000480           3           0           1           5
0000496           1           2           1           6
0000512           3           3          11           0
0000528           2           3           0           0
0000544           9           2
0000552
