0000000        2286        2538        2038        3025
0000016        3746        2951        2457        1643
0000032        2995        2466        1852        3720
0000048        2983        2342        2058        2885
0000064        2641        2462        1525        2579
0000080        2271        2329        2282        2130
0000096        1630        2346        2614        3090
0000112        2693        2097        1677        2983
0000128        8994    13307149        1927           0
0000144           0           0           0           0
0000160           0           0        1638        1421
0000176        2421        1777        1997        1352
0000192        1495        1754        1438        1365
0000208        1747        1742        1722        1866
0000224        1582        2172        1386        1366
0000240        1957        1565        1372        2015
0000256        1523        1397        1496        2096
0000272        1622        1969        1380        1772
0000288        1427        1445        1482        1969
0000304        1536        1611        2812        1066
0000320        1558        1574        1287        1378
0000336        1597        1443        1388        1628
0000352        1946        1811        1556        1518
0000368        1160        1393        1710        1397
0000384        1594        1649        1240        1449
0000400         954        1257        1832        1560
0000416        2141        2219        1718        1319
0000432        1554        1308        1791        1913
0000448        1294        1325        1559        1636
0000464        1325        1308        1534        1074
0000480        1597         988        1384        1532
0000496        1478        1493        1148        1649
0000512        1507        1303        1535        1096
0000528        1736        1578        1370        1204
0000544        1492        1377
0000552
