0000000       58968    10176683        9611           0
0000016           0           0           0           0
0000032           0           0       12680       10512
0000048       13102       16504       14646       14911
0000064       13590       14970       10215       13833
0000080       12422       15315       11876       15576
0000096       13719        9851       17950       12999
0000112       11696       12765       11660       10526
0000128       14321       14143       11905       12429
0000144       11878        9632       10598       14174
0000160       11508       18038        4324       14420
0000176       12499       14870       11184       10644
0000192       13853       14827        7342       10173
0000208       13929       16121       12500       14275
0000224       12294       14094        8641       16017
0000240       13918       11162       14540       11178
0000256        9563       14609       15478       11847
0000272       11672       15481       10979       10698
0000288       16307       13814       11852        9726
0000304        9806       13768       11643       11184
0000320       11771        8798       12259       10862
0000336       11843        9451       12889       12015
0000352       10221       12480       14072        7649
0000368       11337       12110        7814        7610
0000384       16046       12319        7710       11695
0000400        9634       10853       14908       10525
0000416       10467       11044        7668       11139
0000432       13797       11776        8722       10983
0000448        9934       11274       10181       11487
0000464       12310       13370       11884       11607
0000480       10245       14437       11234        9166
0000496       13089        8480       11522       20731
0000512       11971        9240        9856       14326
0000528       15581       10357       11679       12955
0000544       12760       15685
0000552
