0000000       29530    10221102        9562           0
0000016           0           0           0           0
0000032           0           0       10234        5704
0000048        7779       13495       12172       13257
0000064       10980       11700        6031       11786
0000080        9799       13614        7290       12974
0000096       12050        5383       14411       10385
0000112        9512       10450        7036        6790
0000128        9053       11988        9945       10384
0000144        8937        4407        5618       11967
0000160        9462       14847         259       13296
0000176       10345       12855        9791        5546
0000192       12149       12929        1208        7467
0000208       11919       13451       10842       10441
0000224        7590       10091        2049       14674
0000240       11190        7599       12415        8042
0000256        5500       11370       13822        8943
0000272        6226       10722        6658        5329
0000288       13622        7952        8013        4937
0000304        3090        9382        6167        5220
0000320        7022        1840        7011        4766
0000336        7687        1845        7599        4910
0000352        3953        9395       10074        1136
0000368        4078        5147         890         817
0000384       13055        3053        1253        6040
0000400        2661        3836       10153        2787
0000416        5194        1802        1196        4724
0000432       11677        2815        3059        3683
0000448        1915        6061        4409        4907
0000464        7013       10140        5881        4468
0000480        3158        2965        3819        1512
0000496        5738         911        5781       14844
0000512        4455        2260        1784       10151
0000528        8722        4636        6574        9880
0000544        7313        6574
0000552
