0000000       37392    10945231        9553           0
0000016           0           0           0           0
0000032           0           0           0           1
0000048           0           0           0           0
0000064           0           0           0           2
0000080           1           0           0           1
0000096           1           1           1           1
0000112           1           1           1           2
0000128           1           1           1           0
0000144           1           1           2           0
0000160           0           0           2           1
0000176           0           2           1           2
0000192           2           2           1           0
0000208           0           2           3           1
0000224           0           0           0           1
0000240           1           2           0           1
0000256           0           1           0           0
0000272           0           0           1           0
0000288           0           1           0           0
0000304           1           1           1           1
0000320           2           0           1           0
0000336           3           0           2           1
0000352           0           0           1           0
0000368           1           0           0           0
0000384           0           1           0           1
0000400           0           3           0           0
0000416           1           0           1           0
0000432           0           0           1           1
0000448           4           1           0           0
0000464           0           0           2           1
0000480           0           0           0           0
0000496           1           1           2           0
0000512           1           0           1           0
0000528           0           2           0           1
0000544           2           3
0000552
