0000000        4947     9562326        9558           0
0000016           0           0           0           0
0000032           0           0       46134       22899
0000048       29284       43462       41672       54962
0000064       27183       44276       22593       42278
0000080       31585       54193       30621       36499
0000096       36665       18997       55757       27608
0000112       31546       31976       21726       23411
0000128       23170       43937       30664       37112
0000144       27406       18589       22406       45416
0000160       38313       38768        5309       49278
0000176       36241       59200       35319       28971
0000192       37530       53325       12545       33144
0000208       46092       52654       38291       30885
0000224       43835       41217       24756       56734
0000240       51241       28359       49247       38993
0000256       22886       49063       46359       37506
0000272       38728       40604       36506       28389
0000288       46469       30410       46117       38730
0000304       34654       49347       37599       51377
0000320       34921       39810       43619       40662
0000336       48048       34548       50149       43501
0000352       45557       38994       56580       29456
0000368       42651       42644       34181       37453
0000384       65624       55896       20246       48265
0000400       39401       49553       55732       35303
0000416       51418       42671       22009       29811
0000432       45444       30454       23789       29476
0000448       18728       36372       32685       27513
0000464       31746       48039       34463       23053
0000480       32298       27591       29985       17342
0000496       38042       17788       35047       57247
0000512       24268       21999       28330       38268
0000528       39297       29218       32747       48906
0000544       36518       45652
0000552
