0000000       49864     9442536        9559           0
0000016           0           0           0           0
0000032           0           0           7           1
0000048           0           5           2          20
0000064           1           2           2           2
0000080           4          19           0           1
0000096           3           0          10           1
0000112           3           3           1           1
0000128           1           5           3           2
0000144           4           0           2           6
0000160           2           7           0          14
0000176           2          18           4           2
0000192           5           6           0           1
0000208           5           6           6           2
0000224           3           3           1          27
0000240           8           4           5           6
0000256           0           4          14           2
0000272           3           3           2           5
0000288           6           3           3           1
0000304           2           6           4           7
0000320           6           2           3           4
0000336           6           2           6           3
0000352           2           3           4           1
0000368           3           5           2           1
0000384          17           1           1           4
0000400           1           3           4           1
0000416           3           4           1           2
0000432           7           0           0           3
0000448           2           1           4           2
0000464           1           4           0           2
0000480           2           1           1           3
0000496           3           1           4           4
0000512           0           2           1           3
0000528           1           0           2           3
0000544           0           5
0000552
