0000000       10010    10157322        9559           0
0000016           0           0           0           0
0000032           0           0       13198       11319
0000048       14028       16827       15253       15372
0000064       14311       15604       10824       14422
0000080       12948       15770       12741       16249
0000096       14378       10370       18402       13517
0000112       12143       13145       12499       10953
0000128       15167       14306       12603       12844
0000144       12440       10498       11047       14877
0000160       12013       18569        7158       15247
0000176       12980       15409       11769       11222
0000192       14454       15039        8655       10835
0000208       14614       16756       13024       15092
0000224       12987       14840        9660       16584
0000240       14746       11973       15338       11706
0000256       10093       14864       16036       12216
0000272       12251       16422       11790       11684
0000288       17113       14507       12717       10324
0000304       10861       14711       12712       11832
0000320       12498        9823       12422       11926
0000336       12616       10832       13507       12801
0000352       10887       13344       14877        8933
0000368       12269       12587        9337        9196
0000384       16935       13636        9052       12621
0000400       10461       11976       15673       11795
0000416       11389       13225        8990       11917
0000432       14355       13448        9341       11794
0000448       11132       12123       10931       12244
0000464       13223       14023       12802       12210
0000480       11342       16427       12462       10501
0000496       13932       10432       12288       21359
0000512       12902       10806       11263       14877
0000528       16601       11118       12262       14064
0000544       13630       17296
0000552
