0000000       26575    10798053        9554           0
0000016           0           0           0           0
0000032           0           0           2           2
0000048           0           1           0           0
0000064           1           1           1           0
0000080           3           3           0           2
0000096           1           1           0           0
0000112           2           0           1           0
0000128           0           0           0           1
0000144           1           0           0           0
0000160           1           0           1           4
0000176           0           3           0           1
0000192           0           3           0           3
0000208           3           0           1           0
0000224           1           2           0           8
0000240           1           0           1           0
0000256           1           0           4           0
0000272           0           0           0           0
0000288           3           0           3           1
0000304           4           2           2           0
0000320           0           1           3           0
0000336           1           0           0           1
0000352           0           0           1           1
0000368           0           1           0           0
0000384           0           1           0           0
0000400           0           0           1           2
0000416           1           1           0           2
0000432           3           1           1           1
0000448           2           2           1           2
0000464           0           2           2           3
0000480           1           0           0           0
0000496           1           1           0           1
0000512           2           3           2           2
0000528           0           1           2           1
0000544           1           0
0000552
