0000000       23931    10095327        9557           0
0000016           0           0           0           0
0000032           0           0       22371       16446
0000048       21954       28281       26068       28035
0000064       23733       25047       17069       24953
0000080       20866       31461       20111       26462
0000096       25583       16003       28971       22474
0000112       20094       21755       19248       16857
0000128       23146       24199       21814       21741
0000144       20265       15484       16310       27659
0000160       20858       30531        9546       40496
0000176       22692       26915       22257       17690
0000192       29331       28379       12454       18515
0000208       26370       28784       23967       25156
0000224       19682       23421       13792       44529
0000240       24072       18749       27184       19084
0000256       15639       25132       36167       20302
0000272       18395       25392       17764       16919
0000288       27912       22169       19658       15330
0000304       15237       23175       19251       17420
0000320       19416       13955       20246       18570
0000336       20351       15597       21478       19996
0000352       16387       22390       24212       12747
0000368       17665       18642       13454       12927
0000384       28395       19999       13670       19070
0000400       15469       17956       25318       17265
0000416       17385       18921       14233       21332
0000432       27554       22205       15439       19843
0000448       18225       20168       18584       20458
0000464       22563       24904       20656       20628
0000480       18617       26995       19590       17121
0000496       23000       15519       20600       36697
0000512       21890       16842       17751       25276
0000528       27061       18321       20967       23525
0000544       22297       27349
0000552
