0000000        1510    10647195        9560           0
0000016           0           0           0           0
0000032           0           0           5           6
0000048           3           9          10          10
0000064           3           9           6           6
0000080           9          10           4          15
0000096           7           3          13           5
0000112          11           8           4           4
0000128          10          13          11           4
0000144           3           4           3           6
0000160           5          13           1           8
0000176           6           7           8           4
0000192          12           2           3           5
0000208           7           7           3           7
0000224           4           8           4          20
0000240           8           6           7           3
0000256           4           8          21           4
0000272           7           5           6           4
0000288           6           8           8           3
0000304           4           9           7           9
0000320           8           1           5           2
0000336           6           5          10           7
0000352           4           4           9           4
0000368           3           3           3           4
0000384           8           3           1           6
0000400           4           1           8           3
0000416           4           3           1           4
0000432           8           4           7           3
0000448           2           1           2           0
0000464           3           7           5           7
0000480           4           3           5           0
0000496           6           1           2          11
0000512           6           5           4           4
0000528           8           4           5           4
0000544           7           5
0000552
