0000000       43061    10718702        9561           0
0000016           0           0           0           0
0000032           0           0           5           1
0000048           1          12           4           7
0000064           2           4           1           4
0000080           6           5           2           7
0000096          12           0           6           8
0000112           2           5           1           0
0000128           3           2          10           3
0000144           3           1           1           6
0000160           2          12           2           8
0000176           1           6           3           2
0000192           6          12           0           2
0000208           3          11           3           3
0000224           2           4           2           9
0000240           4           2           4           4
0000256           6           6           6           3
0000272           1           7           0           1
0000288          10           0           4           3
0000304           1           4           0           2
0000320           1           1           3           1
0000336           3           2           2           0
0000352           0           3           4           1
0000368           1           2           0           1
0000384          10           0           0           1
0000400           0           0           2           1
0000416           0           0           0           2
0000432           3           0           1           1
0000448           0           1           1           0
0000464           2           5           2           2
0000480           2           1           3           0
0000496           0           1           3           6
0000512           1           1           0           6
0000528           3           0           2           5
0000544           1           1
0000552
