0000000       20549    10738063        9568           0
0000016           0           0           0           0
0000032           0           0           1           1
0000048           0           5           3           5
0000064           2           5           1           5
0000080           4           5           0           5
0000096           4           0          11           1
0000112           3           0           0           0
0000128           1           4           1           1
0000144           1           0           0           5
0000160           2           6           2          11
0000176           6           7           3           5
0000192           4           4           1           2
0000208           9           5           3           0
0000224           1           1           1           8
0000240           4           0           5           1
0000256           3           3           4           2
0000272           1           2           0           1
0000288           8           4           2           1
0000304           0           1           2           1
0000320           2           0           0           1
0000336           1           1           3           0
0000352           0           2           4           0
0000368           2           2           1           3
0000384           7           3           0           4
0000400           1           0           2           1
0000416           0           2           1           1
0000432           1           2           1           3
0000448           2           1           1           1
0000464           0           4           1           1
0000480           1           0           3           2
0000496           1           1           1           3
0000512           1           2           0           1
0000528           0           2           0           4
0000544           1           2
0000552
