0000000        9690     9483100        9563           0
0000016           0           0           0           0
0000032           0           0          68          22
0000048          13          69          58         151
0000064          34          44          15          68
0000080          34         111          25          52
0000096          54          22          82          18
0000112          20          42          18          12
0000128          17          52          29          46
0000144          29          10          18          48
0000160          44          48           2         133
0000176          55         145          65          27
0000192          59         118           5          25
0000208          82          99          65          34
0000224          51          44          13         202
0000240          89          23          93          57
0000256           8          77         122          66
0000272          43          58          38          19
0000288          66          28          59          41
0000304          33          46          40          68
0000320          34          28          36          41
0000336          63          28          60          41
0000352          35          49          66          23
0000368          39          30          15          18
0000384         110          43           8          60
0000400          31          48          70          30
0000416          45          40          13          19
0000432          72          25          20          32
0000448           9          39          26          27
0000464          40          61          31          17
0000480          21          35          19          15
0000496          45          11          34          80
0000512          22           9          17          45
0000528          56          32          27          60
0000544          43          44
0000552
