0000000       16368    10778706        9561           0
0000016           0           0           0           0
0000032           0           0           2           0
0000048           1           1           2           3
0000064           0           1           1           2
0000080           1           4           1           2
0000096           1           0           0           0
0000112           2           1           0           0
0000128           0           2           0           4
0000144           0           0           0           0
0000160           1           2           1           7
0000176           0           2           1           1
0000192           2           4           0           1
0000208           1           3           5           0
0000224           0           1           0           9
0000240           1           0           0           0
0000256           0           1           2           0
0000272           0           0           0           1
0000288           1           0           1           0
0000304           0           0           1           0
0000320           0           2           0           0
0000336           0           1           2           0
0000352           2           1           2           0
0000368           2           0           0           0
0000384           3           1           0           1
0000400           0           1           0           1
0000416           1           1           3           0
0000432           1           1           0           0
0000448           1           0           1           0
0000464           0           2           1           1
0000480           0           1           0           2
0000496           1           2           1           0
0000512           1           0           0           1
0000528           1           0           0           0
0000544           2           1
0000552
