0000000       24324    10197931        9556           0
0000016           0           0           0           0
0000032           0           0       12059        9475
0000048       11929       15188       13734       13901
0000064       12818       13894        9162       13224
0000080       11650       14824       10647       14630
0000096       13222        8702       16631       12114
0000112       10862       11925       10616        9739
0000128       12707       13040       11318       11624
0000144       11022        8407        9235       13730
0000160       10580       16802        1185       13775
0000176       11659       14124       10811        9097
0000192       13197       13934        4754        9484
0000208       13114       15370       11969       13016
0000224       10986       12765        6135       15358
0000240       13133       10428       13900       10194
0000256        8695       13427       14902       10913
0000272       10029       14034        9639        9270
0000288       15076       12217       10690        8364
0000304        7280       12471       10197        9181
0000320       10414        5970       10445        8932
0000336       10493        5931       11244        9713
0000352        8151       11443       12763        4470
0000368        8905        9706        4070        3781
0000384       15090        8484        4095        9929
0000400        7031        8506       13081        7468
0000416        8786        6319        4418        8805
0000432       12979        8140        6484        8473
0000448        6076        9654        8311        9237
0000464       10748       12176       10005        9297
0000480        7463        8751        8626        5445
0000496       10569        4353        9719       18613
0000512        9217        5903        6357       12886
0000528       13656        8499       10148       11932
0000544       11023       12338
0000552
