0000000       31140     9622217        9558           0
0000016           0           0           0           0
0000032           0           0    89362239    89320479
0000048    89307604    89140662    89250794    89142923
0000064    89226735    89141379    89257246    89143284
0000080    89250883    89132751    89252664    89208801
0000096    89214569    89199960    89215253    89228865
0000112    89245572    89223547    89168365    89249414
0000128    89131496    89209902    89147654    89233099
0000144    89146152    89248157    89167582    89221365
0000160    89256072    89228972    89295803    89320718
0000176    89307413    89272530    89300401    89271766
0000192    89287675    89270755    89288394    89272188
0000208    89293695    89269196    89290844    89289332
0000224    89293113    89272587    89293860    89289959
0000240    89292937    89286857    89268805    89291259
0000256    89271225    89289592    89262559    89289733
0000272    89270976    89287872    89269616    89288455
0000288    89298207    89299893    89299199    89293707
0000304    89284524    89268740    89286534    89269971
0000320    89281705    89271209    89278713    89269046
0000336    89282840    89270596    89282782    89281981
0000352    89280777    89264226    89282314    89281296
0000368    89281963    89281868    89269897    89283312
0000384    89258339    89283471    89269605    89282129
0000400    89267398    89286060    89256779    89285601
0000416    89294791    89295921    89328426    89316590
0000432    89296054    89277240    89285220    89275127
0000448    89287657    89276438    89285659    89275087
0000464    89286340    89275699    89285857    89285163
0000480    89284472    89274432    89285432    89281830
0000496    89284248    89283161    89273235    89286293
0000512    89271456    89280784    89273145    89283724
0000528    89268943    89282759    89272296    89288015
0000544    89286605    89293323
0000552
