0000000       37293    10066265        9547           0
0000016           0           0           0           0
0000032           0           0       52523       23997
0000048       32569       78460       75566      125361
0000064       59281       46931       27257       79751
0000080       50620      163808       34803       71621
0000096      103766       23406       62439       54620
0000112       45152       63659       28218       25169
0000128       39097       66182       52033       63563
0000144       40210       21376       22579       98537
0000160       52997       77174       14026      399405
0000176      102649      143386      153944       28797
0000192      245776      189246       18285       46023
0000208      156440      147416      140911       77782
0000224       33313       62057       19574      411505
0000240       83433       39842      149733       48116
0000256       28027       86532      346376       64390
0000272       29230       57885       35457       28924
0000288      129108       40519       28075       20392
0000304       20344       33188       25926       22774
0000320       28592       18911       27535       24950
0000336       28284       20510       28851       26385
0000352       21506       42437       38191       17031
0000368       23095       24171       18049       17347
0000384       66359       26175       18462       25648
0000400       20347       23564       40278       22859
0000416       23225       25374       19591       31443
0000432      132490       29807       21546       26665
0000448       24978       29462       27127       29225
0000464       38787       72180       31624       28793
0000480       25645       36450       26493       23573
0000496       32955       21632       31701      106708
0000512       31754       23536       23905       53310
0000528       42957       26627       32338       61109
0000544       38170       39552
0000552
