0000000       46487    10593182        9557           0
0000016           0           0           0           0
0000032           0           0           6           5
0000048           5          11          13          53
0000064           8           6           4          13
0000080          12          45           3          13
0000096          14           2          22           4
0000112           8           6           4           9
0000128           5          13           6          14
0000144           7           5           5          16
0000160           8          20           2         110
0000176          14          31          19           3
0000192          30          41           4           6
0000208          26          47          15           9
0000224           6          11           5         160
0000240          11          10          34          12
0000256           7          10         108          12
0000272           9           8           8           7
0000288          15          14           6           5
0000304           8           3           8           8
0000320           9           4           7           7
0000336          15           2           2           5
0000352           4           6           7           2
0000368           5           6           6           5
0000384          18           3           6           9
0000400           4           6           7           3
0000416           9           4           2           2
0000432          13           8           2           6
0000448           4           7           2           6
0000464           8           8           9           5
0000480           5           9           5           2
0000496          10           4           5          11
0000512          10           5           7          18
0000528          11           4           2          13
0000544           7           5
0000552
