0000000       16108     7691887        9585           0
0000016           0           0           0           0
0000032           0           0    89299279    89335471
0000048    89369593    85792456    88279306    85625534
0000064    88345519    85448590    87816740    84811646
0000080    87520861    85561207    87519195    87898010
0000096    87891309    86184362    87750286    88066652
0000112    87766438    87896249    85225763    87553496
0000128    85460010    87430851    85733404    86878406
0000144    85509898    87622584    85884652    87666827
0000160    87773579    88012790    86042750    87772160
0000176    88060869    84669550    86961565    84519892
0000192    87750217    83933868    86869315    85042920
0000208    86848139    84773019    86562464    87456468
0000224    87322741    85238561    86523712    86754703
0000240    86457039    86376004    84460341    86318203
0000256    84723839    86023745    84422836    85808804
0000272    84369304    86354900    84148123    86617367
0000288    86416101    86932239    92800436    92788368
0000304    92802455    92539265    92650881    92408742
0000320    92851405    92464415    92484123    92291219
0000336    92676757    92504005    92723387    92246634
0000352    91595597    92564931    92593086    92729244
0000368    92743071    92777631    92628653    92565760
0000384    92604953    92758853    92312184    92615179
0000400    92534918    92729011    92521360    92784819
0000416    92636912    92495266    92872091    92830908
0000432    92737618    92646913    92744186    92491822
0000448    92786577    92624031    92619763    92547270
0000464    92662155    92515682    92733690    92876659
0000480    92791814    92687136    92827305    92797457
0000496    92718040    92554530    92335459    92796669
0000512    92514911    92587985    92643320    92673349
0000528    92559485    92828348    92708648    92801312
0000544    92868155    92885134
0000552
