0000000       47859     7649477        9559           0
0000016           0           0           0           0
0000032           0           0    91073961    91085281
0000048    91112526    90722123    91185419    90803527
0000064    91098378    90896495    91104785    90781008
0000080    90959371    91008883    91091085    91210433
0000096    91163423    91042204    91097380    91224595
0000112    91160455    91153725    90820890    91223292
0000128    90857723    91225267    90953868    90969733
0000144    90792997    91130809    90816539    91162657
0000160    91148838    91251803    91185536    91219483
0000176    91236776    90825201    91183946    90997880
0000192    91041841    90846497    91208840    90929597
0000208    91231526    90926111    91157889    91279239
0000224    91171914    91071244    91241912    91139630
0000240    91192891    91121480    90857764    91234039
0000256    90950092    91184014    90983833    91000120
0000272    90952035    91116654    90957204    91236490
0000288    91235143    91190455    91252858    91231874
0000304    91261375    91083354    91178195    90986802
0000320    91269660    90952695    91094580    90924692
0000336    91191059    90996501    91207125    90995257
0000352    90677339    91112564    91173556    91221980
0000368    91227019    91243915    91128617    91165477
0000384    91118006    91268962    90905982    91185612
0000400    91066100    91250174    91108280    91286536
0000416    91208458    91109179    91356490    91315172
0000432    91267391    91199964    91266314    91114170
0000448    91267056    91184998    91182046    91163467
0000464    91208713    91142132    91247235    91320034
0000480    91282662    91221906    91297684    91260523
0000496    91231481    91143167    91036591    91260630
0000512    91142622    91179936    91195512    91215095
0000528    91163691    91291521    91238126    91275037
0000544    91306065    91304859
0000552
