0000000        5920     8440235        9559           0
0000016           0           0           0           0
0000032           0           0       88812       82330
0000048       81454       87419       65064       76736
0000064       74070       75756       72470       86970
0000080      109114       62959       76241       65536
0000096       73777       61658       84148       68694
0000112       78633       80967       78951       67150
0000128       72888       64383       74946      105161
0000144       81626       81390       84076       75711
0000160       78958       63757       82195       77304
0000176       69157       89838       78050       76440
0000192      102950       83259       67153       79013
0000208       66822       76036       80937       64439
0000224       79233       74245       63914       75927
0000240       69682       80250       85721       67378
0000256       73050       67405       75555       97436
0000272       79764       85583       76140       63378
0000288       67232       78190       68594       69276
0000304       63693       69518       79102       84704
0000320       60800       83754       94852       86836
0000336       75174       78846       73921      100897
0000352      109803       69538       78212       73636
0000368       73512       74846       63312       83197
0000384       65230       63722       92071       78281
0000400       67822       68496       66402       58788
0000416       76831      104520       70133       69211
0000432       77778       71332       76137       80850
0000448       71421       67495       85213       69463
0000464       82689       75987       70896       59635
0000480       65803       63333       63892       70430
0000496       72743       88919       92777       70495
0000512       76769       86024       68903       78531
0000528       71448       63124       59582       65217
0000544       63655       63967
0000552
