0000000       43828     7878901        9557           0
0000016           0           0           0           0
0000032           0           0      763374      719457
0000048      728095      757610      580444      677239
0000064      619144      646213      640775      732460
0000080      896056      579895      659454      588168
0000096      669294      567376      721846      605337
0000112      681934      698002      683629      588407
0000128      623690      582384      644502      954480
0000144      680047      720140      729236      675283
0000160      728525      568580      703471      664124
0000176      618499      727196      654001      655056
0000192      860864      713110      602759      667739
0000208      597917      674832      687239      579553
0000224      701354      625628      555531      674431
0000240      597931      704062      714635      593361
0000256      656985      594306      694105      877813
0000272      692794      683197      650325      573149
0000288      600729      685243      559788      561994
0000304      516240      564190      634668      647387
0000320      519724      617703      753186      719660
0000336      595263      614242      582093      911519
0000352      899138      590055      659772      554429
0000368      569642      535565      510835      661903
0000384      523590      536654      683829      647200
0000400      549683      541810      569686      528680
0000416      652173      725361      559308      566259
0000432      640075      545304      593577      614025
0000448      585408      537133      705613      595916
0000464      656521      634229      582278      495427
0000480      546141      534808      544023      550314
0000496      622290      786335      743129      579202
0000512      634364      686549      530229      603045
0000528      588099      509582      496676      526171
0000544      533229      538356
0000552
