0000000        2933     8013968        9559           0
0000016           0           0           0           0
0000032           0           0      785360      749840
0000048      749039      781609      598863      697293
0000064      642861      665389      661045      753402
0000080      918200      600385      680626      609374
0000096      693351      587584      746645      634728
0000112      705241      719260      705630      606461
0000128      646775      600716      665324      981648
0000144      702573      744930      749473      698786
0000160      749686      586439      726226      684036
0000176      638470      749760      670804      676367
0000192      885838      733659      625158      689413
0000208      619245      697234      710657      597882
0000224      725065      646992      572735      696950
0000240      618336      725561      737916      608914
0000256      679649      613949      715984      900141
0000272      712334      705830      670539      592436
0000288      621556      706678      573325      580059
0000304      529111      579023      651694      665984
0000320      535552      635976      772345      743368
0000336      611553      632478      599381      933519
0000352      924851      607707      678855      570875
0000368      587064      551555      526545      680871
0000384      539589      553701      701492      667319
0000400      565810      552009      587746      542336
0000416      670457      745340      576262      582330
0000432      659360      560152      608790      630147
0000448      603707      554328      727593      613587
0000464      670476      650795      598376      510290
0000480      563815      553730      560105      567337
0000496      639896      808557      764804      596585
0000512      651895      712641      548899      622853
0000528      605860      526290      511562      540662
0000544      550305      554628
0000552
