0000000       10968     7670668        9558           0
0000016           0           0           0           0
0000032           0           0    91392547    91443471
0000048    91477250    91129192    91603119    91258102
0000064    91510116    91302911    91501756    91161959
0000080    91236551    91444375    91476942    91645542
0000096    91552461    91500133    91468769    91662571
0000112    91580458    91580335    91271721    91682513
0000128    91356279    91666340    91352087    91271543
0000144    91255611    91526660    91222447    91586929
0000160    91575716    91743293    91682840    91649882
0000176    91725570    91274517    91574716    91419424
0000192    91450808    91301508    91664547    91376225
0000208    91713612    91378814    91582606    91795552
0000224    91608626    91512450    91751277    91582788
0000240    91658528    91538257    91309650    91733557
0000256    91391891    91647480    91368964    91354727
0000272    91340562    91547071    91374585    91775879
0000288    91764360    91744880    92746625    92713871
0000304    92720489    92486764    92640973    92375937
0000320    92797854    92386318    92550385    92296083
0000336    92665297    92431374    92677819    92368033
0000352    91980570    92538779    92642270    92710374
0000368    92722443    92743311    92579431    92632055
0000384    92567561    92773011    92311895    92683731
0000400    92501985    92752446    92532535    92801640
0000416    92714026    92567965    92709839    92667158
0000432    92603407    92414980    92587423    92273624
0000448    92612990    92384732    92495344    92355672
0000464    92525531    92337715    92565590    92665215
0000480    92607578    92487556    92636529    92587953
0000496    92554270    92442982    92166798    92602351
0000512    92357212    92459757    92419190    92506643
0000528    92368667    92624430    92497281    92599028
0000544    92651392    92653303
0000552
