0000000       61545     7711182        9585           0
0000016           0           0           0           0
0000032           0           0    41143790    41353200
0000048    41395701    39622104    40652305    39593766
0000064    41041224    39395930    40822848    39025304
0000080    40811717    39490880    40497722    40951338
0000096    40967609    40193297    40953149    41284643
0000112    40902175    41224511    39360906    40639858
0000128    39785428    40531428    40157337    40305829
0000144    39929739    41030226    40470660    40968164
0000160    41102991    41001035    42698783    42715386
0000176    43492722    41497666    42161473    41664308
0000192    44174868    41011995    42750488    42906757
0000208    42830238    42581228    42580417    43879155
0000224    44313199    43271625    42307222    43333412
0000240    42396127    42479555    42130763    42099071
0000256    42701807    41661226    42220907    41780143
0000272    42187189    42619931    41207563    42662126
0000288    42002310    42997472    56531735    56926497
0000304    55396628    55091123    55867292    55550197
0000320    57303207    55287727    56383298    55581797
0000336    56423325    56540737    57116784    55062747
0000352    56049695    57166205    55584185    57208888
0000368    56763898    57343024    55560364    56316518
0000384    56626604    55728684    55300042    55823320
0000400    55394383    55778119    55583660    55846063
0000416    55615886    56179799    82496217    81674306
0000432    81152978    79604475    80654122    78986410
0000448    80917642    79037486    80575971    79137233
0000464    80508081    79424129    80310245    80683164
0000480    80376434    80170425    80093416    80740543
0000496    80147784    79914904    78919677    80231372
0000512    79488682    79552932    79626066    79904613
0000528    79257419    79960563    79584952    80027755
0000544    80001898    80571691
0000552
