0000000       15201     8129615        9550           0
0000016           0           0           0           0
0000032           0           0      778962      737919
0000048      746455      781953      592404      693666
0000064      638174      654701      658764      739791
0000080      900517      594688      679329      601704
0000096      685847      582043      741500      625553
0000112      698088      713961      706845      603280
0000128      644091      595756      652195      965028
0000144      698650      737761      749288      695629
0000160      744544      586702      710575      678549
0000176      633356      747623      669827      668213
0000192      884455      733095      622433      690207
0000208      613758      696241      705419      590979
0000224      725217      642461      567152      694769
0000240      618262      723529      735227      608395
0000256      675975      612313      708123      891967
0000272      703970      701891      663630      585859
0000288      617167      697933      573479      580041
0000304      530962      580645      648137      663610
0000320      534897      637852      773724      739084
0000336      612811      634514      599598      924098
0000352      919098      605665      676552      573256
0000368      586433      556621      527383      682309
0000384      539556      551221      704728      663739
0000400      563598      552005      583781      544818
0000416      667526      748379      576204      579659
0000432      656152      561812      607728      628773
0000448      602972      556434      723286      612463
0000464      667712      649280      601050      510299
0000480      563674      549845      556745      569200
0000496      636774      802041      764325      597601
0000512      650783      704014      546866      622252
0000528      602434      526381      511381      540991
0000544      548836      553212
0000552
