0000000       51166     8806879        9557           0
0000016           0           0           0           0
0000032           0           0       23748       22791
0000048       20177       20657       11556       20026
0000064       20327       14509       19715       15448
0000080       21421       11076       20444       11540
0000096       16059       10202       21042       11905
0000112       14911       18219       21011       12003
0000128       19463       11072       15387       20695
0000144       23416       20270       22082       19876
0000160       20315       13762       13499       18962
0000176       17297       28931       39222       15757
0000192       47875       27346       16779       33849
0000208       13972       27004       18558       12687
0000224       23273       15882       10904       22203
0000240       17331       27934       36072       14426
0000256       21364       16300       15893       25823
0000272       17295       38970       17039       11719
0000288       12258       14034       25998       38813
0000304       32835       29718       44056       49518
0000320       29908       55565       31289       36670
0000336       40903       50763       46844       44032
0000352       46163       18201       23325       50134
0000368       41583       51550       29172       34355
0000384       33064       19301       54864       30379
0000400       27987       38030       21466       15259
0000416       31537       65532       47223       40956
0000432       49413       48197       49288       54609
0000448       40548       40813       46237       27997
0000464       51529       43894       37613       32396
0000480       25794       31521       21012       42206
0000496       27425       39598       55257       22864
0000512       32213       55177       46090       50150
0000528       32843       30059       22565       28204
0000544       17871       23788
0000552
