0000000        5493     8052546        9567           0
0000016           0           0           0           0
0000032           0           0      786284      748333
0000048      753222      783322      595474      701057
0000064      644097      661904      665767      748692
0000080      912267      597638      683963      605098
0000096      697123      584376      747910      632304
0000112      702036      719178      708252      606755
0000128      650286      599341      662741      978383
0000144      706325      747189      756742      702421
0000160      754723      588873      719598      683511
0000176      640420      754764      676948      674363
0000192      891408      738443      626131      692486
0000208      618271      702079      709530      594763
0000224      730039      645516      571165      701174
0000240      621454      730065      744175      611883
0000256      684105      615119      715457      902021
0000272      711509      708238      669335      590536
0000288      619106      701629      575457      583800
0000304      537195      584288      655650      671984
0000320      538379      640635      770617      746247
0000336      615357      637513      603648      943947
0000352      928334      610965      682508      576047
0000368      591303      554687      530733      687508
0000384      543311      555964      709137      670477
0000400      570209      556173      589685      545345
0000416      672442      749329      580003      586772
0000432      663990      566236      615369      634203
0000448      608673      562678      731368      616341
0000464      675870      654173      603932      514760
0000480      567301      556320      561606      570269
0000496      643350      811249      770518      600274
0000512      655725      712939      552728      627431
0000528      608521      529583      514567      544600
0000544      551960      557953
0000552
