0000000        5098     7608932        9560           0
0000016           0           0           0           0
0000032           0           0    83876485    83780405
0000048    83782552    83387479    83748358    83421787
0000064    83613443    83462493    83605505    83424538
0000080    83485938    83539546    83647934    83679206
0000096    83692685    83540156    83580804    83623031
0000112    83635586    83599022    83437004    83627391
0000128    83429505    83587863    83428233    83454580
0000144    83390482    83521831    83347277    83569441
0000160    83564575    83661510    84578521    84622029
0000176    84635077    84350389    84607945    84416224
0000192    84473163    84369764    84611408    84401166
0000208    84609410    84402206    84577400    84699720
0000224    84621446    84453888    84616545    84557126
0000240    84576180    84516885    84347678    84581323
0000256    84386835    84539007    84391320    84408470
0000272    84364800    84489678    84392053    84575499
0000288    84585391    84554127    56299059    56230960
0000304    56419235    56215425    56298118    56157804
0000320    56155436    56375293    56168189    56333926
0000336    56245922    56311222    56259545    56486957
0000352    56442935    56184576    56511632    56165478
0000368    56283807    56181137    56259355    56159305
0000384    56112432    56290295    56217558    56224443
0000400    56123811    56281170    56158285    56228869
0000416    56454203    56230014    73136780    73045070
0000432    73044326    72884659    73010152    72849151
0000448    72961418    72934928    72935587    72887688
0000464    72953287    72888488    72993208    73055659
0000480    73059820    72881256    73059238    73007586
0000496    72964209    72921812    72842052    72950034
0000512    72793213    72993269    72819368    72938557
0000528    72826698    72943632    72818664    72918540
0000544    72954883    72936039
0000552
