0000000        6547     8071770        9560           0
0000016           0           0           0           0
0000032           0           0      782578      747846
0000048      749676      780308      595178      697793
0000064      642461      658835      662690      745844
0000080      906701      596516      682271      604493
0000096      693244      583662      744327      631226
0000112      699643      716664      705402      604534
0000128      648507      598281      654320      974267
0000144      702679      742180      753826      699553
0000160      749715      587290      716852      681273
0000176      636758      750330      673285      671763
0000192      889558      735257      626960      692824
0000208      615999      699737      709133      593081
0000224      729082      644227      569511      696495
0000240      616583      726545      740267      610553
0000256      681808      613395      712901      902212
0000272      708392      711522      665939      588407
0000288      616213      700180      575164      585219
0000304      534731      583548      654999      671316
0000320      538549      641563      771203      747640
0000336      617288      639712      605457      933431
0000352      940005      612006      679675      576818
0000368      592358      556716      531078      685237
0000384      543143      554467      708857      671768
0000400      571250      557080      589923      546357
0000416      674237      753424      580425      586018
0000432      664557      566033      616481      634365
0000448      608895      562539      729734      616652
0000464      674024      653103      602158      513825
0000480      565843      554801      557126      571534
0000496      642403      809608      771368      598772
0000512      653421      714463      552871      627410
0000528      608007      530574      516024      545856
0000544      552070      559124
0000552
