0000000       48097     7398907        9568           0
0000016           0           0           0           0
0000032           0           0      118656      113115
0000048      104770      109437       72123       98621
0000064       94890       84928       92544       98446
0000080      122966       70207       99607       71887
0000096       88042       65298      102170       72406
0000112       87511       91709      102035       72676
0000128       90906       69647       79075      120221
0000144       99154       98604       99438       94059
0000160       95733       73835       86119       94739
0000176       84072      125108      114607       86471
0000192      136026      118005       85962      109024
0000208       75812      103732       96327       69384
0000224       99766       82539       69475      101299
0000240       88347      113853      124435       78572
0000256       97320       84535       85927      138651
0000272       91560      118854       88533       72316
0000288       77198       88027       75280       80556
0000304       76382       77945       91386       95721
0000320       65159      107241      101177       96623
0000336       83305       95113       87314      121253
0000352      204548       72989       88109       83135
0000368       81815       82695       70734       90882
0000384       70952       67407      107671       84645
0000400       74950       74365       71414       63594
0000416       87203      128036       89186       81834
0000432       89982       88243       97676       99952
0000448       78505       83508       95177       79733
0000464       95180       90192       82292       65718
0000480       73879       68523       69839       84664
0000496       80237      103291      122413       75749
0000512       83806      113035       82259      101962
0000528       81385       71678       64209       72598
0000544       69212       68916
0000552
