0000000         165     7975394        9557           0
0000016           0           0           0           0
0000032           0           0      778548      737375
0000048      745413      773755      594328      693314
0000064      637090      663456      655201      750690
0000080      917950      593665      676408      601175
0000096      684567      579697      739972      625036
0000112      699170      714505      698730      604688
0000128      640968      594634      664643      972397
0000144      696765      737104      747041      692710
0000160      742657      582371      721763      679827
0000176      632525      744480      670383      670345
0000192      880710      730750      618411      682701
0000208      613107      689876      703910      591432
0000224      719606      641418      567807      691182
0000240      612880      722197      731644      606481
0000256      672775      609202      709162      897633
0000272      709259      699750      664684      586863
0000288      617822      700575      570307      575358
0000304      528752      576536      646526      663027
0000320      530490      631154      757576      737459
0000336      609341      627452      593844      925272
0000352      916649      602549      674054      566329
0000368      582051      546525      524004      676307
0000384      534990      548477      698041      661837
0000400      559782      551301      583866      540035
0000416      665699      742046      573659      577081
0000432      652969      556054      606877      624543
0000448      599715      551546      722670      611520
0000464      668251      644684      595890      506074
0000480      559241      548322      555221      561030
0000496      635854      803062      760351      593372
0000512      648253      701866      543589      618391
0000528      600798      521995      507648      538891
0000544      544351      550742
0000552
