0000000        2141     8266583        9559           0
0000016           0           0           0           0
0000032           0           0      249270      302406
0000048      238105      203593      117604      235241
0000064      248125      139081      232032      151768
0000080      195481      116154      232965      120865
0000096      158170      110511      202566      124772
0000112      145168      177759      215974      120160
0000128      222901      115066      145791      205007
0000144      310034      233208      253701      249393
0000160      244415      136898      135250      244729
0000176      262298      460552      520049      169197
0000192      689102      414850      224081      516839
0000208      152642      433489      208396      138952
0000224      385428      160903      113789      362195
0000240      196095      427904      499709      147963
0000256      339169      185361      170589      366700
0000272      177944      475523      168313      119216
0000288      125004      141831      418112      538315
0000304      467557      490910      590977      620870
0000320      456030      633367      567201      612835
0000336      566222      621481      586101      738618
0000352      753818      323284      390208      562726
0000368      548694      549247      447209      546479
0000384      486276      343138      660293      498843
0000400      460704      493734      378873      274941
0000416      497469      709436      554900      539912
0000432      602339      555767      583254      609620
0000448      538202      517926      656738      465990
0000464      621947      590290      520545      440503
0000480      412275      453659      330389      535753
0000496      422266      600754      694801      351759
0000512      475171      657538      526174      580901
0000528      461042      401512      348888      383853
0000544      269511      356073
0000552
