0000000       64171     8691136        9587           0
0000016           0           0           0           0
0000032           0           0       74008       69131
0000048       66796       70057       48538       64258
0000064       61714       57469       60020       62951
0000080       83732       46793       63058       50137
0000096       59851       44326       70876       50281
0000112       61703       64967       65677       50814
0000128       60529       46619       59871       81729
0000144       68843       67131       69987       63716
0000160       65841       50923       50369       64298
0000176       57133       76648       66691       62187
0000192       88082       70964       56855       67137
0000208       54517       64668       66704       51527
0000224       67460       60736       46727       64029
0000240       57808       67496       71987       55021
0000256       61379       55752       60815       80840
0000272       63704       73292       61457       47868
0000288       50849       57930       59438       58428
0000304       54001       58707       67752       71169
0000320       52155       64609       78708       73763
0000336       64004       62880       59801       86430
0000352       82929       58890       66353       60604
0000368       60610       60347       53162       71858
0000384       55355       54087       76273       67036
0000400       57500       58903       56609       49979
0000416       66541       84300       57391       58978
0000432       66866       55823       62951       67883
0000448       61748       56232       72952       59398
0000464       69293       64420       60724       51724
0000480       56753       54623       54512       57913
0000496       62076       74376       75211       61025
0000512       65254       71321       56419       64774
0000528       61376       54072       51385       55503
0000544       53908       54115
0000552
