0000000       22080     7917478        9559           0
0000016           0           0           0           0
0000032           0           0      769973      728991
0000048      735783      765820      585643      684918
0000064      630457      653785      647110      741132
0000080      902265      586221      667901      594973
0000096      676291      572685      729436      613212
0000112      690100      705848      688372      595658
0000128      631530      589257      651386      962813
0000144      686711      726389      737253      682118
0000160      732764      574182      714645      671333
0000176      624315      734992      661477      661605
0000192      870551      718703      610710      675850
0000208      605544      680316      695965      582549
0000224      708109      633009      561627      682231
0000240      605447      711053      724090      599802
0000256      664009      600710      701115      886954
0000272      700000      690065      658092      580629
0000288      607457      692411      566929      569590
0000304      520876      569839      638116      653581
0000320      524876      623773      763163      729835
0000336      602191      620407      586407      908885
0000352      907206      596156      668229      559668
0000368      575767      540047      514924      669235
0000384      528071      542126      689797      653878
0000400      555053      546397      576406      533596
0000416      657978      732857      565582      573234
0000432      646751      550883      598148      618701
0000448      592867      545439      713828      601750
0000464      665345      638476      587114      501649
0000480      553797      542477      547818      556500
0000496      627320      795162      751217      586843
0000512      642809      692625      537161      608415
0000528      593415      515345      500487      531327
0000544      540809      545034
0000552
