0000000       46805     8845476        9552           0
0000016           0           0           0           0
0000032           0           0       17859       16854
0000048       14969       15328       10170       15148
0000064       15220       12007       14788       13967
0000080       18055        9356       15442        9736
0000096       11675        9180       15902       10330
0000112       12626       13737       15433       10439
0000128       14726        9758       12061       16533
0000144       17757       15158       16562       14862
0000160       15520       10444       12710       14122
0000176       12325       20939       20852       12475
0000192       26600       18948       12223       19906
0000208       10751       17328       14255       10099
0000224       16622       12226       10016       16058
0000240       13051       18782       22081       11034
0000256       15624       12386       12298       19017
0000272       13131       23027       12867        9576
0000288       10375       12370       16510       19553
0000304       16904       17048       21840       24824
0000320       15472       36966       20585       20915
0000336       19957       29177       26434       24086
0000352       23879       13566       16431       29492
0000368       21009       37750       16149       20191
0000384       17216       13260       28350       18445
0000400       16731       18725       14588       11230
0000416       18243       39071       29077       20521
0000432       26437       35125       28436       34658
0000448       20405       20888       22966       16088
0000464       28235       22098       19617       16325
0000480       15587       16874       13688       22597
0000496       17077       22263       31171       15653
0000512       18297       32386       28006       29891
0000528       18309       16652       14119       16358
0000544       13068       14810
0000552
