0000000       37994     8168167        9558           0
0000016           0           0           0           0
0000032           0           0      777875      737068
0000048      747138      787390      593345      694380
0000064      638866      656424      657389      739636
0000080      900554      593478      677987      603596
0000096      686466      582599      741650      628299
0000112      696820      711564      709169      603097
0000128      647383      594701      651949      964018
0000144      698514      737964      747778      693559
0000160      746262      582588      710881      678075
0000176      633807      748000      669785      669954
0000192      883554      729446      621387      690151
0000208      615090      695630      707424      592462
0000224      724765      644667      569281      696280
0000240      619114      723408      737087      608642
0000256      681055      611571      707748      890536
0000272      703221      703582      664230      588285
0000288      619560      698004      568938      579077
0000304      530922      580246      649532      664672
0000320      534282      635321      768944      738524
0000336      612126      632262      599399      926948
0000352      916312      605036      674575      570010
0000368      585720      551229      527265      680676
0000384      539809      550482      700648      662089
0000400      562916      551100      585698      536380
0000416      668600      742293      573378      580701
0000432      656049      561577      607603      628176
0000448      602297      553495      722580      611581
0000464      668829      647968      601272      511485
0000480      563001      552384      556933      566119
0000496      637311      800977      762347      596290
0000512      650209      704917      549468      621687
0000528      602182      525425      511309      541679
0000544      548308      553467
0000552
