0000000       45230    12921994        1918           0
0000016           0           0           0           0
0000032           0           0      183821      159035
0000048      194753      209663      197143      187262
0000064      186205      205098      161000      183529
0000080      173183      196569      181718      197898
0000096      182896      150180      220164      182307
0000112      163299      172701      178767      153385
0000128      198811      187029      176299      171112
0000144      172851      152869      152873      201178
0000160      170263      219936       89150      191911
0000176      181790      198582      162676      167310
0000192      188191      193485      134288      163005
0000208      189342      205349      176158      207219
0000224      173857      195458      142485      200476
0000240      195332      166097      202469      168469
0000256      150741      204771      191250      174403
0000272      170083      212085      169297      163935
0000288      206957      194087      174209      148415
0000304      145737      194249      174480      159812
0000320      169282      137813      180290      174893
0000336      178693      142720      188693      184304
0000352      157743      180923      203269      124350
0000368      160806      170461      122099      115696
0000384      212022      184145      130596      173635
0000400      146008      162571      212781      162804
0000416      161585      163565      136261      192682
0000432      196785      196517      146390      173945
0000448      167853      173177      170731      175402
0000464      190568      190517      178361      180707
0000480      169495      239950      173022      167165
0000496      194988      144072      178164      269268
0000512      188333      152822      163888      193411
0000528      210391      164320      174966      189157
0000544      188669      225195
0000552
