0000000       51451    12785639        1919           0
0000016           0           0           0           0
0000032           0           0       34002       16784
0000048       21069       25921       25206       42667
0000064       17857       27200       15548       25396
0000080       20292       35659       20151       21428
0000096       21545       14014       36421       17699
0000112       20680       19061       16239       16523
0000128       16875       27463       18631       24291
0000144       17141       14960       15534       29131
0000160       26280       23704        9736       27018
0000176       21698       39763       20059       17719
0000192       19623       30584       11715       19641
0000208       26039       27872       20621       18966
0000224       29994       22861       19504       31618
0000240       31860       17648       26012       25502
0000256       14500       28292       23154       23169
0000272       25420       24750       22553       18801
0000288       27630       19750       79354       78283
0000304       69384       77336       68800      100303
0000320       65208       82102       70902       72582
0000336       81885       72019       79899       73243
0000352       89310       63811       84999       70659
0000368       78385       76861       78355       88001
0000384       91653       97999       59150       86926
0000400       83695       99055       78410       70398
0000416      112053       80360       37088       37866
0000432       41725       40605       33686       38197
0000448       32525       40334       37799       35166
0000464       37648       44311       38900       33551
0000480       39035       45025       37936       30331
0000496       41799       32497       38443       50133
0000512       33333       33914       38756       40475
0000528       42567       37473       39085       47492
0000544       39775       46024
0000552
