0000000          40         131        1281          86
0000016          94          89          56         289
0000032         112         172         381         983
0000048         276         125          86          93
0000064         127          45         216          51
0000080         198        1175         125          79
0000096          59         829         487         166
0000112         284         939         363         263
0000128       45591    13701838        3835           0
0000144           0           0           0           0
0000160           0           0          26           6
0000176           3          40          33          84
0000192          21          22           2          39
0000208          21          69           4          37
0000224          50           3          33          17
0000240          30          27           9          12
0000256           9          45          13          28
0000272          15           1           3          53
0000288          27          34           0          87
0000304          22          66          39           3
0000320          54          60           2           4
0000336          40          82          31           8
0000352           8          20           4         104
0000368          34          12          48           8
0000384           2          27          95          14
0000400           2          16           8           3
0000416          56           8           6           2
0000432           7          14           5           4
0000448           9           4           8           5
0000464          12           2           9           0
0000480           3          11          17           3
0000496           1           1           2           2
0000512          55           0           1           5
0000528           3           2          12           6
0000544           5           1
0000552
