0000000       59674    13467184        1936           0
0000016           0           0           0           0
0000032           0           0          52          34
0000048          44          58          64          75
0000064          57          54          37          62
0000080          59          64          54          77
0000096          54          36          74          54
0000112          51          52          32          46
0000128          62          54          56          47
0000144          49          35          44          60
0000160          34          80           6          80
0000176          60          64          49          34
0000192          60          82          22          40
0000208          58          69          56          66
0000224          43          57          27          90
0000240          52          49          73          42
0000256          32          69          94          61
0000272          55          66          45          32
0000288          83          57          40          35
0000304          36          62          45          48
0000320          45          31          43          28
0000336          42          29          43          44
0000352          38          54          45          26
0000368          47          52          23          27
0000384          56          40          24          44
0000400          35          32          60          34
0000416          46          30          25          41
0000432          54          32          33          44
0000448          28          37          30          50
0000464          51          42          37          40
0000480          33          48          37          29
0000496          36          24          43          72
0000512          28          36          43          80
0000528          62          41          42          53
0000544          46          67
0000552
