0000000       20706    12735078        1922           0
0000016           0           0           0           0
0000032           0           0          45           8
0000048          11          42          32         120
0000064           8          29           7          49
0000080          20          82          12          17
0000096          27           7          50          14
0000112          26          25           7           5
0000128          15          41          16          33
0000144          15           6          11          36
0000160          26          21           1          85
0000176          25          74          25           8
0000192          29          60           5          15
0000208          50          51          33          15
0000224          24          22           6          98
0000240          49           6          43          21
0000256           6          28          85          30
0000272          16          21          16          12
0000288          33          13          32          17
0000304          10          32           9          33
0000320          11           9          18          12
0000336          31           4          24          11
0000352          15          19          41           8
0000368          15          10           8           5
0000384          98          17           1          28
0000400          12          23          51          13
0000416          19           8           4           4
0000432          25           7           9          10
0000448           4          21          14           7
0000464          14          32          16           9
0000480           8          10           7           3
0000496          10          10          18          30
0000512           3           8           9          19
0000528          10           8          14          39
0000544          16          17
0000552
