0000000       21965    13480872        1920           0
0000016           0           0           0           0
0000032           0           0          46          28
0000048          44          70          61          56
0000064          54          66          31          42
0000080          43          81          41          61
0000096          48          30          89          50
0000112          33          39          41          50
0000128          54          49          28          47
0000144          38          31          43          61
0000160          27          75           7          69
0000176          46          65          51          29
0000192          53          78          17          20
0000208          57          82          46          51
0000224          49          64          21          77
0000240          55          47          69          40
0000256          40          43          64          46
0000272          46          65          43          29
0000288          70          50          41          39
0000304          30          56          57          45
0000320          36          20          47          28
0000336          39          27          49          41
0000352          36          42          55          23
0000368          31          34          10          20
0000384          70          36           6          46
0000400          24          34          62          29
0000416          35          24          14          24
0000432          43          25          31          25
0000448          13          45          30          42
0000464          36          60          45          30
0000480          29          28          30          15
0000496          33          21          38          76
0000512          37          24          32          68
0000528          67          27          38          57
0000544          36          64
0000552
