0000000       38465    13441542        1930           0
0000016           0           0           0           0
0000032           0           0          55          44
0000048          58         103          93         110
0000064          82          69          35          89
0000080          79         108          37         114
0000096          70          42         108          70
0000112          65          58          52          42
0000128          81          94          60          79
0000144          69          37          46          79
0000160          53          98          28         463
0000176          75         134         110          49
0000192         154         161          39          54
0000208         121         163         108          92
0000224          60          76          27         645
0000240          84          55         126          62
0000256          43          74         403          52
0000272          54         103          51          57
0000288          99          66          58          41
0000304          41          78          53          48
0000320          58          19          37          38
0000336          62          39          70          44
0000352          46          57          90          26
0000368          45          48          21          31
0000384         135          54          32          55
0000400          32          52          69          43
0000416          53          61          38          36
0000432          96          43          41          38
0000448          31          59          44          58
0000464          52          52          58          52
0000480          37          64          47          36
0000496          50          41          61         110
0000512          51          41          42          79
0000528          64          50          47          92
0000544          68          68
0000552
