0000000        9894    13121079        3831           0
0000016           0           0           0           0
0000032           0           0       81195       25861
0000048       39240      126583      114620      162886
0000064      100292       75799       34930      124664
0000080       80772      197518       48453      121755
0000096      151331       27888      103367       92869
0000112       75796      103139       34220       34242
0000128       56515      106121       87760      101264
0000144       64184       21328       23381      131207
0000160       81835      132096       13030      292214
0000176      135635      173381      168118       37205
0000192      234195      203247       12135       71034
0000208      180325      176267      162653      114306
0000224       44879       94268       13990      303575
0000240      120030       63465      178459       73962
0000256       40939      124192      279060       94468
0000272       36627       90795       51042       38295
0000288      174944       59995      211748      134769
0000304       97536      244420      184380      132451
0000320      202017       69617      203417      158811
0000336      209527       74465      199249      155610
0000352      118150      268841      271067       53815
0000368      122617      144544       46586       38680
0000384      338174      101641       71753      171960
0000400       92297      122564      297306      110044
0000416      144611       80484       22190      220904
0000432      356035      167432      138618      167521
0000448      129249      208621      189598      194574
0000464      246741      309710      210341      205699
0000480      143891      164195      161448      125968
0000496      212486       80632      216855      461502
0000512      206014      120249      119874      293766
0000528      275865      183415      229862      302122
0000544      254027      240577
0000552
