0000000       60579    13349849        1922           0
0000016           0           0           0           0
0000032           0           0        2629        2328
0000048        2757        3410        2953        3024
0000064        2804        3227        2137        2925
0000080        2635        3184        2533        3233
0000096        2851        2022        3729        2715
0000112        2520        2566        2448        2207
0000128        2995        2832        2619        2632
0000144        2466        1956        2159        2975
0000160        2492        3684        1201        3033
0000176        2604        3080        2362        2202
0000192        2958        2970        1612        2071
0000208        2829        3317        2716        2952
0000224        2508        2919        1819        3297
0000240        2894        2426        3027        2263
0000256        1969        3017        3281        2499
0000272        2425        3331        2338        2309
0000288        3427        2910        2508        2030
0000304        2085        2827        2503        2389
0000320        2545        1908        2597        2234
0000336        2501        2144        2656        2510
0000352        2164        2670        2905        1646
0000368        2439        2513        1836        1748
0000384        3354        2656        1729        2574
0000400        2064        2326        3168        2246
0000416        2214        2428        1670        2251
0000432        2891        2516        1776        2363
0000448        2086        2372        2144        2394
0000464        2587        2757        2554        2495
0000480        2241        2906        2376        1963
0000496        2724        1874        2314        4149
0000512        2497        2031        2295        2877
0000528        3251        2209        2489        2738
0000544        2630        3404
0000552
