0000000       44525    13455346        1922           0
0000016           0           0           0           0
0000032           0           0          61          46
0000048          67          73          80          82
0000064          69          74          56          66
0000080          56          80          53          78
0000096          64          44          92          57
0000112          70          72          40          32
0000128          66          58          63          67
0000144          41          31          35          79
0000160          48          95          22         111
0000176          61          89          59          39
0000192          77          79          32          35
0000208          84          90          69          64
0000224          50          58          37         154
0000240          83          54          77          42
0000256          46          73         107          51
0000272          53          66          53          38
0000288          98          54          52          33
0000304          32          64          42          54
0000320          50          32          52          51
0000336          61          35          48          53
0000352          43          50          54          30
0000368          39          59          23          29
0000384          96          47          37          39
0000400          30          55          67          51
0000416          31          52          32          40
0000432          70          44          30          47
0000448          39          53          39          47
0000464          59          55          49          39
0000480          38          48          39          23
0000496          49          36          40          84
0000512          36          38          33          86
0000528          68          38          67          51
0000544          54          69
0000552
