0000000        1430    12847975        1926           0
0000016           0           0           0           0
0000032           0           0    18022836    18036829
0000048    18043900    17674486    17936018    17559512
0000064    17950338    17589138    17891206    17596440
0000080    17892054    17626201    17898688    17882575
0000096    17897548    17739123    17816249    17887878
0000112    17856203    17841199    17710022    17838085
0000128    17659304    17789407    17689582    17817238
0000144    17632914    17817556    17624737    17812007
0000160    17812755    17873051    17929060    17995587
0000176    17966256    17761323    17958847    17784776
0000192    17954124    17777825    17923069    17803359
0000208    17911292    17786450    17915240    17925290
0000224    17861742    17820149    17888510    17884371
0000240    17869127    17887021    17791563    17871669
0000256    17791296    17851812    17797848    17872270
0000272    17748826    17867494    17771772    17867568
0000288    17893797    17916422    17299588    17225287
0000304    17152510    16953225    17253072    16803682
0000320    17233638    16885146    17124286    16995937
0000336    17169194    16966706    17186769    17175912
0000352    17106484    17089766    17185843    17122492
0000368    17087065    17102435    16925423    17066323
0000384    16915654    17046719    17031786    17098189
0000400    16895051    17070732    16899279    17133083
0000416    17099758    17176984    18063342    18063251
0000432    18038675    17993161    18020862    17981156
0000448    18026044    17981082    18012894    17985969
0000464    18016603    17985131    18012055    18017620
0000480    18011037    17994334    18011352    18010204
0000496    18002832    18004117    17980759    18001423
0000512    17981225    17995600    17972780    17999846
0000528    17976711    17996608    17976119    17994854
0000544    17999099    17996801
0000552
