0000000           0           0           0           0
0000016           0           0           0           0
0000032           0           0           0           0
0000048        7632    13786233        1925           0
0000064           0           0           0           0
0000080           0           0           6           2
0000096           1           0           5          20
0000112           2           3           0           8
0000128           3          23           0           4
0000144           8           1           5           0
0000160           1           2           0           2
0000176           2           8           3           6
0000192           1           1           1           8
0000208           4           3           0          36
0000224           6           8           9           2
0000240          14          22           0           1
0000256          10          26           8           0
0000272           3           2           1          39
0000288           4           2          16           0
0000304           0           0          33           1
0000320           2           7           1           1
0000336          12           4           1           0
0000352           2           0           2           2
0000368           4           1           1           2
0000384           2           1           3           1
0000400           4           3           2           1
0000416           0           1           1           2
0000432          10           1           0           2
0000448           2           1           1           0
0000464           2           0       55931    13824783
0000480        1926           0           0           0
0000496           0           0           0           0
0000512           1           3           5           1
0000528           2          14           2           0
0000544           1           2
0000552
