0000000       20809    13410384        1920           0
0000016           0           0           0           0
0000032           0           0         538         103
0000048         134         751         617        1520
0000064         554         431         129         890
0000080         503        1678         182         889
0000096        1099          79         768         429
0000112         506         677          98         126
0000128         184         798         456         690
0000144         262          43          87         883
0000160         494         826          18        2228
0000176         899        1705        1286         154
0000192        1771        1713          43         381
0000208        1404        1603        1213         658
0000224         282         713          52        2476
0000240         970         355        1401         452
0000256         164         933        2363         631
0000272         177         595         301         152
0000288        1485         289         240         106
0000304          57         260         125         113
0000320         217          50         136          95
0000336         200          52         158          76
0000352          69         423         421          46
0000368         103          98          36          43
0000384        1078          82          46         133
0000400          64          79         364          70
0000416         113          70          41          74
0000432        1039          89          64          91
0000448          70         149         111          90
0000464         199         614         154          95
0000480          82          96          86          50
0000496         119          61         130         721
0000512          78          83          61         496
0000528         215          91         170         547
0000544         197         155
0000552
