0000000       64850    13367368        1922           0
0000016           0           0           0           0
0000032           0           0        2482        2062
0000048        2518        3192        2862        2985
0000064        2667        2983        2004        2756
0000080        2483        2997        2219        3011
0000096        2645        1842        3565        2504
0000112        2337        2534        2226        2029
0000128        2691        2773        2451        2405
0000144        2258        1857        1969        2866
0000160        2293        3581         442        2977
0000176        2488        2903        2289        1993
0000192        2679        2926        1192        1927
0000208        2694        3219        2435        2783
0000224        2368        2749        1518        3210
0000240        2717        2169        2816        2237
0000256        1833        2706        3103        2297
0000272        2226        3003        2117        2102
0000288        3243        2593        2466        1787
0000304        1815        2647        2220        2028
0000320        2319        1497        2291        2037
0000336        2270        1632        2418        2302
0000352        1827        2433        2722        1245
0000368        2191        2296        1326        1176
0000384        3129        2131        1194        2208
0000400        1751        2001        2899        1807
0000416        1982        1786        1268        2006
0000432        2764        2064        1591        2028
0000448        1624        2194        1955        2102
0000464        2358        2655        2225        2124
0000480        1877        2617        1979        1555
0000496        2341        1358        2062        4080
0000512        2131        1602        1668        2872
0000528        2939        1995        2309        2592
0000544        2410        2992
0000552
