0000000       33193    12859648        1920           0
0000016           0           0           0           0
0000032           0           0     9677956     9709341
0000048     9789560     9622617     9718185     9460019
0000064     9804063     9565157     9739002     9595534
0000080     9744999     9633670     9829868     9788557
0000096     9834627     9914559     9614021     9868049
0000112     9747768     9735166     9851343     9725655
0000128     9837016     9599838     9856457     9666456
0000144     9742365     9718247     9644014     9688190
0000160     9642615     9834704     9871399     9704305
0000176     9663815     9262544     9722175     9582955
0000192     9879317     9548936     9727808     9712797
0000208     9651624     9604959     9728612     9877610
0000224     9402331     9797936     9458450     9583889
0000240     9462860     9602331     9632690     9502021
0000256     9662690     9410824     9776681     9543703
0000272     9213621     9529955     9405584     9488475
0000288     9665090     9800875     9982771     9918630
0000304     9894648    10092564    10099060     9748822
0000320    10175767     9982142    10034556    10338486
0000336    10136593    10208231    10172801    10202875
0000352    10025865    10568641    10195825    10050576
0000368     9951402     9993371    10095871     9916766
0000384    10196749     9898274    10500495    10005467
0000400    10060509     9929795    10103327    10086046
0000416     9926944    10123526    10285982    10371350
0000432    10295241    10220696    10179999    10145226
0000448    10301165    10084324    10167949    10271160
0000464    10306217    10281199    10206466    10403655
0000480    10301552    10560850    10259393    10387152
0000496    10166550    10203234    10260150    10231422
0000512    10402057    10102708    10091502    10189503
0000528    10256951    10122166    10178056    10029342
0000544    10190522    10063914
0000552
