0000000       10152    12873329        1950           0
0000016           0           0           0           0
0000032           0           0      768502      754873
0000048      830336      789975      815519      726846
0000064      833800      759228      800269      753058
0000080      788737      785176      852542      818794
0000096      850999      864288      778300      865637
0000112      787032      799845      841030      771994
0000128      854715      775391      851399      786055
0000144      822915      803336      740664      833775
0000160      777987      856565      507321      614017
0000176      560817      456903      586126      481307
0000192      667824      507305      531466      525572
0000208      559076      507018      575751      631381
0000224      461749      540932      468555      541990
0000240      506373      502855      535783      501685
0000256      467436      506407      544570      521868
0000272      423457      531866      459594      478120
0000288      551071      565695      497314      463776
0000304      462438      532305      529742      436895
0000320      554835      468986      516404      603196
0000336      546719      523887      544370      594031
0000352      498539      677195      578548      495181
0000368      478408      497924      498527      475077
0000384      576671      536278      627317      518070
0000400      508634      513610      559248      556410
0000416      506219      578276     3710631     3811925
0000432     3762884     3782904     3618820     3680706
0000448     3723271     3579068     3595248     3725668
0000464     3692369     3766070     3561917     3752770
0000480     3662192     4032160     3611237     3752476
0000496     3558346     3537092     3747287     3653753
0000512     3913031     3499831     3638807     3561149
0000528     3774116     3510718     3698415     3439454
0000544     3570924     3472686
0000552
