0000000          13    13237802        1921           0
0000016           0           0           0           0
0000032           0           0        6295        4167
0000048        5423        8733        8113       11644
0000064        7021        6571        4342        8324
0000080        6223       14681        5239        7880
0000096        9980        4126        8223        6605
0000112        5743        6997        4841        4385
0000128        6084        7353        6259        6821
0000144        5435        3978        4083       10020
0000160        5965        8882           0           0
0000176           0           0           0           0
0000192           0           0           0           0
0000208           0           0           0           0
0000224           0           0           0           0
0000240           0           0           0           0
0000256           0           0           0           0
0000272           0           0           0           0
0000288           0           0           0           0
0000304           0           0           0           0
0000320           0           0           0           0
0000336           0           0           0           0
0000352           0           0           0           0
0000368           0           0           0           0
0000384           0           0           0           0
0000400           0           0           0           0
0000416           0           0           0           0
0000432           0           0           0           0
0000448           0           0           0           0
0000464           0           0           0           0
0000480           0           0           0           0
0000496           0           0           0           0
0000512           0           0           0           0
0000528           0           0           0           0
0000544           0           0
0000552
