0000000       28787     1871695        1923           0
0000016           0           0           0           0
0000032           0           0      159084      187498
0000048      123279      171318      142378      148365
0000064      140112      145207      146324      157246
0000080      134330      142319      150863      147024
0000096      174630      134346      143495      141625
0000112      161534      153378      132917      146649
0000128      148393      160396      156303      144803
0000144      129807      155078      137095      144670
0000160      136786      141503      150730      216071
0000176      239284      224871      192166      206765
0000192      196966      188024      232423      179822
0000208      213508      174406      198335      172369
0000224      175723      204198      196030      195364
0000240      180011      170508      179945      189717
0000256      166111      164959      189827      159276
0000272      185717      193011      175574      165779
0000288      172216      208077      143972      112024
0000304      131695      142724      126592      133168
0000320      143010      127545      125328      114687
0000336      137088      112118      131473      122562
0000352      194487      135253      131534      138906
0000368      127813      143380      122480      126502
0000384      150049      141772      129734      111624
0000400      115215      127146      127722      145656
0000416      114609      191001      588370      632510
0000432      558622      575413      573784      480558
0000448      618853      491548      601556      540941
0000464      546749      602571      621980      563641
0000480      575258      743001      508884      656751
0000496      521889      544861      571926      602392
0000512      641236      477892      582492      547017
0000528      493437      587782      544228      531798
0000544      565813      567846
0000552
