0000000        3179     2041637        1921           0
0000016           0           0           0           0
0000032           0           0          51          16
0000048          20          18          61          23
0000064          55          66          34          93
0000080          25          24          70          62
0000096          89          72          36           3
0000112         110          76          10          43
0000128          70          69          52          50
0000144          25          36          42          60
0000160          49          65           0          64
0000176          81         106          64          85
0000192          15          59          81          98
0000208          56          48         105          51
0000224          60          65          34          80
0000240          47          55          60          48
0000256          81          84          54          49
0000272          59          62          34          11
0000288          32          68          44           4
0000304           8           6           3          11
0000320          14           6           3           0
0000336          46           1           2           6
0000352          25           2          23           3
0000368           2           9           2          29
0000384          32           4           0           1
0000400           5           4          12          11
0000416           1           4          31          57
0000432          39          26          14          13
0000448          68          26           8          51
0000464          53          44          46          61
0000480          99          46          21          55
0000496          17          54          42          85
0000512          11           6          43          17
0000528          45          57          15          31
0000544          72          17
0000552
