0000000       12887     1988920        2002           0
0000016           0           0           0           0
0000032           0           0         395          88
0000048          64         141         872         138
0000064         232         822         137        1389
0000080         118         145         756         425
0000096        2245        1306         112          74
0000112        2553         958          95         169
0000128         419         393         505         357
0000144         108         219         149         993
0000160         616         770          60        2221
0000176        3032        3003        1819        1562
0000192         290        1814        1957        2798
0000208         844        1248        2940        1429
0000224         808        1787         946        2361
0000240         398         495        1834         588
0000256        1621        1803         966         339
0000272         827        1444         422         114
0000288         445        2102         280          47
0000304          82          89          68          83
0000320         100          60          72          52
0000336         253          40          54          57
0000352         128          58          85          88
0000368          68          94          54         123
0000384         143          83          61          50
0000400          66          69          92          70
0000416          32          71         560        1181
0000432         495         158          83         109
0000448         703         212          78         465
0000464         559         829         501         905
0000480        1073         597         124         546
0000496         110         508         834        1340
0000512         115          55         323         116
0000528         354         906         109         191
0000544         919         140
0000552
