0000000       54983     2405817        1922           0
0000016           0           0           0           0
0000032           0           0           1           0
0000048           0           3           4           1
0000064           5           1           0           3
0000080           1           2           4           1
0000096           3           2           1           0
0000112           4           5           0           0
0000128           1           2           2           3
0000144           1           2           3           1
0000160           2           1           0           0
0000176           4           2           3           3
0000192           0           1           2           5
0000208           1           2           2           4
0000224           3           4           1           0
0000240           1           3           2           0
0000256           2           0           1           1
0000272           2           2           3           0
0000288           2           1           4           1
0000304           1           1           0           0
0000320           1           0           0           0
0000336           3           0           1           0
0000352           0           1           0           0
0000368           0           1           0           4
0000384   232650624       32599  1354098864       32766
0000400  -941083191       22099  -941069344       22099
0000416   236490816       32599   231018179       32599
0000432  -941068224       22099   232650624       32599
0000448   232633856       32599   230961578       32599
0000464  -941068224       22099  1354098896       32766
0000480  1354098960       32766   235077190       32599
0000496  -941068287       22099 -1131412992 -1783615931
0000512           0           0           0           0
0000528           0           0           0           0
0000544           0           0
0000552
