0000000       59763     1977067        1921           0
0000016           0           0           0           0
0000032           0           0        2443         963
0000048         666        1376        2512        1543
0000064        1913        2500        1677        3016
0000080        1438        1541        2537        1983
0000096        3071        2421        1531         462
0000112        3526        2693         668        1870
0000128        2324        2504        2478        2168
0000144        1073        1920        1731        2381
0000160        2183        2383         529        2436
0000176        3254        3421        2706        2851
0000192        1773        2581        2762        3167
0000208        2411        2143        3342        2354
0000224        1862        2537        2027        2720
0000240        1970        2028        2479        2269
0000256        2640        2949        2228        1895
0000272        2462        2333        1870        1106
0000288        1704        2694        1953         195
0000304         605         357         329         611
0000320         862         320         353          48
0000336        2032         122          79         208
0000352        1358         205         873         482
0000368         201         532         142        1307
0000384        1501         494         145          88
0000400         264         152         651         310
0000416          47          92        2298        2170
0000432        1655        1241         877         925
0000448        2451        1482         757        1997
0000464        2189        1986        2013        2181
0000480        3184        2111        1173        2454
0000496         901        1983        1874        2616
0000512         921         371        1911        1068
0000528        1976        2668         972        1521
0000544        2649        1429
0000552
