0000000       61229     1793722        1923           0
0000016           0           0           0           0
0000032           0           0         158          67
0000048          68         107         172         100
0000064         108         192          88         230
0000080          62          99         207         114
0000096         277         164          87          34
0000112         272         208          53         118
0000128         116         162         124         144
0000144          82          93          86         156
0000160         154         140           7         139
0000176         205         147          80          72
0000192          11          96          57         181
0000208          42          48         160          79
0000224          27          62          35         132
0000240          17          32          94          35
0000256          87         148          54          28
0000272          39          51          15          12
0000288          23          76         200          35
0000304          95          68          91         122
0000320          95          65          86          75
0000336         199          61          30          44
0000352         245          60         156          63
0000368          51          99          54         214
0000384         170         111          61          35
0000400          61          50         125         102
0000416          48          22          68         102
0000432          68          31          20          38
0000448          74          74          23          96
0000464         113          81          47          65
0000480         190          49          38          73
0000496          31          64          90         109
0000512          17          14          58          27
0000528          95         118          21          47
0000544         148          35
0000552
