0000000       52417     3234498        9557           0
0000016           0           0           0           0
0000032           0           0           1           1
0000048           1           0           0           3
0000064           1           2           0           0
0000080           0           2           3           1
0000096           1           0           0           0
0000112           3           2           2           1
0000128           0           0           1           1
0000144           3           1           1           1
0000160           0           1           0           1
0000176           1           2           1           1
0000192           0           3           2           0
0000208           2           0           2           0
0000224           1           0           0           0
0000240           2           0           1           1
0000256           2           3           0           1
0000272           0           0           2           1
0000288           1           0           0           2
0000304           0           1           1           1
0000320           0           0           1           1
0000336           0           1           1           1
0000352           0           2           1           0
0000368           1           1           0           2
0000384           1           1           2           1
0000400           1           0           2           0
0000416           1           0           3           1
0000432           2           0           1           1
0000448           5           0           0           0
0000464           1           1           1           0
0000480           0           1           0           0
0000496           1           0           2           1
0000512           1           1           0           1
0000528           2           0           1           3
0000544           1           0
0000552
