0000000       32292     2654257        9585           0
0000016           0           0           0           0
0000032           0           0          72          83
0000048          62         143         111         120
0000064          75          89         120         130
0000080          78         113         148         194
0000096         109         197          87          30
0000112         101         111          53          50
0000128          47         131         125         129
0000144         141         204         101         106
0000160         113         102          72          94
0000176          82          94         103         101
0000192          80         173          92          74
0000208          93          42         111          13
0000224          41           9          95          60
0000240          76          72          38          98
0000256          81          71         108         115
0000272          99          15          75          17
0000288           6          20          88          98
0000304         128          40         160          86
0000320         101          77          78         136
0000336         111         153         125         129
0000352         103          75         125         129
0000368          78         112         104          83
0000384         157         117         101         143
0000400         121          90          91          70
0000416         111         110          79         103
0000432         198         177         105         115
0000448         122         131          72         126
0000464          85         169         129         100
0000480          90          80         127          98
0000496         103         121         166          98
0000512         158          78          67          89
0000528          91          85         121          78
0000544          97         131
0000552
