0000000       17925     1867800        9579           0
0000016           0           0           0           0
0000032           0           0           1           2
0000048           0           3           2           1
0000064           0           0           3           1
0000080           1           1           0           0
0000096           1           2           1           1
0000112           0           2           4           2
0000128           2           0           1           2
0000144           1           0           0           0
0000160           0           1           1           0
0000176           1           3           0           1
0000192           3           2           1           1
0000208           1           2           2           2
0000224           1           1           1           1
0000240           0           1           0           2
0000256           1           0           4           0
0000272           2           0           1           1
0000288           0           0           4           1
0000304           1           1           1           1
0000320           0           1           1           3
0000336           4           1           2           0
0000352           2           2           1           1
0000368           1           0           4           0
0000384           1           1           2           5
0000400           1           0           0           0
0000416           1           0           1           0
0000432           3           0           1           0
0000448           2           1           2           4
0000464           1           3           3           0
0000480           1           1           2           4
0000496           1           4           1           1
0000512           4           2           2           1
0000528           0           1           2           1
0000544           2           2
0000552
