0000000       53824     1993286        9550           0
0000016           0           0           0           0
0000032           0           0          63         105
0000048          49         273         185         162
0000064         115         159         274         247
0000080         140         150         305         372
0000096         220         369          96          11
0000112         120         196          31          56
0000128          10         217         259         258
0000144         245         353         182         131
0000160         182         123         293         852
0000176         610         451         683         668
0000192         502        1321         507         468
0000208         518         230         685         173
0000224         286         130         684         265
0000240         533         499         264         574
0000256         371         398         635         618
0000272         619         184         389         196
0000288         147         201         300         322
0000304         542         173         530         406
0000320         439         241         270         747
0000336         404         642         512         419
0000352         432         252         457         383
0000368         234         460         382         383
0000384         517         485         261         821
0000400         559         479         510         286
0000416         457         358         232         463
0000432         675         619         226         400
0000448         450         307         191         493
0000464         174         657         496         338
0000480         327         208         440         406
0000496         290         505         512         317
0000512         641         270         178         326
0000528         271         193         546         200
0000544         363         326
0000552
