0000000       62576     2056957        9557           0
0000016           0           0           0           0
0000032           0           0        9879       11235
0000048        7301       16441       14277       14558
0000064        8986       12485       16664       15244
0000080       12196       12115       17273       18679
0000096       14931       16751       11597        2700
0000112       12456       13297        7845        8520
0000128        4151       14914       15159       16175
0000144       15259       23014       13543       13935
0000160       13544       11501       96647      132837
0000176      108574       95877      134111      128870
0000192      111233      160293       77461      135626
0000208      107819       68525       90142      115630
0000224      111102       52891      143687       47617
0000240      168387      125443       76825      126633
0000256       59608      116287      124192      115512
0000272      134024       73791       80955       92787
0000288       88771       75362       30629       34232
0000304       42298       25573       37948       38041
0000320       33464       28568       31365       56538
0000336       35406       45769       42066       32864
0000352       37680       26690       38919       34536
0000368       27019       40869       42278       30697
0000384       37810       40597       29582       59146
0000400       47537       46586       44860       40435
0000416       48287       37451       27408       37336
0000432       40472       40963       29691       34416
0000448       35654       34871       23368       37910
0000464       27004       43424       32987       31684
0000480       30172       25229       35662       33798
0000496       25715       34448       38661       27160
0000512       39839       28737       24369       34771
0000528       28382       25248       38267       25001
0000544       33993       29781
0000552
