0000000         360     2808925        9558           0
0000016           0           0           0           0
0000032           0           0           3           2
0000048           0           4           3           4
0000064           4           4           6           7
0000080           4           3          13          44
0000096           5          50           5           3
0000112           8           5           4           5
0000128           5           6           4          17
0000144           5          12           7           5
0000160           5           6           4           4
0000176           3           4           4           3
0000192           2           7           2           4
0000208           3           2           6           1
0000224           3           1           5           6
0000240           4           7           4           5
0000256           5           4           5           9
0000272           4           1           4           0
0000288           1           7           4           2
0000304           7           1           3           3
0000320           8           2           2           6
0000336           7           3           4           5
0000352           7           0           8           7
0000368           4           6           2           3
0000384           4           7           3           7
0000400           5           6           2           3
0000416           3           4           7           7
0000432          36          12           2           2
0000448           3           5           1           9
0000464           2           8           2           4
0000480           6           5           3           1
0000496           6           6           1           2
0000512          16           2           1           8
0000528           8           4           3           5
0000544           7           5
0000552
