0000000       30073     2340984        9549           0
0000016           0           0           0           0
0000032           0           0      182285      249491
0000048      210329      369617      299141      283120
0000064      253197      274527      336145      302001
0000080      207468      281790      300785      328265
0000096      301308      327222      206172       61693
0000112      247574      312394      151743      173327
0000128       92109      299469      306311      292151
0000144      327592      391107      263878      268873
0000160      296096      246739       22088      139484
0000176       65013       42848       76176       77234
0000192       51411      187490       85856       20179
0000208       55456        8100       89853        4978
0000224        7450        5645       40423       22170
0000240       19254       27297       10138       43778
0000256       33000       11632       54485       40730
0000272       35632        6637       22055        6000
0000288        5242        6846       49671       70598
0000304      237118       17260      256745       85182
0000320      192051       51504       46147      260300
0000336      143153      302807      217059      185876
0000352      137652       71955      165222      155164
0000368       70466      189693       72854      200421
0000384      221364      209582       63529      270623
0000400      159462      147765      138751       28125
0000416      130241      135820      163262      257092
0000432      305218      295436      131421      203503
0000448      279207      134884      112890      247996
0000464      117283      336849      268501      227233
0000480      149875      167339      264645      274908
0000496      206606      281539      299451      200926
0000512      320608       68081      106052      106155
0000528      178544      133538      279816      113933
0000544      202443      222884
0000552
