0000000       33958     3369871        9558           0
0000016           0           0           0           0
0000032           0           0           1           2
0000048           0           0           0           1
0000064           2           1           1           2
0000080           2           1           4           1
0000096           1           3           0           1
0000112           1           2           0           1
0000128           1           1           2           0
0000144           1           1           2           2
0000160           2           1           0           1
0000176           0           1           0           0
0000192           1           0           0           0
0000208           2           0           2           0
0000224           1           1           1           1
0000240           1           1           1           1
0000256           1           0           1           2
0000272           0           0           1           0
0000288           1           0           2           2
0000304           2           1           0           1
0000320           1           0           1           0
0000336           1           1           3           0
0000352           1           0           0           0
0000368           3           0           0           0
0000384           3           3           1           0
0000400           1           0           3           0
0000416           1           1           2           1
0000432           0           0           3           1
0000448           2           2           1           0
0000464           0           1           1           2
0000480           1           1           0           1
0000496           0           3           1           2
0000512           2           0           2           1
0000528           0           2           1           2
0000544           2           4
0000552
