0000000       61746     3350532        9557           0
0000016           0           0           0           0
0000032           0           0           0           1
0000048           0           1           1           0
0000064           1           0           2           0
0000080           0           2           1           1
0000096           1           2           2           2
0000112           1           1           0           0
0000128           0           0           0           0
0000144           2           0           3           1
0000160           2           1           1           0
0000176           1           1           0           3
0000192           0           2           0           1
0000208           1           0           2           3
0000224           1           1           1           1
0000240           0           1           0           0
0000256           0           1           0           1
0000272           0           0           0           1
0000288           3           0           0           0
0000304           0           1           2           1
0000320           1           0           1           3
0000336           1           1           0           0
0000352           0           0           2           0
0000368           2           1           0           0
0000384           2           0           0           0
0000400           1           0           0           2
0000416           2           2           1           0
0000432           1           2           0           0
0000448           1           0           2           0
0000464           0           0           1           1
0000480           0           0           2           1
0000496           1           1           1           0
0000512           2           1           1           0
0000528           2           0           2           0
0000544           0           1
0000552
