0000000       26650     3195778        9555           0
0000016           0           0           0           0
0000032           0           0           1           0
0000048           2           1           1           2
0000064           1           0           3           0
0000080           1           0           0           1
0000096           0           1           2           1
0000112           0           0           0           0
0000128           1           1           3           1
0000144           0           1           2           1
0000160           1           0           1           1
0000176           1           3           0           0
0000192           2           0           0           1
0000208           1           1           1           0
0000224           0           2           0           1
0000240           1           2           0           1
0000256           1           1           1           0
0000272           1           0           1           1
0000288           3           1           0           0
0000304           3           1           1           1
0000320           1           1           0           0
0000336           0           0           0           0
0000352           0           1           0           2
0000368           0           2           4           1
0000384           0           1           1           0
0000400           2           0           1           0
0000416           1           0           0           1
0000432           0           0           1           2
0000448           0           0           1           1
0000464           1           1           2           0
0000480           0           3           3           1
0000496           1           0           1           1
0000512           0           0           0           0
0000528           1           0           0           0
0000544           0           0
0000552
