0000000       24608     1906448        9554           0
0000016           0           0           0           0
0000032           0           0           1           0
0000048           2           2           0           1
0000064           0           3           1           6
0000080           1           1           4           6
0000096           4           4           1           1
0000112           0           4           0           0
0000128           1           3           2           4
0000144           3          10           1           1
0000160           3           2           0           8
0000176           7           4           6           8
0000192           1          27           2           4
0000208           8           1           8           2
0000224           4           1          10           2
0000240           6           4           3           5
0000256           5           1           5           6
0000272           3           1           3           2
0000288           1           0           2           1
0000304           4           3           5           4
0000320           5           1           4           7
0000336           5           8           4           4
0000352           2           1           1           1
0000368           3           5           5           6
0000384           4           3           2           6
0000400           2           1           4           2
0000416           5           2           3          13
0000432           8           3           2           3
0000448           7           1           0           1
0000464           0          11           8           4
0000480           2           1           3           6
0000496           3           4           4           1
0000512           8           1           0           1
0000528           3           1           6           3
0000544           2           0
0000552
