0000000       15150     2925017        9556           0
0000016           0           0           0           0
0000032           0           0           2           2
0000048           1           9           2           1
0000064           2           1           1           5
0000080           1           2           8          11
0000096           3           2           2           3
0000112           1           2           1           2
0000128           1           4           6           2
0000144           3           8           1           2
0000160           5           1           1           3
0000176           0           1           2           0
0000192           0           3           3           4
0000208           1           2           0           0
0000224           0           0           3           2
0000240           2           0           1           2
0000256           1           1           0           1
0000272           3           1           1           0
0000288           2           1           2           2
0000304           4           1           4           3
0000320           6           2           2           4
0000336           2          10           5           2
0000352           4           1           2           3
0000368           0           2           1           3
0000384           1           2           1           7
0000400           3           0           5           0
0000416           3           1           1           1
0000432           4           2           1           4
0000448           2           3           0           2
0000464           1           8           5           2
0000480           2           1           3           7
0000496           4           8           4           2
0000512           6           1           3           2
0000528           2           5           4           2
0000544           4           4
0000552
