0000000       32875     2097502        9565           0
0000016           0           0           0           0
0000032           0           0    82825645    82832948
0000048    82671439    82341075    82617595    82365272
0000064    82524370    82361355    82550167    82393260
0000080    82561489    82381633    82602457    82607250
0000096    82708544    82356546    82569832    82578620
0000112    82635323    82513698    82369382    82574610
0000128    82321311    82504313    82302612    82522002
0000144    82299875    82518866    82342688    82564151
0000160    82533700    82664221    89446805    89442524
0000176    89351712    89141482    89388828    89125946
0000192    89321845    89116182    89306100    89145469
0000208    89286757    89143682    89338369    89352183
0000224    89330638    89147558    89284937    89267399
0000240    89273023    89290247    89136039    89265546
0000256    89125596    89249256    89119577    89269171
0000272    89114857    89264784    89120573    89248476
0000288    89253657    89273424    88484614    88466250
0000304    88449157    88381802    88428470    88365463
0000320    88418569    88371478    88420701    88351986
0000336    88411660    88345008    88414569    88429365
0000352    88427803    88369348    88424361    88412140
0000368    88421040    88404758    88359511    88395930
0000384    88343168    88395225    88355592    88389715
0000400    88344916    88394286    88348648    88409561
0000416    88417253    88420755    86872944    86853957
0000432    86819992    86726034    86817164    86726179
0000448    86790480    86732844    86797598    86729709
0000464    86799453    86721169    86792520    86804823
0000480    86815003    86745449    86795711    86796448
0000496    86787077    86781509    86716446    86780073
0000512    86701529    86778163    86726300    86772537
0000528    86712649    86777097    86704745    86797107
0000544    86777967    86784069
0000552
