0000000       44859     3157098        9553           0
0000016           0           0           0           0
0000032           0           0           0           1
0000048           0           2           1           0
0000064           2           1           1           3
0000080           0           0           0           1
0000096           2           4           0           1
0000112           1           1           1           1
0000128           2           2           2           0
0000144           1           2           1           1
0000160           2           1           2           1
0000176           2           2           1           1
0000192           2           0           1           2
0000208           0           1           0           0
0000224           0           1           1           3
0000240           1           0           1           1
0000256           2           0           1           0
0000272           1           1           0           0
0000288           1           2           2           0
0000304           1           0           0           4
0000320           3           2           0           3
0000336           3           0           1           1
0000352           1           0           3           0
0000368           3           0           1           0
0000384           2           0           3           3
0000400           1           1           0           0
0000416           0           0           0           1
0000432           0           1           0           3
0000448           0           1           0           1
0000464           0           3           2           1
0000480           0           0           3           1
0000496           1           2           1           2
0000512           1           2           0           2
0000528           0           1           1           2
0000544           3           5
0000552
