0000000       26295     3099154        9559           0
0000016           0           0           0           0
0000032           0           0           1           0
0000048           0           1           2           2
0000064           0           3           1           0
0000080           0           0           1           3
0000096           2           2           1           1
0000112           1           0           1           2
0000128           0           2           0           3
0000144           0           0           2           0
0000160           0           0           1           1
0000176           0           2           2           0
0000192           2           2           1           0
0000208           2           2           1           0
0000224           2           1           1           0
0000240           2           2           1           1
0000256           1           1           2           0
0000272           2           0           0           1
0000288           0           0           2           1
0000304           2           0           2           2
0000320           0           0           0           2
0000336           0           3           2           0
0000352           1           0           1           2
0000368           1           1           3           3
0000384           1           1           1           2
0000400           3           0           1           0
0000416           0           1           1           1
0000432           0           1           0           0
0000448           0           2           2           1
0000464           2           1           3           0
0000480           0           2           2           1
0000496           1           1           0           0
0000512           1           1           2           2
0000528           2           1           2           0
0000544           5           2
0000552
