0000000       28101     3331198        9559           0
0000016           0           0           0           0
0000032           0           0           1           2
0000048           0           1           1           2
0000064           1           1           2           1
0000080           2           2           3           2
0000096           3           1           2           0
0000112           2           0           1           0
0000128           0           1           1           5
0000144           2           2           3           4
0000160           2           2           1           1
0000176           1           1           1           2
0000192           4           2           2           1
0000208           1           0           2           1
0000224           0           0           1           1
0000240           1           4           1           2
0000256           1           1           3           0
0000272           2           3           0           0
0000288           1           2           0           0
0000304           1           1           1           0
0000320           0           0           1           1
0000336           1           1           1           1
0000352           1           1           1           1
0000368           2           1           1           5
0000384           0           2           0           0
0000400           2           0           2           0
0000416           0           0           0           1
0000432           2           0           0           3
0000448           0           2           1           0
0000464           0           1           2           3
0000480           0           0           1           1
0000496           1           1           0           2
0000512           1           1           2           2
0000528           2           1           2           1
0000544           2           0
0000552
