0000000        1855     2076277        9556           0
0000016           0           0           0           0
0000032           0           0     6939753     6937372
0000048     6816332     6877923     6941878     6966071
0000064     6790359     6917637     6941980     6912513
0000080     6971050     6845091     7041516     6982423
0000096     6986002     6833030     6935003     6732430
0000112     7007788     6862417     6859988     6859805
0000128     6697266     6902202     6881712     6967999
0000144     6863480     7082486     6964548     7075408
0000160     6909663     6966868    86424185    86617975
0000176    86448707    86251707    86470264    86237211
0000192    86395053    86222949    86352904    86263171
0000208    86352645    86264603    86362511    86398033
0000224    86375974    86275089    86349087    86325582
0000240    86354436    86349339    86254556    86331611
0000256    86231953    86313504    86235213    86328444
0000272    86228173    86329202    86234423    86331595
0000288    86349807    86364806    86024131    86004060
0000304    85985349    85922668    85954668    85905025
0000320    85948119    85911450    85950909    85888395
0000336    85943048    85878104    85944408    85944235
0000352    85947462    85904901    85953585    85943631
0000368    85951980    85932158    85907253    85926223
0000384    85877395    85920843    85893533    85923054
0000400    85886332    85928603    85891625    85955441
0000416    85966834    85958792    76450544    76438519
0000432    76377493    76228058    76369398    76213110
0000448    76317241    76229064    76310090    76238644
0000464    76316326    76228480    76327149    76368328
0000480    76369067    76166937    76346166    76331670
0000496    76289240    76292823    76162610    76253858
0000512    76127971    76319835    76120572    76295839
0000528    76101815    76230547    76130552    76247908
0000544    76256686    76234801
0000552
