0000000       46223     2557540        9556           0
0000016           0           0           0           0
0000032           0           0         143         331
0000048         189        3589        1524        1405
0000064        1202        1833        3313        2880
0000080         339        1533        3695        4751
0000096        2756        5296         273          58
0000112         353        2568          93         146
0000128          61        2154        3386        3634
0000144        3121        4618        1253        1067
0000160        1524         698         132         883
0000176         229         178         445         504
0000192         212        1779         504         120
0000208         259          65         581          43
0000224          65          52         204         108
0000240         145         147          92         250
0000256         137         129         302         204
0000272         177          75         114          70
0000288          57          92         161         155
0000304        1163          84        1761         184
0000320         940         106         118        2311
0000336         311        3198        1192         543
0000352         355         142         696         484
0000368         141         861         171        1301
0000384        1475        1060         134        2215
0000400         590         345         465          95
0000416         338         269         365        2165
0000432        4820        3537         253        1051
0000448        2529         315         173        2097
0000464         229        4172        3475        1415
0000480         401         436        1768        2434
0000496        1065        3329        2540         858
0000512        4292         157         161         281
0000528         472         282        2400         187
0000544         974        1086
0000552
