0000000       34163     2750909        9556           0
0000016           0           0           0           0
0000032           0           0           5           4
0000048           1          97          23          28
0000064          21          39          90          57
0000080           6          32         105         122
0000096          67         137           9           5
0000112           5          49           4           5
0000128           3          53          77          85
0000144          89         130          28          15
0000160          33          18           5          24
0000176           8           6           9          13
0000192           2          43           9           3
0000208           7           9          16           5
0000224           7           2           9           1
0000240           5           2           1          12
0000256           3           4           8           6
0000272           5           1           3           2
0000288           2           0           7           6
0000304          31           2          47           6
0000320          28           4           6          64
0000336          15          65          24          16
0000352          11           8          21          13
0000368           2          18           8          29
0000384          53          31           9          71
0000400          13          15          15           3
0000416          11           8           3          44
0000432         129          99           4          26
0000448          58           7           3          50
0000464           1          91         111          27
0000480          14          14          30          50
0000496          19          93          57          19
0000512         109           4           6           9
0000528           5           7          51           6
0000544          18          31
0000552
