0000000       51695    12604676        1925           0
0000016           0           0           0           0
0000032           0           0    10633296    10693125
0000048    10614459    10424959    10497875    10537290
0000064    10593082    10576055    10655430    10637995
0000080    10695878    10858416    10681693    10735872
0000096    10718182    11035216    10612392    10563558
0000112    10630300    10486087    10821648    10484014
0000128    10806123    10376492    10831774    10364042
0000144    10652210    10417527    10851933    10403126
0000160    10426728    10523950    10460880    10215385
0000176    10049436    10188463    10177205    10369500
0000192     9943062     9968763    10161864    10399289
0000208    10400046    10095593    10241070    10318885
0000224    10124095    10420076     9903776    10198433
0000240     9939387    10103135    10181023     9974427
0000256    10648063     9675731    10337790     9722802
0000272     9947881     9837660    10026725     9759517
0000288     9686809    10109553    18751488    18747108
0000304    18729549    18696127    18732995    18684264
0000320    18722236    18691336    18711913    18691851
0000336    18707620    18696769    18712284    18707342
0000352    18702599    18694548    18701796    18699024
0000368    18698170    18691607    18686691    18689985
0000384    18682026    18689489    18681268    18686833
0000400    18678905    18688961    18674145    18686934
0000416    18690193    18689573    18718438    18719165
0000432    18708484    18637264    18695505    18631148
0000448    18685028    18620675    18676825    18625618
0000464    18681412    18657807    18681174    18676700
0000480    18677843    18637520    18676844    18666758
0000496    18657857    18658800    18629222    18648417
0000512    18621925    18643829    18627043    18639277
0000528    18620185    18643111    18624204    18645726
0000544    18647193    18648399
0000552
