0000000       56869    12773934        1922           0
0000016           0           0           0           0
0000032           0           0        2955        2267
0000048        1909        2608        2677        2594
0000064        2571        1848        2396        2162
0000080        2377        2370        2151        1822
0000096        2097        2011        2355        1938
0000112        2301        2263        2853        2173
0000128        2356        2302        2153        1973
0000144        2319        2013        2721        2377
0000160        2355        1928        1815        2689
0000176        2031        2447        2278        2540
0000192        2381        2387        2635        2739
0000208        3424        2748        2990        2618
0000224        2815        2434        2229        2168
0000240        2404        2363        2291        2745
0000256        2590        2244        2358        2706
0000272        2898        2986        2177        3299
0000288        2437        2772        2409        2562
0000304        2491        2948        2576        3392
0000320        2525        3073        2244        2760
0000336        2961        3553        2598        2518
0000352        2377        2130        2452        2819
0000368        2655        2904        2051        3386
0000384        2230        2530        2614        2779
0000400        2362        2006        2997        2849
0000416        2435        2339        2301        2270
0000432        2523        2669        2647        3142
0000448        2336        2667        2653        4389
0000464        2449        2974        2541        2469
0000480        2296        2700        2394        2334
0000496        2630        3245        2704        3139
0000512        2267        2021        2370        2420
0000528        3000        2160        3053        2297
0000544        2304        2477
0000552
