0000000        6524    12853800        1922           0
0000016           0           0           0           0
0000032           0           0         733         114
0000048          69         308         424          82
0000064         132          54         195          64
0000080          71         109          87          44
0000096          64          62          81          96
0000112         111          75         248          85
0000128         111          64          96          69
0000144          66          73         250         121
0000160         148          57          41         347
0000176          63         367          85         394
0000192         171         128         131         291
0000208         279         623         213         217
0000224         513          86          91          92
0000240         153          64          78          96
0000256         179         150         132         129
0000272         184         140          78         812
0000288         105         209         675         174
0000304         880        1207        1468        1122
0000320         626        1432         117        1050
0000336         884         319         692        1204
0000352         239         200         522        1463
0000368         661         581         125        1622
0000384         104         264         332         836
0000400         109         118         963        1181
0000416         247         118         129         128
0000432          84         540         407        1571
0000448         246         326         553         173
0000464         143         797         425         277
0000480         304         441         566         183
0000496         260        1336         127         714
0000512         142          66         207         134
0000528        1079          77         136          82
0000544         110         354
0000552
