0000000       13411    12565732        1923           0
0000016           0           0           0           0
0000032           0           0    18577207    18577156
0000048    18577908    18565320    18575150    18565920
0000064    18574870    18568359    18576484    18566438
0000080    18577745    18563490    18577358    18584332
0000096    18581949    18565213    18580162    18578034
0000112    18580595    18579875    18558661    18578971
0000128    18562399    18577534    18564069    18580083
0000144    18561491    18578067    18557942    18578377
0000160    18581584    18583271    18590760    18583345
0000176    18584074    18569908    18582902    18566617
0000192    18578706    18570818    18578986    18566653
0000208    18578189    18566470    18578501    18580249
0000224    18575823    18571228    18580483    18580007
0000240    18579190    18579180    18571611    18580162
0000256    18565261    18576861    18568323    18578954
0000272    18562830    18576745    18569654    18573783
0000288    18579219    18578780    18209830    18210981
0000304    18202041    18186143    18199624    18181252
0000320    18197222    18183434    18197591    18181314
0000336    18196077    18182707    18195438    18195458
0000352    18197035    18188092    18197643    18190460
0000368    18193887    18191748    18186371    18187291
0000384    18183577    18193531    18181772    18193123
0000400    18182479    18196012    18176412    18192159
0000416    18200937    18198121    18245144    18239498
0000432    18236273    18223829    18233577    18219752
0000448    18230531    18222858    18229721    18222131
0000464    18230326    18221694    18230828    18229875
0000480    18231391    18222998    18230654    18228130
0000496    18228701    18227004    18223302    18227236
0000512    18222927    18227701    18221872    18228894
0000528    18215533    18227820    18221703    18229801
0000544    18229737    18231004
0000552
