0000000       20585    12513206        1921           0
0000016           0           0           0           0
0000032           0           0        9264        5747
0000048        5607        8625        8766        7715
0000064        7261        6490        7236        6135
0000080        6996        6713        6138        4922
0000096        6622        5371        7699        6095
0000112        7647        7656        7860        7723
0000128        6484        8376        6493        7184
0000144        7347        6082        8454        7695
0000160        7789        4964        1848        6968
0000176        4368        7628        6439        7048
0000192        7839        7313        6974        6997
0000208        8154        9225        8589        7331
0000224        9793        6148        7743        5835
0000240        7226        5716        5783        6894
0000256        5950        7054        6080        8370
0000272        9108        9442        5606       10785
0000288        8201        7070         498         410
0000304         658         876         575         936
0000320         397         895         276         543
0000336         918         553         464         454
0000352         392         307         577         702
0000368         479         618         264         904
0000384         282         468         347         874
0000400         304         302         960         717
0000416         463         246        1196         630
0000432         603        1616        1216        2519
0000448        1007        1256        1155        1318
0000464         659        1142        1006         955
0000480        1221        1298        1128         561
0000496        1070        2029         762        1437
0000512         984         568         684        1351
0000528        2046         572         917         877
0000544         838        1117
0000552
