0000000        4308    12719461        1920           0
0000016           0           0           0           0
0000032           0           0       12677        4709
0000048        3581        6397        8123        4183
0000064        4777        3436        6526        3528
0000080        4579        4903        4235        2962
0000096        3797        3646        4238        3819
0000112        4456        4057        6713        3985
0000128        4368        4003        4133        3171
0000144        4012        3481        7017        4615
0000160        4813        3373        3181       10688
0000176        3647       11249        5333       12652
0000192        6587        5238        6364        9902
0000208       10784       16176        8161        7761
0000224       12793        4561        4922        4780
0000240        5871        4388        4030        4488
0000256        8148        5283        6045        5500
0000272        7345        5822        3989       20355
0000288        5292        7917       66922       38393
0000304       77125       85806      101094       91621
0000320       71543       99534       26759       88469
0000336       76299       62515       77104       92220
0000352       41528       37294       53965      104040
0000368       66894       66860       29244      111182
0000384       29766       42722       55570       69230
0000400       19914       31027       78954       90084
0000416       41620       23214       10679       11325
0000432        7616       28712       27262       74126
0000448       21642       23292       36233       14483
0000464       14098       53574       26750       23976
0000480       22954       28165       32372       18474
0000496       20425       68467        9842       38786
0000512       12496        5852       19547        9117
0000528       57839        7093       12052        9594
0000544       12182       24861
0000552
