0000000           2           1           1           1
0000016           5           4           1           3
0000032           0           0           3           1
0000048           0           3           0           3
0000064           2           0           1           4
0000080           0           4           1           1
0000096           2           2           2           1
0000112           1           0           2           0
0000128           0           2           0           0
0000144           1           2           5           1
0000160           2           2           4           1
0000176           2           1           2           2
0000192           1           1           1           2
0000208           2           0           1           0
0000224           0           1           0           0
0000240           0           1           0           1
0000256       27209    13406454        1919           0
0000272           0           0           0           0
0000288           0           0           4           0
0000304           0           0           3           0
0000320           0           1           1           0
0000336           0           1           2           1
0000352           2           0           1           2
0000368           1           1           1           0
0000384           3           0           1           0
0000400           0           0           1           1
0000416           0           0           1           4
0000432           1           2           0           1
0000448           1           2           1           1
0000464           3           0           1           0
0000480           1           2           3           1
0000496           2           0           1           0
0000512           1           0           0           0
0000528           2           1           0           0
0000544           1           2
0000552
