0000000       61880    12538530        1921           0
0000016           0           0           0           0
0000032           0           0    17556595    17544834
0000048    17543392    17519164    17540448    17519026
0000064    17534084    17521264    17532404    17520420
0000080    17532851    17518086    17532271    17534641
0000096    17533287    17519659    17533393    17528524
0000112    17532729    17529793    17507325    17529881
0000128    17509999    17526740    17512148    17530561
0000144    17507498    17524917    17502853    17523557
0000160    17529107    17530031    17531491    17528101
0000176    17532126    17511816    17531805    17507098
0000192    17524837    17513758    17524350    17507564
0000208    17523467    17507341    17524012    17525769
0000224    17519576    17513589    17527747    17526870
0000240    17525754    17526319    17513430    17526110
0000256    17503622    17521284    17507787    17523666
0000272    17499437    17517071    17507786    17512925
0000288    17525006    17521096      138891      147529
0000304      153202      178499      139872      180188
0000320      122264      177637      117768      136304
0000336      182339      152619      125443      119138
0000352      145424      134889      162691      141615
0000368      127971      147209      106827      148621
0000384      110157      139291      119361      169001
0000400      130599      122041      163597      155147
0000416      144469      111224     1841976     1796284
0000432     1794440     1813717     1799201     1809937
0000448     1792203     1803539     1781548     1799960
0000464     1780827     1775014     1793101     1795780
0000480     1803729     1798787     1785858     1761664
0000496     1788472     1793585     1782128     1785802
0000512     1799687     1778207     1764928     1824475
0000528     1785878     1770591     1783460     1786357
0000544     1777985     1784181
0000552
