0000000           2           5           2           9
0000016          13           5           3          18
0000032           1           9           1           3
0000048           4          11           2           2
0000064           6           6           3           3
0000080           2          13           1           3
0000096           1           8           0           2
0000112           5           4           3           1
0000128           1           1           0           1
0000144           0          16           1           2
0000160           3           1           1           9
0000176           2           4           1           6
0000192           3           3           2          15
0000208           4           2           0           5
0000224           0           0           7           1
0000240           1           0           2           1
0000256        8089    13347913        1928           0
0000272           0           0           0           0
0000288           0           0           1           1
0000304           2           0           2           4
0000320           2           1           1           1
0000336           2           0           1           0
0000352           2           3           1           1
0000368           0           3           5           1
0000384           2           0           3           2
0000400           1           4           1           2
0000416           2           2           0           3
0000432           2           0           0           2
0000448           1           2           0           3
0000464           6           1           5           3
0000480           3           0           4           4
0000496           1           0           1           3
0000512           2           4           1           2
0000528           4           0           0           4
0000544           1           1
0000552
