0000000        1232    12460668        1924           0
0000016           0           0           0           0
0000032           0           0          37           9
0000048           5          25          24          13
0000064          14           9          20           6
0000080           9          10           9           1
0000096           7           4           9           8
0000112           8           9          15          10
0000128          10          15           5           8
0000144          12           5          17          14
0000160          11           8           0          18
0000176           4          10           5           9
0000192          11           9          13          18
0000208           8          21           4          10
0000224          14           3           9           0
0000240           8           1           4          10
0000256           9          12           6           8
0000272           9          10           4          26
0000288          10          10           2           3
0000304           1           4           4           5
0000320           1           9           0           3
0000336           1           0           2           4
0000352           1           0           3           6
0000368           1           3           1           7
0000384           0           0           2           6
0000400           3           2           8           2
0000416           0           0           2           0
0000432           0           4           2           5
0000448           2           5           2           3
0000464           2           0           1           1
0000480           1           2           4           3
0000496           3           4           1           4
0000512           2           0           2           0
0000528           7           2           2           2
0000544           3           2
0000552
