0000000        6571    12499619        1921           0
0000016           0           0           0           0
0000032           0           0        2667         777
0000048         865        2120        2326        1088
0000064        1230         938        1414         703
0000080        1006        1047         921         471
0000096         934         632        1403         925
0000112        1392        1353        1359        1437
0000128         959        1457         925        1199
0000144        1050         859        1800        1468
0000160        1423         589         198        1046
0000176         404        1282         712        1002
0000192        1592         925         894         990
0000208        1094        2299        1228         885
0000224        2158         594        1377         634
0000240        1190         574         554         782
0000256         661        1167         685        1318
0000272        1427        1622         605        2543
0000288        1476         973         135         110
0000304         188         215         173         290
0000320         166         218          84         183
0000336         235         180         161         172
0000352         144         103         158         240
0000368         135         214          71         275
0000384          86         142         116         219
0000400          93          90         271         218
0000416         183          93         224         142
0000432         155         253         247         384
0000448         218         286         267         349
0000464         177         271         217         193
0000480         230         295         242         173
0000496         252         360         186         321
0000512         201         140         178         230
0000528         345         143         213         187
0000544         197         224
0000552
