0000000           2           4           1           4
0000016           2           3           2           1
0000032           4           2           1           1
0000048           1           2           0           2
0000064           1           4           1           3
0000080           0           0           3           3
0000096           1           1           5           0
0000112           2           1           4           2
0000128           1           2           1           2
0000144           0           5           2           2
0000160           0           3           3           2
0000176           1           2           0           1
0000192           1           1           2           0
0000208           1           6           3           0
0000224           0           1           3           0
0000240           1           1           1           1
0000256       57414    13381010        1920           0
0000272           0           0           0           0
0000288           0           0           1           1
0000304           2           3           3           1
0000320           1           0           3           1
0000336           2           1           1           0
0000352           1           0           0           2
0000368           3           1           4           1
0000384           3           1           0           2
0000400           2           0           3           1
0000416           2           0           0           3
0000432           0           1           1           2
0000448           2           1           0           2
0000464           1           4           3           2
0000480           0           2           3           3
0000496           2           1           3           3
0000512           2           1           0           6
0000528           3           0           0           3
0000544           2           0
0000552
