0000000       12066    12879140        1920           0
0000016           0           0           0           0
0000032           0           0         106          61
0000048          48          74          88          81
0000064          58          43          53          49
0000080          59          56          47          36
0000096          41          49          63          49
0000112          54          58          72          55
0000128          62          50          49          51
0000144          40          39          72          48
0000160          60          34          35          93
0000176          36          59          46          67
0000192          63          63          75          90
0000208         108          72          79          64
0000224          75          57          72          61
0000240          58          68          48          61
0000256          60          55          59          68
0000272          70          76          39         126
0000288          63          82          64          57
0000304          85         105         139         132
0000320          65         123          61          85
0000336          89          91          74          95
0000352          60          58          65         116
0000368          79          99          31         127
0000384          48          67          75          90
0000400          52          50         103         106
0000416          70          64          62          57
0000432          52          73          65         121
0000448          70          82          82         102
0000464          55          86          64          62
0000480          59          81          74          67
0000496          60         108          68         101
0000512          54          47          71          58
0000528         124          37          78          47
0000544          59          83
0000552
