0000000       54330    12840206        1920           0
0000016           0           0           0           0
0000032           0           0        1754         394
0000048         250         895        1230         166
0000064         473         109         800         112
0000080         317         486         435          59
0000096         148         153         344         309
0000112         516         252         908         298
0000128         391         134         314         136
0000144         158         164         980         634
0000160         690         148          81        1268
0000176         101        1173         328        1191
0000192         878         472         600        1036
0000208        1236        1614         813         835
0000224        1522         187         504         352
0000240         604         162         152         239
0000256         730         532         496         425
0000272         663         547         123        1814
0000288         504         875        1479         785
0000304        1704        2052        1998        2315
0000320        1591        2138         494        1829
0000336        1884        1295        1728        1813
0000352         964         851        1331        2091
0000368        1583        1571         467        2433
0000384         459         998        1136        1703
0000400         361         612        1900        1952
0000416         949         433         433         540
0000432         213        1310        1222        2266
0000448         887        1013        1487         699
0000464         592        1730        1135         963
0000480        1042        1165        1245         647
0000496         955        2244         346        1640
0000512         556         177         728         495
0000528        2085         220         525         383
0000544         489        1114
0000552
