0000000           3           1           0           2
0000016           3           1           2           3
0000032           0           0           5           3
0000048           1           4           2           0
0000064           1           1           1           1
0000080           3           2           5           1
0000096           2           2           2           0
0000112           4           1           1           1
0000128           0           0           1           2
0000144           2           5           2           2
0000160           1           2           1           0
0000176           0           2           3           3
0000192           1           0           2           0
0000208           3           2           2           0
0000224           2           0           2           0
0000240           0           0           0           1
0000256       65010    13394725        1920           0
0000272           0           0           0           0
0000288           0           0           0           1
0000304           0           1           2           3
0000320           0           0           2           0
0000336           2           1           0           0
0000352           1           1           1           1
0000368           2           1           3           0
0000384           1           1           0           3
0000400           1           2           3           0
0000416           2           0           1           6
0000432           2           0           1           2
0000448           2           1           5           2
0000464           0           3           1           4
0000480           3           2           3           0
0000496           1           0           1           2
0000512           0           1           1           2
0000528           0           4           1           1
0000544           1           1
0000552
