0000000        5855        5136        7232        8974
0000016        7980       10044        7399        8862
0000032        4178        7812        8108        7732
0000048        7244        7482        5450        4982
0000064        6466        8388        7355        7699
0000080        3460       10654        3639        6120
0000096        6731        8346        3934        3974
0000112        8628        8244        5598        3772
0000128        4059        4822        3541        7199
0000144        7351        9544        6098        6934
0000160        7619        9033        5644        8015
0000176        7057        5948        5689        6886
0000192        7105        5408        7097       10211
0000208        4738        9627        5215        3463
0000224        5511        5729        9380        3645
0000240        6380        4647        4902        6972
0000256        8685    13272375        3832           0
0000272           0           0           0           0
0000288           0           0          85          12
0000304           7          36          56           6
0000320          13           3          32           0
0000336          10          11          16           5
0000352           7           3           8          11
0000368          16           7          32           9
0000384          11           5           9           3
0000400           2           8          48          28
0000416          35           1           1          53
0000432           1          35           9          53
0000448          28          15          21          37
0000464          42          68          34          30
0000480          49           4          23           8
0000496          19           1           7           6
0000512          20          14          12           8
0000528          14          15           3          86
0000544          13          32
0000552
