0000000       49849    12931686        1923           0
0000016           0           0           0           0
0000032           0           0          79          32
0000048          35          49          62          42
0000064          40          27          50          26
0000080          42          38          51          19
0000096          23          40          40          40
0000112          50          42          48          37
0000128          42          42          41          28
0000144          36          22          54          38
0000160          50          37          10          48
0000176          28          47          45          49
0000192          42          38          54          53
0000208          71          65          54          53
0000224          58          15          47          36
0000240          50          35          30          45
0000256          56          53          51          48
0000272          58          60          28          76
0000288          54          55          49          34
0000304          53          68          52          74
0000320          44          70          39          50
0000336          71          68          61          54
0000352          57          39          38          54
0000368          59          57          28          68
0000384          27          37          60          55
0000400          35          32          64          56
0000416          47          32          29          33
0000432          25          51          62          59
0000448          32          57          44          74
0000464          44          52          49          33
0000480          35          47          50          44
0000496          43          80          44          66
0000512          37          26          38          49
0000528          76          29          50          34
0000544          46          55
0000552
