0000000        8010    12826570        1919           0
0000016           0           0           0           0
0000032           0           0        2418         996
0000048         769        1647        1944         638
0000064        1299         444        1490         386
0000080         892        1135        1019         175
0000096         641         582         972         882
0000112        1170         833        1594         892
0000128         969         487         938         447
0000144         636         654        1796        1380
0000160        1320         548         230        2038
0000176         494        1913        1073        1910
0000192        1622        1368        1534        1854
0000208        2342        2239        1818        1658
0000224        2199         834        1282        1171
0000240        1374         635         672         981
0000256        1675        1214        1326        1221
0000272        1713        1649         505        2548
0000288        1301        1763        2001        1785
0000304        2115        2386        2241        2855
0000320        2117        2451        1498        2275
0000336        2419        2682        2240        2085
0000352        1807        1638        1947        2368
0000368        2142        2267        1366        2831
0000384        1415        1937        2034        2287
0000400        1390        1402        2343        2374
0000416        1854        1343        1318        1391
0000432         920        2031        2106        2427
0000448        1719        1822        2091        2252
0000464        1482        2342        1975        1811
0000480        1703        1940        1810        1481
0000496        1854        2635        1247        2399
0000512        1357         797        1558        1394
0000528        2485         789        1592        1195
0000544        1345        1901
0000552
