0000000       33980    12918074        1919           0
0000016           0           0           0           0
0000032           0           0          93          53
0000048          37          59          64          55
0000064          47          26          49          36
0000080          42          41          66          29
0000096          49          35          41          25
0000112          43          43          61          38
0000128          43          42          40          28
0000144          44          43          59          67
0000160          47          32          37          66
0000176          28          48          36          58
0000192          54          37          59          55
0000208          68          63          70          61
0000224          70          45          41          48
0000240          53          37          41          52
0000256          66          48          46          53
0000272          85          84          30          66
0000288          61          58          56          51
0000304          42          77          63          88
0000320          58          76          45          63
0000336          63          69          42          52
0000352          57          38          50          75
0000368          42          76          36          81
0000384          53          31          42          67
0000400          51          40          67          61
0000416          55          43          49          44
0000432          34          57          72          69
0000448          63          68          64          83
0000464          49          54          43          52
0000480          41          48          58          38
0000496          63          87          43          70
0000512          36          43          45          37
0000528          91          40          63          34
0000544          54          59
0000552
