0000000           2           3           2           0
0000016           6           4           1           4
0000032           2           6           3           3
0000048           2           2           0           1
0000064           1           3           1           3
0000080           0           5           1           1
0000096           1           4           1           4
0000112           2           1           0           3
0000128           0           0           2           2
0000144           1           8           1           0
0000160           3           3           0           1
0000176           2           1           3           0
0000192           0           2           0           3
0000208           0           1           2           2
0000224           1           2           1           0
0000240           1           1           1           1
0000256       28698    13363487        1920           0
0000272           0           0           0           0
0000288           0           0           6           2
0000304           3           2           2           0
0000320           1           0           3           3
0000336           0           2           5           0
0000352           2           1           3           0
0000368           1           0           2           3
0000384           0           1           2           1
0000400           1           1           1           0
0000416           3           0           1           2
0000432           0           1           2           1
0000448           0           1           1           1
0000464           2           3           0           3
0000480           1           1           1           1
0000496           3           0           1           2
0000512           1           2           0           1
0000528           3           1           0           5
0000544           2           3
0000552
