0000000       16100    12552132        1921           0
0000016           0           0           0           0
0000032           0           0    17940634    17933585
0000048    17933519    17907792    17929947    17907939
0000064    17924002    17910564    17925219    17909784
0000080    17924965    17907337    17924687    17929490
0000096    17927320    17908897    17926805    17920942
0000112    17926130    17922345    17898581    17921309
0000128    17901681    17917981    17903370    17922027
0000144    17899248    17916214    17895166    17916280
0000160    17922752    17922834    17932087    17928965
0000176    17927546    17911319    17926749    17908650
0000192    17921216    17911531    17922768    17909013
0000208    17922146    17909209    17921960    17924966
0000224    17920259    17912080    17923171    17922462
0000240    17921519    17920216    17911309    17921631
0000256    17906893    17917797    17908797    17920428
0000272    17904205    17917649    17908901    17915573
0000288    17921083    17920024    17046001    17047603
0000304    17038827    17025606    17036882    17019391
0000320    17033216    17021645    17033115    17012448
0000336    17038804    17018640    17035222    17032066
0000352    17038088    17021116    17039786    17030682
0000368    17031797    17029217    17010371    17024203
0000384    17009318    17031622    17010770    17030990
0000400    17011366    17030733    17010190    17028510
0000416    17038992    17034016    17683133    17676708
0000432    17673061    17654491    17668463    17646796
0000448    17665875    17652598    17665065    17651676
0000464    17667828    17652342    17667637    17667010
0000480    17669650    17653152    17667758    17666590
0000496    17664141    17660794    17653152    17659565
0000512    17651016    17660688    17648957    17660811
0000528    17637931    17660220    17647373    17663085
0000544    17662214    17663547
0000552
