0000000           0           0           0           0
0000016           0           0           1           0
0000032           0           1           1           1
0000048           0           1           0           1
0000064           0           0           0           0
0000080           0           0           0           0
0000096           1           1           0           0
0000112           0           0           0           0
0000128           0           0           1           0
0000144           0           0           0           0
0000160           0           0           0           0
0000176           0           0           1           0
0000192           0           0           0           0
0000208           0           0           2           0
0000224           0           0           0           0
0000240           2           0           0           0
0000256           0           0           3           0
0000272         552           0   -79464576       32701
0000288           6           0           6           0
0000304           1           0   -81105171       32701
0000320   -79481344       32701   -79464576       32701
0000336          29           0 -1489653488       21949
0000352        3432           0   -81098271       32701
0000368           6           0          10           0
0000384       57495    13518037        5740           0
0000400           0           0           0           0
0000416           0           0           1           3
0000432           1           2           1           1
0000448           1           1           0           0
0000464           1           3           0           1
0000480           1           0           0           1
0000496           0           1           1           1
0000512           0           1           1           2
0000528           0           0           0           0
0000544           0           1
0000552
