0000000     1664587     1717621     1742395     1801599
0000016     1755829     1886086     1728242     1674806
0000032     1749587     1717620     1736685     1772263
0000048     1682058     1707942     1775516     1638780
0000064     1830773     1755175     1722388     1728307
0000080     1686696     1740370      998714     1096958
0000096     1036874      934180     1061285      949167
0000112      997918      951513     1072516      904268
0000128      989447      929609     1012489      980941
0000144      942638      960349      994495     1009025
0000160      923574      947697      971643      897229
0000176      932071      876702      971419      858032
0000192      891811      910151      869283      899266
0000208      900493     1079357     7425954     7411679
0000224     7394305     7526627     7226533     7305285
0000240     7297743     7428037     7520247     7498025
0000256     7610234     7727611     7571615     7299389
0000272     7425211     7761564     7411320     7462659
0000288     7346484     7489720     7519321     7391412
0000304     7606804     7393455     7494708     7265185
0000320     7581859     7273863     7364518     7250859
0000336     7395829     7347516      233328      261150
0000352      261939      297873      216185      203959
0000368      238136      197387      247824      230774
0000384      240498      212547      257495      293290
0000400      229661      297172      250399      306517
0000416      213160      217933      212600      222917
0000432      270277      221366      249774      201875
0000448      193857      205732      196510      229539
0000464      225421      218469       29981    15774019
0000480        1922           0           0           0
0000496           0           0           0           0
0000512      172503      165196      177707      187175
0000528      169475      164101      168619      173275
0000544      206140      172953
0000552
