0000000          68          50          90          63
0000016          63          70          51          65
0000032          40          50          67          48
0000048          50          64          79          59
0000064         104          53          50          37
0000080          46          61          60          90
0000096          79          58          67          45
0000112          50          44          56          46
0000128          43          39          57          82
0000144          41          53          62          17
0000160          44          60          18          47
0000176          36          56          35          55
0000192          39          56          40          50
0000208          45          59          55          37
0000224          55          46          69          79
0000240          36          34          40          36
0000256          48          40          68          61
0000272          47          58          53          48
0000288          34          60          41          49
0000304          76          82          85          57
0000320          58          56          63          82
0000336          69          72          43          56
0000352          56          92          68          78
0000368          75          48          71          50
0000384          41          77          67          56
0000400          73          61          81          68
0000416          54          48          57          69
0000432          99          72          40          48
0000448          34         100          53          91
0000464          45          86       55780    15912714
0000480        1923           0           0           0
0000496           0           0           0           0
0000512          55          49          52          63
0000528           4          37          38          23
0000544          81          59
0000552
