0000000       69538       85469      156068      131131
0000016       82875      117919       81159       65062
0000032       30924       76794      114811       95021
0000048       70319      110765      114197       31708
0000064      169313       90551       74630       66059
0000080       53142       92394       61243      168660
0000096      148786      114324      144633       82645
0000112       83769      105955      141661       35137
0000128       49111       36686      107205      169261
0000144       36723      106281      104015       24809
0000160       45194      104839       15634       41676
0000176       50192       53077       40371       53976
0000192       64078       96111       42511       46991
0000208       34944      131193       86249       49462
0000224      106448      106633      106420      134286
0000240      108265       69955       81690       90262
0000256      105938      126648      138590      123447
0000272       96179      136670       67482      139816
0000288       85611      126742       88633      114450
0000304      116758      126563      148848      106162
0000320      115064      131959      131614      144331
0000336      124283      122532       56703       86909
0000352      135172      151184      110739       51765
0000368       90640       30332       85213       82860
0000384       61988      100191      112837      100958
0000400       97232       91003       93697      132780
0000416       57449       92427       48478       50455
0000432      150504      131056       47458       47279
0000448       34069       74500       49543      123555
0000464       94978      113718        7405    15811079
0000480        1919           0           0           0
0000496           0           0           0           0
0000512        5570        5437        5987        8518
0000528        3418        4798        4919        4490
0000544        8790        8231
0000552
