0000000           2           3           2           2
0000016           2           2           0           1
0000032           0           0           0           1
0000048           0           1           0           2
0000064           2           0           3           1
0000080           0           0           0           4
0000096           2           2           2           0
0000112           0           3           1           0
0000128           1           1           0           3
0000144           0           2           1           0
0000160           1           2           0           1
0000176           1           1           1           0
0000192           0           3           2           3
0000208           1           1           2           1
0000224           0           2           4           3
0000240           2           1           1           1
0000256           2           1           2           1
0000272           0           1           1           0
0000288           0           0           2           1
0000304           3           2           1           1
0000320           0           2           0           4
0000336           1           1           2           2
0000352           1           3           1           2
0000368           1           1           2           1
0000384           1           4           3           1
0000400           1           4           2           3
0000416           3           4           2           1
0000432           5           4           0           2
0000448           3           0           0           1
0000464           2           6         392    15973259
0000480        1921           0           0           0
0000496           0           0           0           0
0000512           2           0           3           1
0000528           0           1           4           0
0000544           1           1
0000552
