0000000        3091        3006        4137        3357
0000016        2958        3982        2908        3166
0000032        2494        2892        3426        2816
0000048        3111        3626        3754        3074
0000064        4553        3028        2826        2654
0000080        2537        3344        3164        4283
0000096        4283        3464        3740        2962
0000112        3515        3025        3697        2817
0000128        2573        2763        3557        4529
0000144        2713        3178        2994        2696
0000160        2898        3163        2422        2872
0000176        2476        2987        2701        3187
0000192        2933        3169        2770        3097
0000208        2997        3491        2788        2041
0000224        3076        2691        3571        3672
0000240        2781        2366        2698        2497
0000256        2634        3194        3587        2966
0000272        2880        3408        2625        3539
0000288        2422        3178        2475        3144
0000304        3352        3495        4054        3158
0000320        3262        3252        3373        3794
0000336        3455        3266        2871        2704
0000352        3715        4366        3438        3049
0000368        3218        2049        3230        2613
0000384        2425        3125        3328        3178
0000400        3135        2963        3428        3664
0000416        3070        2881        2832        2797
0000432        4190        3978        2490        2499
0000448        2367        3418        2754        3739
0000464        2932        3481       61177    15836541
0000480        1919           0           0           0
0000496           0           0           0           0
0000512        2793        2760        2927        3300
0000528        2224        2571        2851        2632
0000544        3689        3051
0000552
