0000000          17           8          58          26
0000016           8          11           9          14
0000032           2          12          26          10
0000048          12          13          18          11
0000064          39           6           8           6
0000080          10          14           9          46
0000096          22           9          21           9
0000112           9          19          16           5
0000128           5           7           9          51
0000144          10          23          12           3
0000160          11          14           1           7
0000176           4          18           5          24
0000192          13          28           3          10
0000208           5          13           7           3
0000224           3           8           8          19
0000240           8           3           5           2
0000256           5          15           6          17
0000272          12           9           3          10
0000288           5           2           0          11
0000304           8          17          24           6
0000320          11          11          20          18
0000336          10          11          53          40
0000352         108          78          98          33
0000368          39          24          30          39
0000384          22          67          56          28
0000400          77          48          56          47
0000416          40          84          22          28
0000432         156         187          13          30
0000448          32          70          32         159
0000464          92          93        5668    15696137
0000480        1922           0           0           0
0000496           0           0           0           0
0000512         496         356         501         746
0000528         193         505         288         303
0000544         500         495
0000552
