0000000           1           1           2           0
0000016           1           1           0           2
0000032           0           1           0           0
0000048           0           1           0           0
0000064           2           0           0           0
0000080           0           0           0           2
0000096           4           0           1           1
0000112           0           0           4           0
0000128           0           0           1           0
0000144           0           1           1           0
0000160           0           2           0           0
0000176           0           0           1           0
0000192           1           1           0           0
0000208           0           1           0           0
0000224           0           2           1           1
0000240           3           0           1           1
0000256           2           3           3           0
0000272           0           0           0           2
0000288           1           0           0           1
0000304           1           2           3           2
0000320           0           1           1           0
0000336           0           0           1           0
0000352           2           4           0           1
0000368           1           0           0           1
0000384           0           1           1           1
0000400           3           0           0           1
0000416           1           3           0           0
0000432           4           4           2           0
0000448           1           0           0           0
0000464           3           1       31268    15986930
0000480        1922           0           0           0
0000496           0           0           0           0
0000512           1           0           1           0
0000528           0           0           0           0
0000544           1           0
0000552
