0000000           0           0           0           0
0000016           0           0           1           0
0000032           0           0           0           0
0000048           0           0           0           0
0000064           0           0           1           1
0000080           0           0           0           0
0000096           0           0           0           0
0000112           0           1           1           0
0000128           0           0           1           0
0000144           0           0           0           1
0000160           0           1           0           0
0000176           0           0           0           1
0000192           0           0           0           0
0000208           0           2           0           0
0000224           0           0           0           0
0000240           0           0           0           0
0000256           0           2           0           1
0000272           0           1           0           0
0000288           2           0           0           0
0000304           0           0           1           1
0000320           2           0           0           0
0000336           0           1           0           0
0000352           0           0           0           0
0000368           0           2           2           0
0000384           0           0           0           0
0000400           1           0           0           0
0000416           1           1           0           0
0000432           2           0           0           0
0000448           1           1           0           0
0000464           0           0         666    15670760
0000480        1922           0           0           0
0000496           0           0           0           0
0000512           3           2           1           3
0000528           0           4           2           0
0000544           1           4
0000552
