0000000    17553723    17534537    17543217    17546948
0000016    17553412    17527668    17557737    17553099
0000032    17558529    17550267    17529379    17552827
0000048    17531361    17546633    17528146    17557955
0000064    17517047    17547587    17532721    17554442
0000080    17565055    17561908    17563744    17592161
0000096    17574259    17549530    17573319    17549349
0000112    17557349    17547026    17558079    17551927
0000128    17560054    17552155    17557800    17556193
0000144    17560199    17546696    17557019    17558840
0000160    17558818    17556274    17552820    17557959
0000176    17548527    17557148    17549971    17558179
0000192    17546467    17555487    17548571    17558482
0000208    17560393    17555123    17564549    17561974
0000224    17560879    17548267    17561147    17545340
0000240    17557299    17548733    17556691    17547244
0000256    17557611    17546163    17558358    17556369
0000272    17557403    17543272    17558777    17556169
0000288    17557587    17554460    17547878    17557668
0000304    17543804    17554708    17538156    17555160
0000320    17542427    17555782    17541145    17556192
0000336    17559536    17559448    17611525    17597143
0000352    17584445    17555645    17579106    17556987
0000368    17571248    17558111    17569411    17557185
0000384    17572836    17556746    17573904    17573238
0000400    17573900    17558635    17572125    17567219
0000416    17566236    17565860    17556729    17564074
0000432    17550295    17563763    17555518    17564423
0000448    17555182    17564609    17555115    17565856
0000464    17565715    17566690       13232    15735091
0000480        1924           0           0           0
0000496           0           0           0           0
0000512    18509952    18502007    18501843    18485665
0000528    18510386    18488940    18500562    18493782
0000544    18494940    18481622
0000552
