0000000       41711     2930761        9555           0
0000016           0           0           0           0
0000032           0           0           0           1
0000048           0           1           1           1
0000064           1           1           2           0
0000080           2           0           1           1
0000096           0           1           2           1
0000112           2           4           1           0
0000128           1           0           2           1
0000144           2           0           2           2
0000160           1           3           3           2
0000176           1           2           2           1
0000192           1           2           1           1
0000208           1           0           1           1
0000224           2           2           4           1
0000240           0           0           1           0
0000256           0           2           1           3
0000272           0           0           1           0
0000288           0           1           0           0
0000304           1           1           3           0
0000320           1           0           2           1
0000336           0           3           3           4
0000352           0           0           0           1
0000368           1           2           1           0
0000384           0           0           2           2
0000400           3           1           4           2
0000416           1           0           1           0
0000432           1           2           0           1
0000448           0           1           0           0
0000464           2           2           1           0
0000480           0           1           2           2
0000496           2           0           1           2
0000512           0           1           2           0
0000528           0           1           2           0
0000544           1           0
0000552
