0000000       59219     2364573        9589           0
0000016           0           0           0           0
0000032           0           0        3671        4347
0000048        3686        4832        3507        3286
0000064        3726        4226        3558        3871
0000080        4779        3094        5039        2970
0000096        3305        3582        3648        3718
0000112        3429        3528        4595        3476
0000128        4067        2127        3868        5039
0000144        4395        3603        4107        3187
0000160        4370        2508        4179        3937
0000176        2889        5266        3893        3120
0000192        6290        4330        2892        3753
0000208        3401        3758        4939        2982
0000224        3459        3107        2957        3441
0000240        3164        3677        5760        3244
0000256        3813        2540        3173        3511
0000272        3244        4102        4088        3075
0000288        2640        3306        2849        2898
0000304        2836        4000        4815        3728
0000320        2898        4092        5084        4953
0000336        5302        5001        4319        4255
0000352        5409        3190        3248        5067
0000368        5110        5994        4173        5546
0000384        4698        3187        4329        6172
0000400        2935        5040        2771        2931
0000416        4159        6033        3349        4987
0000432        5335        4422        5368        6074
0000448        5276        5904        7044        4634
0000464        4914        4434        5517        3634
0000480        3981        5271        2618        5220
0000496        5573        4472        7861        4365
0000512        6789        5720        5730        5599
0000528        4328        4580        3892        3652
0000544        3582        3863
0000552
