0000000        6821     2640835        9562           0
0000016           0           0           0           0
0000032           0           0           3          48
0000048          11          47           7           4
0000064          28          29          32           5
0000080           3           6          59           2
0000096           4          14           4          14
0000112           1           4          59           9
0000128          32           1          10          14
0000144          58           9          21           3
0000160          38           5           4          32
0000176           0          67          35           1
0000192          82          40           2          28
0000208          23          11          52           3
0000224           7           3           2           7
0000240           3          16          86           8
0000256          32           3           3           2
0000272           2          33          32           3
0000288           1           1          13          20
0000304          26          46          66          23
0000320          20          46          53          60
0000336          64          64          42          20
0000352          40          11          15          50
0000368          57          66          56          75
0000384          56          21          31          71
0000400           9          74          11          15
0000416          31          79          20          41
0000432          55          44          56          63
0000448          51          57          79          41
0000464          34          25          66          27
0000480          20          45           7          50
0000496          65          21          80          33
0000512          76          58          58          52
0000528          23          55          29          30
0000544          17          34
0000552
