0000000        9773     2186698        9560           0
0000016           0           0           0           0
0000032           0           0      312656      328430
0000048      308901      370112      272722      290779
0000064      279604      300294      289456      317582
0000080      384482      266405      320967      262625
0000096      285064      274152      295231      279903
0000112      291135      290179      317708      272577
0000128      299842      231815      301477      383715
0000144      313292      301338      329060      296701
0000160      339312      241185      319771      300133
0000176      286677      346525      304116      284009
0000192      450161      324087      268168      311545
0000208      274692      328703      332924      275993
0000224      336360      294144      251108      306204
0000240      266707      318262      347621      267045
0000256      322547      252078      297657      351686
0000272      298467      311194      305885      261220
0000288      266923      297946     1496405     1695794
0000304     1392143     1549130     1546503     1817990
0000320     1905756     1649811     1729831     1641195
0000336     1724857     1927704     1874516     1541663
0000352     1748114     1926798     1445181     2080774
0000368     1731573     2088910     1629735     1701403
0000384     2033515     1501322     1718804     1625331
0000400     1622202     1554687     1693650     1504891
0000416     1550025     1666028    19309647    19261598
0000432    19294451    20359723    18788965    19450271
0000448    19701954    18994968    19909907    19595944
0000464    19740753    20589632    19111495    19579985
0000480    19304507    21928860    18354079    20100806
0000496    18842200    18847849    19088376    18949193
0000512    20678267    17899554    20489714    18380444
0000528    19638083    18035597    20096111    18068600
0000544    17772187    18570431
0000552
