0000000       27148     2621502        9554           0
0000016           0           0           0           0
0000032           0           0          25          54
0000048          31          60          21          10
0000064          49          55          39          11
0000080           6          15          90           7
0000096          11          39          15          30
0000112           6          14          75          29
0000128          60           2          30          46
0000144          61          27          43          11
0000160          53           6          16          46
0000176           6          86          39           4
0000192         105          59          10          45
0000208          26          36          55           9
0000224          15           7           7          20
0000240          15          47          99          21
0000256          39           2           6           6
0000272           8          55          48          17
0000288           2           6          24          37
0000304          29          63          74          51
0000320          28          51          65          72
0000336          74          59          41          61
0000352          55          36          18          67
0000368          65          93          68          78
0000384          57          40          47          92
0000400          22          65          23          25
0000416          49          83          31          57
0000432          60          35          65          70
0000448          53          51          84          43
0000464          44          37          65          43
0000480          41          42           9          43
0000496          70          29          85          42
0000512          75          80          52          71
0000528          51          71          41          36
0000544          27          52
0000552
