0000000       58761     2737491        9550           0
0000016           0           0           0           0
0000032           0           0           4           6
0000048           6           3           2           1
0000064           2           5           2           1
0000080           0           3           5           1
0000096           0           2           2           7
0000112           2           5           4           3
0000128           5           3           2           3
0000144           1           0           2           2
0000160           2           1           0           2
0000176           3           3           2           1
0000192           2           1           1           5
0000208           6           1           4           0
0000224           1           3           1           1
0000240           0           3           3           1
0000256           0           2           2           3
0000272           2           3           0           2
0000288           1           1           5           0
0000304           0           5           2           3
0000320           3           4           2           2
0000336           5           1           4           2
0000352           0           1           4           3
0000368           6          21           1           4
0000384           1           1           2           6
0000400           4           4           1           2
0000416           4           2           3           1
0000432           4           3           2           2
0000448           2           2           6           5
0000464           2           6           3           1
0000480           3           1           2           0
0000496           3           4           2           4
0000512           3           3           4           5
0000528           0           4           2           2
0000544           3           5
0000552
