0000000       54825     2969385        9583           0
0000016           0           0           0           0
0000032           0           0           0           0
0000048           0           1           1           0
0000064           0           2           2           1
0000080           0           2           2           1
0000096           0           0           1           0
0000112           2           1           1           2
0000128           1           1           4           1
0000144           1           1           2           0
0000160           2           2           1           1
0000176           1           1           1           2
0000192           2           1           5           4
0000208           3           2           0           1
0000224           1           1           1           1
0000240           2           0           0           4
0000256           0           2           1           2
0000272           0           0           0           1
0000288           1           1           0           1
0000304           2           0           0           0
0000320           1           3           2           3
0000336           0           4           1           1
0000352           2           1           1           2
0000368           1           1           0           1
0000384           1           2           0           2
0000400           2           0           2           1
0000416           1           2           1           2
0000432           1           1           0           1
0000448           1           2           4           0
0000464           1           1           1           1
0000480           0           0           1           1
0000496           1           0           1           1
0000512           2           0           3           1
0000528           2           1           1           1
0000544           0           0
0000552
