0000000       12159     2306516        9556           0
0000016           0           0           0           0
0000032           0           0        7483       17000
0000048       10069       17457        6741        7096
0000064       14541       12018       15545        7100
0000080        8822        6327       50852        5626
0000096        6595        9120        7357       10664
0000112        6245        7068       20321        7477
0000128       20083        3507        9337       10820
0000144       20038        8251       14349        6768
0000160       17676        4741        8042       14697
0000176        6736       55004       17091        6480
0000192      113080       19369        6952       22430
0000208       12799       16709       25946        6937
0000224        9604        6415        5823       12448
0000240        7744       15513      120631        7858
0000256       26176        4991        6837        8168
0000272        6585       21797       16155        7306
0000288        4992        6297       14691       33964
0000304       26869       78746      109050       41429
0000320       31992       91156       64352       82378
0000336      154921      144425      116458       31855
0000352       55481       20807       13453      177509
0000368      157205      216551      102850      128914
0000384      128202       33038       64559      187310
0000400       21682      134901       14819       19942
0000416       53589      166302       49201      154197
0000432      151641      139655      156257      193366
0000448      148112      193160      223347       88814
0000464      102253       83705      171178       78117
0000480       56498      165982       13233      163360
0000496      156177       52556      251351       60348
0000512      197913      144116      187900      165367
0000528       69252      119800       77044       57330
0000544       33956       70246
0000552
