0000000       29289     3143298        9556           0
0000016           0           0           0           0
0000032           0           0           0           1
0000048           0           3           0           1
0000064           3           1           1           0
0000080           0           2           1           3
0000096           1           0           0           0
0000112           0           1           2           0
0000128           1           0           0           0
0000144           2           1           1           1
0000160           0           0           0           0
0000176           0           2           1           1
0000192           1           3           2           0
0000208           0           0           0           2
0000224           0           0           1           1
0000240           0           0           1           1
0000256           0           3           0           0
0000272           0           1           0           1
0000288           0           0           1           0
0000304           0           0           1           1
0000320           0           3           2           3
0000336           4           0           0           1
0000352           2           0           1           0
0000368           0           1           0           0
0000384           2           1           1           0
0000400           1           1           0           0
0000416           0           0           1           1
0000432           2           3           2           0
0000448           0           0           0           2
0000464           0           0           0           1
0000480           0           1           0           2
0000496           0           2           1           0
0000512           1           0           3           1
0000528           0           1           2           1
0000544           0           1
0000552
