0000000       58282     2988700        9557           0
0000016           0           0           0           0
0000032           0           0           1           3
0000048           0           3           2           1
0000064           2           0           0           1
0000080           1           2           1           0
0000096           0           1           0           1
0000112           1           4           2           2
0000128           2           0           1           0
0000144           0           0           4           0
0000160           0           1           0           2
0000176           1           0           0           0
0000192           3           2           1           1
0000208           1           1           1           0
0000224           2           1           2           0
0000240           1           1           2           0
0000256           0           1           0           0
0000272           0           1           0           3
0000288           0           2           1           2
0000304           0           0           1           1
0000320           2           0           0           2
0000336           2           1           0           1
0000352           1           1           0           0
0000368           0           2           2           0
0000384           1           0           1           3
0000400           1           1           0           1
0000416           0           1           1           1
0000432           0           3           1           0
0000448           0           3           2           0
0000464           1           1           0           1
0000480           0           1           0           1
0000496           0           1           0           0
0000512           4           1           0           1
0000528           0           0           0           0
0000544           4           2
0000552
