0000000       41462     2892108        9558           0
0000016           0           0           0           0
0000032           0           0           2           1
0000048           0           0           0           2
0000064           2           2           1           2
0000080           2           0           0           4
0000096           3           1           1           1
0000112           2           3           2           2
0000128           2           1           2           2
0000144           1           0           1           1
0000160           0           2           3           0
0000176           0           0           1           2
0000192           1           1           1           1
0000208           1           0           2           0
0000224           1           3           3           0
0000240           0           2           2           1
0000256           1           2           1           2
0000272           1           0           1           1
0000288           1           0           2           2
0000304           2           3           2           0
0000320           1           3           2           0
0000336           0           1           0           0
0000352           0           0           1           4
0000368           0           0           1           0
0000384           3           0           0           1
0000400           1           1           0           1
0000416           1           3           0           0
0000432           2           0           1           2
0000448           4           0           0           1
0000464           1           3           1           0
0000480           1           1           1           1
0000496           0           1           1           1
0000512           0           1           1           2
0000528           0           1           1           1
0000544           1           1
0000552
