0000000       41450     2103657        9561           0
0000016           0           0           0           0
0000032           0           0    92319798    92316691
0000048    92320080    92286972    92306049    92299733
0000064    92300508    92294875    92297304    92307627
0000080    92302482    92307047    92298209    92304594
0000096    92315651    92303817    92305216    92301253
0000112    92304575    92304821    92286970    92296402
0000128    92273804    92296937    92278487    92293814
0000144    92268578    92291659    92270987    92294505
0000160    92292842    92293492    92348622    92347645
0000176    92340900    92325405    92341734    92328812
0000192    92338269    92326682    92337797    92326646
0000208    92334734    92325183    92336492    92339313
0000224    92338717    92326830    92330959    92331894
0000240    92329090    92328842    92309584    92326730
0000256    92313468    92325352    92318663    92325288
0000272    92317633    92323678    92314235    92324012
0000288    92324366    92324750    93234860    93228503
0000304    93231724    93210888    93223068    93211415
0000320    93223025    93212783    93218394    93208981
0000336    93215734    93208617    93221601    93224024
0000352    93224469    93215982    93226932    93214857
0000368    93221236    93215148    93205335    93217427
0000384    93202259    93222136    93204030    93212000
0000400    93207754    93215343    93209768    93222732
0000416    93223299    93217297    92893816    92853441
0000432    92843141    92795038    92826986    92784868
0000448    92811653    92789386    92808812    92792717
0000464    92810681    92794553    92808339    92812797
0000480    92815846    92793287    92810431    92809626
0000496    92802283    92804147    92780416    92804497
0000512    92780818    92803991    92781158    92801396
0000528    92784845    92797259    92784927    92798425
0000544    92803303    92806564
0000552
