0000000       25686     2426409        9559           0
0000016           0           0           0           0
0000032           0           0        2861        3813
0000048        2987        4300        2846        2676
0000064        3273        3543        3067        2806
0000080        2852        2430        4454        2097
0000096        2503        3131        2956        3025
0000112        2298        2709        3968        2889
0000128        3615         447        3198        4163
0000144        3861        2848        3517        2301
0000160        3743        1580        3216        3319
0000176        2175        4553        3322        2153
0000192        5038        3738        2356        3140
0000208        3008        2966        4239        2357
0000224        2785        2139        1957        2795
0000240        2526        3319        4541        2912
0000256        3315        1372        2327        2345
0000272        2020        3558        3568        2426
0000288        1221        1678        2423        2297
0000304        2300        3036        3565        3044
0000320        2262        2844        3933        3800
0000336        3606        3116        2901        3544
0000352        4192        2649        2837        3129
0000368        3344        3547        2963        4176
0000384        3198        2559        3470        4378
0000400        2283        3422        2310        2396
0000416        3212        4363        2229        3095
0000432        3317        2537        3310        3642
0000448        3250        3501        4324        3067
0000464        3165        2830        3442        2499
0000480        2777        3268        1977        3122
0000496        3604        3118        4665        3251
0000512        4045        3546        3205        3452
0000528        2917        3140        2625        2728
0000544        2854        2791
0000552
