0000000       15568     3104661        9551           0
0000016           0           0           0           0
0000032           0           0           0           2
0000048           0           1           0           1
0000064           1           2           1           2
0000080           0           1           2           1
0000096           2           1           0           2
0000112           1           1           3           0
0000128           1           2           0           0
0000144           1           4           1           2
0000160           1           0           2           1
0000176           1           0           1           0
0000192           2           0           1           0
0000208           1           0           0           1
0000224           1           0           0           0
0000240           2           0           2           1
0000256           0           2           0           0
0000272           0           2           1           0
0000288           1           0           2           2
0000304           1           1           2           2
0000320           1           1           1           0
0000336           1           2           4           1
0000352           1           1           0           0
0000368           2           1           3           0
0000384           1           0           0           1
0000400           1           1           1           0
0000416           0           3           0           2
0000432           0           2           0           0
0000448           2           3           0           0
0000464           0           0           0           1
0000480           2           0           0           1
0000496           1           0           0           2
0000512           0           0           1           0
0000528           0           0           2           1
0000544           1           1
0000552
