0000000       42756     2561642        9562           0
0000016           0           0           0           0
0000032           0           0          66          92
0000048          55          86          49          50
0000064          51          76          49          68
0000080          78          44          99          33
0000096          48          64          59          74
0000112          45          64          97          58
0000128          62          11          63          73
0000144          92          56          84          50
0000160          53          39          73          76
0000176          46         122          73          35
0000192         103          62          41          54
0000208          63          63          92          48
0000224          49          52          39          51
0000240          48          65         102          48
0000256          59          20          51          34
0000272          40          81          77          61
0000288          29          35          53          44
0000304          39          74          77          58
0000320          45          38          79          76
0000336          97          60          80          59
0000352          68          54          55          95
0000368          88         153          58         109
0000384          75          54          66         121
0000400          45          94          37          53
0000416          75         107          53          68
0000432          84          55          81          83
0000448          62          79          97          50
0000464          62          39          83          51
0000480          62          86          22          73
0000496          78          43         129          51
0000512         109          79          79          83
0000528          54          77          44          55
0000544          55          58
0000552
