0000000       12043     1817826        9559           0
0000016           0           0           0           0
0000032           0           0           0           0
0000048           1           1           1           2
0000064           1           1           1           0
0000080           3           0           1           1
0000096           2           1           2           2
0000112           1           1           0           3
0000128           1           0           1           4
0000144           0           2           3           1
0000160           2           1           1           2
0000176           0           0           3           1
0000192           0           2           0           1
0000208           1           0           2           2
0000224           1           2           0           1
0000240           3           2           0           0
0000256           1           2           0           1
0000272           2           0           0           0
0000288           1           2           0           0
0000304           3           3           2           1
0000320           1           1           0           2
0000336           3           1           0           0
0000352           2           1           0           0
0000368           2           1           0           1
0000384           0           2           2           1
0000400           1           1           1           1
0000416           0           1           1           0
0000432           1           0           0           4
0000448           3           0           1           1
0000464           1           1           0           2
0000480           1           0           1           3
0000496           0           6           1           1
0000512           2           2           1           2
0000528           0           1           1           0
0000544           0           0
0000552
