0000000       55868     3317281        9557           0
0000016           0           0           0           0
0000032           0           0           0           1
0000048           1           0           2           2
0000064           0           1           1           0
0000080           0           0           2           2
0000096           0           1           3           0
0000112           1           3           1           1
0000128           0           1           1           1
0000144           1           0           0           0
0000160           0           0           0           3
0000176           0           2           2           0
0000192           1           1           0           1
0000208           0           2           2           0
0000224           1           0           0           1
0000240           0           1           2           1
0000256           3           2           0           0
0000272           0           3           1           2
0000288           1           0           0           1
0000304           0           0           0           2
0000320           1           3           2           2
0000336           1           2           0           1
0000352           0           0           1           0
0000368           1           3           4           0
0000384           1           0           2           1
0000400           0           2           0           0
0000416           0           0           0           0
0000432           2           2           1           1
0000448           0           3           1           2
0000464           1           1           2           5
0000480           0           1           0           0
0000496           1           0           1           0
0000512           0           2           1           3
0000528           1           0           2           0
0000544           0           1
0000552
