0000000       44223     2718166        9557           0
0000016           0           0           0           0
0000032           0           0           2           3
0000048           2           6           1           2
0000064           4           3           3           0
0000080           4           4           5           1
0000096           1           3           5           1
0000112           3           2           3           2
0000128           4           3           0           4
0000144           3           5           4           2
0000160           1           1           6           2
0000176           3           4           2           0
0000192          11           2           3           2
0000208           6           2           2           4
0000224           3           0           1           1
0000240           1           0          11           1
0000256           3           1           3           1
0000272           1           4           1           1
0000288           0           3           1           2
0000304           3           4           4           3
0000320           2           2           4           3
0000336           7           6           1           2
0000352           5           4           2          13
0000368          10          39           7          10
0000384           5           1           1          15
0000400           2          10           1           3
0000416           2           7           2           2
0000432           1           3           7           6
0000448           3          10           8           1
0000464           3           3           7           0
0000480           2           7           1           2
0000496           2           3          15           2
0000512           6           3          15          11
0000528           4           3           3           0
0000544           2           3
0000552
