0000000       26189     2248508        9558           0
0000016           0           0           0           0
0000032           0           0      303381      324541
0000048      302905      358835      265414      284005
0000064      277113      296655      286503      299868
0000080      360976      258187      321109      252356
0000096      275569      270181      288247      274341
0000112      274535      280935      314514      266281
0000128      296810      173404      300789      372394
0000144      309232      293750      318078      283917
0000160      334273      219502      308974      295107
0000176      259568      337443      298965      263929
0000192      379579      316118      258898      288887
0000208      265452      300305      328329      250620
0000224      296284      258557      238688      286163
0000240      257862      311246      331182      261079
0000256      302534      228498      275911      326373
0000272      271458      300480      299653      249664
0000288      226653      271342      226104      223070
0000304      214142      247731      276912      258236
0000320      216215      248593      317154      308681
0000336      264059      270849      249388      330264
0000352      310879      238219      270216      237166
0000368      235705      245471      232245      292689
0000384      241723      224870      283476      285437
0000400      220654      241880      228211      224990
0000416      267963      310147      222978      252003
0000432      256105      231866      265824      264788
0000448      259852      248898      324707      257258
0000464      273908      259113      260979      214207
0000480      242154      242635      212876      253691
0000496      275810      309604      339352      259516
0000512      300534      294617      242916      254233
0000528      254246      229752      223846      223105
0000544      242319      237117
0000552
