0000000       36972     2026328        9563           0
0000016           0           0           0           0
0000032           0           0       51020       44591
0000048       38149       42907       31773       32256
0000064       26999       33423       31573       38242
0000080       32291       28999       58167       24069
0000096       40731       24717       28661       21965
0000112       32540       26910       53179       32208
0000128       33500       17234       27766       46035
0000144       37439       29838       26674       28410
0000160       39925       23615       35791       38529
0000176       23334       43737       62167       29216
0000192       36454       59949       24804       35985
0000208       32254       33819       47782       22585
0000224       25874       25489       22956       25809
0000240       28546       42187       54418       43132
0000256       31379       27119       27832       45698
0000272       24938       42574       38675       25676
0000288       38608       24837       11834       11696
0000304       15126       16504       20316       14812
0000320       10203       20673       18069       22576
0000336       18988       20918       16665       23219
0000352       26419       12360       19240       16300
0000368       17373       19578       17621       20642
0000384       15544       14734       19436       22312
0000400       12793       20096       12231       13386
0000416       21622       23316       16997       20896
0000432       21275       18152       23576       23698
0000448       16921       25438       20828       19562
0000464       16382       19073       20018       13893
0000480       17071       16137       14671       16465
0000496       19811       18708       34025       15721
0000512       21981       30437       19473       24007
0000528       18355       19819       13670       15187
0000544       16854       13796
0000552
