0000000       12330     1964559        9561           0
0000016           0           0           0           0
0000032           0           0         180         274
0000048         205         345         150         172
0000064         202         216         216         173
0000080         126         146         435         105
0000096         136         162         143         156
0000112         107         104         342         135
0000128         265          18         144         185
0000144         259         140         163         106
0000160         263          86          92         246
0000176          90         361         283         108
0000192         317         333         101         212
0000208         200         183         339         104
0000224         132          93          83         148
0000240         159         240         484         167
0000256         181          91         103         148
0000272          98         256         220         113
0000288          92          85          39          54
0000304          73         112         151          80
0000320          36         149         105         154
0000336         147         168         115         100
0000352         158          39          88         153
0000368         188         246         154         154
0000384         117          63         135         232
0000400          50         168          27          47
0000416         129         197          66         139
0000432         168         112         186         227
0000448         102         243         153         126
0000464          85          81         159          71
0000480          90         133          31         119
0000496         153          70         369          59
0000512         192         236         191         224
0000528          89         177          66          73
0000544          69          60
0000552
