0000000       51483     3375318        9557           0
0000016           0           0           0           0
0000032           0           0           1           0
0000048           0           0           0           0
0000064           1           0           1           1
0000080           0           1           1           1
0000096           0           1           1           2
0000112           1           2           1           1
0000128           1           1           1           1
0000144           0           1           1           0
0000160           2           0           2           2
0000176           0           1           0           1
0000192           0           1           2           1
0000208           0           1           0           0
0000224           1           0           0           1
0000240           1           0           0           0
0000256           0           0           0           0
0000272           2           4           0           0
0000288           0           3           0           0
0000304           3           0           0           0
0000320           1           1           1           0
0000336           0           0           1           1
0000352           0           1           2           1
0000368           0           2           0           0
0000384           2           0           1           1
0000400           0           1           1           1
0000416           1           2           0           0
0000432           0           1           1           3
0000448           2           1           1           3
0000464           0           4           0           0
0000480           2           2           1           0
0000496           2           2           0           0
0000512           1           0           2           1
0000528           2           0           2           0
0000544           2           1
0000552
