0000000       50576     2405160        9563           0
0000016           0           0           0           0
0000032           0           0        3362        3866
0000048        3236        4459        3249        3090
0000064        3395        3979        3280        3579
0000080        4260        2862        4505        2701
0000096        2937        3300        3317        3364
0000112        3006        3140        4149        3330
0000128        3695        1396        3580        4533
0000144        4079        3165        3825        2837
0000160        3971        2271        3748        3628
0000176        2630        4703        3516        2759
0000192        5031        3929        2538        3449
0000208        3192        3226        4563        2727
0000224        3033        2696        2547        3021
0000240        2769        3438        4734        3027
0000256        3396        2072        2907        3156
0000272        2725        3723        3794        2893
0000288        2160        2738        2696        2483
0000304        2427        3165        3657        3147
0000320        2350        2929        4204        3934
0000336        3763        3307        2904        3627
0000352        4507        2802        3084        3288
0000368        3430        3855        3109        4244
0000384        3261        2725        3492        4409
0000400        2497        3491        2494        2609
0000416        3305        4547        2320        3239
0000432        3485        2658        3504        3808
0000448        3519        3673        4302        3275
0000464        3254        2943        3594        2534
0000480        2861        3282        2217        3404
0000496        3693        3368        4819        3399
0000512        4247        3680        3334        3622
0000528        3034        3101        2753        2716
0000544        2925        2860
0000552
