0000000       34346     2660149        9553           0
0000016           0           0           0           0
0000032           0           0           1           9
0000048           4          12           3           2
0000064           3           4          12           2
0000080           0           3          55           2
0000096           1           8           3          12
0000112           1           2          33           4
0000128          21           1           6           5
0000144          20           2           8           5
0000160          12           5           1           8
0000176           3          47          13           3
0000192          55          15           6          13
0000208           8           6          21           0
0000224           2           1           2           4
0000240           2           5          62           4
0000256           9           5           3           2
0000272           1          16          14           5
0000288           0           2           3           8
0000304           2          25          41           7
0000320          10          34          20          32
0000336          57          45          36          10
0000352          25           4           4          58
0000368          54          52          33          45
0000384          48           6          26          95
0000400           5          51           4           4
0000416          25          62           8          36
0000432          44          31          36          54
0000448          32          57          41          20
0000464          22          13          45          20
0000480          14          42           4          48
0000496          59           5          72          10
0000512          66          40          50          40
0000528          15          46          15           7
0000544           6          17
0000552
