0000000       61992     3297935        9558           0
0000016           0           0           0           0
0000032           0           0           2           0
0000048           0           1           0           1
0000064           1           0           2           1
0000080           0           3           0           0
0000096           0           0           2           0
0000112           0           0           0           0
0000128           1           0           1           0
0000144           0           0           1           0
0000160           0           0           0           1
0000176           0           4           2           0
0000192           1           2           3           0
0000208           0           0           0           0
0000224           0           0           0           1
0000240           1           2           0           0
0000256           0           1           1           0
0000272           0           0           0           0
0000288           1           0           0           0
0000304           0           1           0           0
0000320           1           0           1           1
0000336           0           0           0           0
0000352           1           0           1           0
0000368           1           0           1           2
0000384           0           1           3           0
0000400           1           0           0           1
0000416           0           0           0           0
0000432           2           0           2           2
0000448           1           1           2           1
0000464           1           0           0           1
0000480           0           1           0           1
0000496           1           0           1           0
0000512           0           3           0           1
0000528           2           1           0           0
0000544           0           1
0000552
