0000000       41949     2267826        9558           0
0000016           0           0           0           0
0000032           0           0      210983      302275
0000048      249296      322224      196938      211145
0000064      254963      256028      257189      167911
0000080      202770      178315      312547      159940
0000096      180832      229588      209096      234904
0000112      151816      204079      296143      201274
0000128      279535       43146      248684      280341
0000144      288528      236220      282648      197335
0000160      301379      115723      214776      274461
0000176      202137      331835      281979      178496
0000192      374636      296533      210597      276430
0000208      239075      279757      315178      201589
0000224      254989      179081      155876      259648
0000240      211761      283134      327393      216787
0000256      292781      125237      196790      209893
0000272      174574      278711      272432      200092
0000288      100595      145928      208964      217619
0000304      208125      244142      273092      249081
0000320      206040      247084      311250      302790
0000336      261950      267640      246516      315388
0000352      299581      228543      236881      236840
0000368      234019      244305      230471      289883
0000384      240224      216092      278125      283193
0000400      211001      239028      205994      212402
0000416      259059      305751      216637      249885
0000432      254790      230442      264413      263367
0000448      257146      248530      323864      255191
0000464      271511      255761      259522      211393
0000480      237163      240844      192095      251209
0000496      273738      299190      336512      254183
0000512      298376      291410      241784      254921
0000528      248389      227911      220182      218472
0000544      233320      231346
0000552
