0000000       13785     2950058        9556           0
0000016           0           0           0           0
0000032           0           0           0           0
0000048           0           0           0           1
0000064           0           2           2           3
0000080           2           0           1           1
0000096           1           4           0           2
0000112           0           0           1           0
0000128           1           2           0           3
0000144           1           0           1           1
0000160           0           0           0           3
0000176           0           0           0           0
0000192           3           0           0           1
0000208           1           0           1           4
0000224           0           2           0           4
0000240           0           1           1           1
0000256           3           1           1           0
0000272           1           1           0           0
0000288           3           0           2           1
0000304           1           1           2           2
0000320           4           1           1           2
0000336           2           1           0           2
0000352           3           2           1           1
0000368           0           2           0           3
0000384           0           2           1           0
0000400           0           4           0           1
0000416           1           1           3           3
0000432           0           0           0           2
0000448           3           0           2           1
0000464           0           3           0           2
0000480           2           1           0           1
0000496           1           1           0           1
0000512           1           4           2           2
0000528           0           0           1           0
0000544           1           2
0000552
