0000000       16976     3201309        9560           0
0000016           0           0           0           0
0000032           0           0           1           1
0000048           1           2           0           1
0000064           0           0           1           2
0000080           0           1           0           1
0000096           3           1           1           1
0000112           2           0           2           1
0000128           1           0           1           1
0000144           3           3           2           3
0000160           2           0           0           5
0000176           2           2           1           1
0000192           0           2           1           0
0000208           1           3           3           2
0000224           0           0           1           2
0000240           0           0           1           3
0000256           1           2           0           2
0000272           2           2           2           1
0000288           2           2           1           1
0000304           0           0           1           0
0000320           1           3           3           1
0000336           1           0           1           0
0000352           3           1           1           0
0000368           1           1           2           1
0000384           2           0           1           2
0000400           1           0           1           0
0000416           0           2           0           1
0000432           1           1           1           1
0000448           0           1           1           0
0000464           0           2           3           0
0000480           0           3           1           2
0000496           0           0           2           1
0000512           1           1           0           1
0000528           2           1           1           2
0000544           1           0
0000552
