0000000       11909    13406421        1920           0
0000016           0           0           0           0
0000032           0           0           1           3
0000048           2           5           2           7
0000064           8           5           5           7
0000080           4           5           5           3
0000096           8           1           2           3
0000112           3           3           5           8
0000128           4           2          12           8
0000144           0           1           2           8
0000160           8           1           6           6
0000176           4           5          13          10
0000192          15           5          14           4
0000208          10          15          11           4
0000224           5          16           7           5
0000240           6          34           6           8
0000256           7           9          10           7
0000272           9           5           7          10
0000288           7           6          15          12
0000304          11          24          15           4
0000320          13           7          10          12
0000336          11          17           8          14
0000352          22          30           6          11
0000368          11          19          12          13
0000384           6          13           4           9
0000400           9           3           2           5
0000416          21          10          11          13
0000432          20          13          12          10
0000448          13          12          17          14
0000464           6          15           8           5
0000480           9          12          11           8
0000496           4           5          11           1
0000512           8          13          13           7
0000528           8          21           7           3
0000544           7          23
0000552
