0000000       54329    13272385        3833           0
0000016           0           0           0           0
0000032           0           0        1215        1334
0000048        1357        1959        2137        2031
0000064        2334        2201        1392        1766
0000080        2079        1803        2172        2383
0000096        2120        1191        1772        1684
0000112        1842        1468        1921        2531
0000128        2157        1602        2379        2566
0000144         952         795        2095        4963
0000160        1650        1098        2473        1949
0000176        2952        3550        4144        3573
0000192        4854        2603        3579        1655
0000208        4310        3275        2762        2246
0000224        2649        3579        3733        2729
0000240        2945        6121        3562        2002
0000256        2406        2970        3002        3214
0000272        2249        2197        2827        2848
0000288        1860        2758        3657        4525
0000304        3676        5621        4779        1731
0000320        4800        3762        3665        3886
0000336        4723        4587        2445        5131
0000352        5477        5215        2922        4178
0000368        4368        4531        3345        4447
0000384        4252        4129        3344        3020
0000400        3604        3021        1768        2703
0000416        4812        3134        3546        3896
0000432        4280        2676        2379        3776
0000448        2797        3562        4237        4269
0000464        2332        3318        2919        2355
0000480        2272        3150        2296        2504
0000496        2130        1537        2770        1535
0000512        2887        2944        3665        2216
0000528        3837        4995        3241        1418
0000544        1743        3786
0000552
