0000000         254    12813747        1921           0
0000016           0           0           0           0
0000032           0           0        2222        3616
0000048        2757        3854        3150        3410
0000064        2833        4654        2231        3273
0000080        3356        3755        4220        2528
0000096        4933        2204        4075        3328
0000112        3079        3094        4534        5046
0000128        2187        4316        2624        4306
0000144        2202        2112        2507        8364
0000160        3793        1303          22          44
0000176          48          44         163         146
0000192          52          73          52          27
0000208         132          52          38          60
0000224         107          57         138          34
0000240          39         224          79          42
0000256          25         171          84          81
0000272          32          19          73          86
0000288          36          45          32          34
0000304          37          42          51          20
0000320          44          33           8          31
0000336          25          48          17          60
0000352          73          49          27          25
0000368          32          42          30          39
0000384          45          52          19          31
0000400          40          20           3          17
0000416          67          34        4795        2485
0000432        3420        2649        1865        4644
0000448        1668        4324        2933        4449
0000464        2286        3054        2476        1994
0000480        1874        2166        2673        1707
0000496        2251        1660        3168        1722
0000512        3055        3455        2587        1875
0000528        1988        5187        3143        2063
0000544        1265        2746
0000552
