0000000          10          10           9          12
0000016           6          11           7           8
0000032          16          10           4           8
0000048           5           8           8          10
0000064           9           4           7           8
0000080           6           4          10          11
0000096          12           2           3          19
0000112           6           5           4           8
0000128       63626    13745872        3831           0
0000144           0           0           0           0
0000160           0           0           0           0
0000176           0           0           0           0
0000192           0           0           0           0
0000208           0           0           0           0
0000224           0           0           0           0
0000240           0           0           0           0
0000256           0           0           0           0
0000272           0           0           0           2
0000288           0           0           0           0
0000304           0           0           0           1
0000320           0           0           0           0
0000336           0           0           0           1
0000352           0           0           0           0
0000368           0           0           0           0
0000384           0           0           0           1
0000400           0           0           0           0
0000416           0           0           0           0
0000432           0           0           0           0
0000448           0           0           1           0
0000464           1           1           0           0
0000480           0           0           0           1
0000496           0           1           0           1
0000512           1           1           0           0
0000528           0           1           0           0
0000544           0           0
0000552
