0000000       19158    13320734        1922           0
0000016           0           0           0           0
0000032           0           0          41         102
0000048         131         203         155         436
0000064         506         288         103         189
0000080         398         309         441         572
0000096         584          30         154         205
0000112         284          83         444         452
0000128         279         132         372         774
0000144          27          14         190         425
0000160         248          25         669         345
0000176         738         871        1019         977
0000192        1245         593         845         226
0000208        1002         839         656         466
0000224         515         866         954         677
0000240         688        1729         923         418
0000256         554         775         780         794
0000272         354         462         707         664
0000288         297         746         851        1050
0000304         855        1238        1123         233
0000320        1087         893         852         890
0000336        1100        1006         537        1205
0000352        1269        1133         606        1003
0000368        1039        1061         799        1121
0000384         925         988         686         705
0000400         841         718         200         584
0000416        1142         792        1083        1052
0000432        1154         705         528        1036
0000448         660         922        1189        1141
0000464         483         900         748         467
0000480         442         779         583         518
0000496         400         208         697          90
0000512         762         861         987         409
0000528         648        1408         642          91
0000544         162        1061
0000552
