0000000       51227    13461210        1920           0
0000016           0           0           0           0
0000032           0           0           0           0
0000048           1           1           1           0
0000064           0           0           0           0
0000080           0           0           0           1
0000096           0           0           1           1
0000112           0           0           0           0
0000128           0           0           0           0
0000144           0           0           0           0
0000160           0           0           0           0
0000176           0           2           0           0
0000192           1           0           0           0
0000208           1           1           0           0
0000224           0           1           2           1
0000240           1           3           0           0
0000256           1           0           0           0
0000272           0           1           0           0
0000288           0           0           1           3
0000304           0           6           2           0
0000320           4           0           0           2
0000336           1           1           0           2
0000352           5           4           0           0
0000368           0           4           0           1
0000384           1           1           0           0
0000400           0           0           0           0
0000416           4           0           0           0
0000432           3           0           0           0
0000448           1           0           2           0
0000464           0           0           1           1
0000480           0           0           0           0
0000496           0           0           0           1
0000512           0           0           1           0
0000528           0           2           2           0
0000544           0           0
0000552
