0000000       23058    12802033        1920           0
0000016           0           0           0           0
0000032           0           0          56         127
0000048          80         133         107         136
0000064          98         178          60         113
0000080         124         132         208          89
0000096         270          49         160         105
0000112          87          84         240         233
0000128          76         154          84         204
0000144          50          43          94         365
0000160         152          24           4           2
0000176           1           5          10          10
0000192           4           6           4           2
0000208          11           4           2           4
0000224           1           3          17           1
0000240           1          26           7           4
0000256           2           7           6           5
0000272           1           0           5           6
0000288           1           1           0           2
0000304           0           2           1           1
0000320           2           4           1           2
0000336           2           1           2           1
0000352           5           6           1           1
0000368           3           2           1           2
0000384           2           7           0           5
0000400           3           0           0           1
0000416           8           1         228         102
0000432         179         110          63         219
0000448          54         179         117         233
0000464          61         142          91          66
0000480          52          85         102          49
0000496          75          41         100          54
0000512         137         142         127          77
0000528          78         258         104          50
0000544          33         127
0000552
