0000000       39384    13420052        1921           0
0000016           0           0           0           0
0000032           0           0           0           1
0000048           2           0           1           3
0000064           3           2           0           0
0000080           6           3           4           8
0000096           5           1           0           2
0000112           7           1           5           5
0000128           1           2           3          14
0000144           1           1           0           2
0000160           3           0           5           1
0000176           5          15           6           7
0000192          15           3           6           0
0000208          12           7           4           4
0000224           2           6           4           3
0000240           5          19           8           3
0000256           3           8           3          15
0000272           5           1           5           5
0000288           0           3           7          19
0000304          11           9          10           3
0000320          16           5           8           9
0000336          18          12           4          13
0000352          17          10           7          11
0000368          10          13           6          10
0000384           8          11           8           8
0000400           4           2           1           7
0000416          11          11          14          15
0000432          15           9           9          13
0000448           4           9          12          15
0000464           2          14          12           3
0000480           7           8           6           4
0000496           5           0           3           0
0000512           3          10          14           5
0000528           4          17           5           0
0000544           1          10
0000552
