0000000       59641     7087577        3835           0
0000016           0           0           0           0
0000032           0           0           0           0
0000048           0           1           1           1
0000064           1           1           0           1
0000080           0           2           2           1
0000096           1           1           0           0
0000112           1           1           1           1
0000128           0           1           1           2
0000144           0           0           0           0
0000160           0           0           1           1
0000176           0           2           0           0
0000192           2           2           0           3
0000208           0           1           2           0
0000224           0           0           0           2
0000240           2           0           0           1
0000256           2           0           2           0
0000272           2           0           0           0
0000288           1           0           0           1
0000304           1           4           1           1
0000320           0           2           0           0
0000336           2           1           0           0
0000352           0           1           2           1
0000368           1           0           1           1
0000384           0           0           1           0
0000400           1           2           0           1
0000416           1           1           0           2
0000432           1           1           1           0
0000448           0           0           1           2
0000464           0           0           0           0
0000480           0           2           0           1
0000496           0           1           0           0
0000512           1           0           2           1
0000528           0           0           3           1
0000544           0           1
0000552
