0000000        8527     7046472        3844           0
0000016           0           0           0           0
0000032           0           0           0           1
0000048           0           0           0           1
0000064           0           0           2           1
0000080           1           0           1           1
0000096           0           1           0           0
0000112           1           0           1           1
0000128           1           0           1           0
0000144           1           0           1           1
0000160           0           1           1           0
0000176           2           0           1           0
0000192           0           0           1           1
0000208           0           0           1           0
0000224           0           1           0           2
0000240           1           3           0           2
0000256           2           1           3           1
0000272           1           1           0           0
0000288           1           0           1           2
0000304           0           2           0           1
0000320           0           3           0           1
0000336           1           0           2           3
0000352           0           0           0           0
0000368           1           2           1           0
0000384           0           1           0           1
0000400           0           2           1           2
0000416           0           1           1           0
0000432           0           1           2           2
0000448           0           1           1           0
0000464           1           1           0           0
0000480           0           1           0           2
0000496           1           0           0           0
0000512           0           1           1           0
0000528           0           2           1           0
0000544           1           0
0000552
