0000000       27598     7060147        1920           0
0000016           0           0           0           0
0000032           0           0           0           0
0000048           0           0           0           0
0000064           0           0           0           0
0000080           0           0           1           0
0000096           0           0           0           1
0000112           0           0           0           0
0000128           1           0           0           0
0000144           0           1           0           0
0000160           0           1           2           0
0000176           0           0           1           0
0000192           1           0           0           0
0000208           0           0           1           1
0000224           0           0           0           1
0000240           0           0           1           1
0000256           1           0           1           0
0000272           0           0           0           0
0000288           0           0           1           1
0000304           0           2           0           1
0000320           1           2           0           1
0000336           1           1           0           0
0000352           0           1           0           0
0000368           1           0           0           0
0000384           0           1           1           0
0000400           0           0           1           1
0000416           0           0           1           3
0000432           0           0           0           0
0000448           0           0           0           0
0000464           0           1           1           1
0000480           0           0           0           0
0000496           0           0           0           0
0000512           0           0           0           0
0000528           0           0           0           1
0000544           2           0
0000552
