0000000       63829     6782567        1922           0
0000016           0           0           0           0
0000032           0           0        3842        4722
0000048        3754        4504        2835        3986
0000064        5273        3410        3907        3592
0000080        4543        2740        4467        2635
0000096        2866        2617        3781        3038
0000112        3519        3785        4513        2553
0000128        4212        2543        3584        4492
0000144        5222        3769        4493        4126
0000160        4007        2672        3425        4430
0000176        3913        6293        7528        3208
0000192        9945        4717        3314        7849
0000208        2984        5074        4128        2732
0000224        4373        3206        2844        5128
0000240        3226        5785        9267        3113
0000256        4497        3139        3373        4928
0000272        3911        7224        3879        2728
0000288        2728        3456        9118       16176
0000304        9733       17571       26011       18635
0000320       11315       52842        8421       17377
0000336       25158       38294       31349       12956
0000352       13374        4330        4955       42929
0000368       16908       51504       10359       16938
0000384       15530        4777       23789        9713
0000400       11466       21364        6125        3764
0000416        8594       51276       30854       32822
0000432       39926       45576       31240       53743
0000448       30060       28863       44729       11438
0000464       28803       25006       29587       16198
0000480        9512       24931        6493       39107
0000496       19406       19966       42673        8500
0000512       26275       35395       42557       40033
0000528       14624       19137       17271       26204
0000544        9119       16815
0000552
