0000000        8123     6876452        1920           0
0000016           0           0           0           0
0000032           0           0          80          94
0000048          65          91          65          69
0000064          82          84          71         108
0000080         110          69          71          46
0000096          57          69          91          61
0000112          67          71          92          78
0000128          80          62          76         100
0000144          98          74          96          72
0000160          88          54          77          93
0000176          77         105         100          78
0000192         109          94          58          80
0000208          46          70         106          54
0000224          73          67          62          64
0000240          71          76          99          58
0000256          69          58          82          92
0000272          74         102          83          52
0000288          74          90          75          72
0000304          65          85         111          89
0000320          74         108          92         107
0000336          91         100          74         115
0000352          85          72          66          98
0000368          87         130          53         116
0000384          76          80         115          89
0000400          72          92          67          40
0000416          77         178          57          81
0000432          94          65          84         115
0000448          92          80         102          69
0000464          76          68          71          61
0000480          70          75          69          64
0000496          75          90         114          63
0000512         110         111          96          93
0000528          68          79          78          89
0000544          63          90
0000552
