0000000       33128      784624        1923           0
0000016           0           0           0           0
0000032           0           0    16315682    16294155
0000048    16280684    16232033    16279198    16226847
0000064    16252673    16233390    16254111    16233043
0000080    16260130    16238896    16255166    16267444
0000096    16264830    16236319    16263567    16254764
0000112    16265975    16258998    16233351    16255027
0000128    16221721    16241318    16227154    16252828
0000144    16221241    16248742    16222464    16246907
0000160    16259145    16263177    16925603    16901840
0000176    16896846    16863000    16895680    16859199
0000192    16884075    16864765    16881412    16863260
0000208    16891417    16865438    16897317    16893943
0000224    16889814    16867193    16889269    16890473
0000240    16884646    16883843    16866172    16883437
0000256    16857711    16880434    16855347    16881525
0000272    16857200    16871708    16858675    16874490
0000288    16886457    16879644    16676577    16673137
0000304    16674122    16653067    16671261    16652255
0000320    16671188    16652648    16663584    16651997
0000336    16679305    16656555    16686215    16681094
0000352    16676698    16658290    16675618    16682317
0000368    16668462    16669147    16644620    16673639
0000384    16647337    16668072    16649532    16662321
0000400    16640758    16679638    16642857    16666109
0000416    16679634    16686224    17320010    17304508
0000432    17298932    17278824    17294213    17276996
0000448    17290006    17278836    17286354    17277592
0000464    17290142    17281293    17290825    17293430
0000480    17290086    17279747    17288268    17288512
0000496    17285894    17284163    17275198    17284899
0000512    17274270    17281637    17273560    17280385
0000528    17273012    17280080    17273881    17283588
0000544    17282765    17283493
0000552
