0000000        9480      757346        1921           0
0000016           0           0           0           0
0000032           0           0           3           2
0000048           2           3          11           1
0000064           1           1           0           1
0000080           1           1           1           1
0000096           2           0           2           1
0000112           0           0           0           0
0000128           0           1           0           0
0000144           1           2           1           2
0000160           1           0           0           1
0000176           1          14           1           2
0000192           2           2           7           2
0000208           3          19          12           8
0000224          14          14          10           1
0000240           6          10           3           4
0000256           1          16           2          14
0000272           4           3           1           4
0000288          11           3           0          22
0000304           1          12           2           6
0000320           3           4           1          10
0000336           0          17          13           2
0000352          13           4           5           1
0000368           4           1           1           7
0000384           3           2           4           2
0000400           1           1           6           5
0000416           4           4          84          16
0000432          70          26          26          58
0000448          12           9          11          20
0000464          34           4           3          50
0000480          15          38          40          16
0000496          10          11          16          27
0000512           9          10           4          14
0000528           3          22          20          11
0000544           4          21
0000552
