0000000       28516      823785        1921           0
0000016           0           0           0           0
0000032           0           0     3536756     3533679
0000048     3550340     3548625     3550898     3594289
0000064     3659489     3608862     3602653     3706924
0000080     3694400     3697814     3636496     3584376
0000096     3685206     3830290     3644302     3648353
0000112     3814181     3696004     3645504     3637818
0000128     3736842     3639026     3703567     3595309
0000144     3662730     3595569     3710763     3557723
0000160     3503377     3660908     1882873     1889052
0000176     1936557     1901810     1867552     1977047
0000192     1905776     1916516     1948052     1996541
0000208     2058430     1946005     1988667     1908577
0000224     1932409     2043835     1815460     1859276
0000240     1857259     1773842     1851277     1896709
0000256     1975017     1744665     2101636     1826629
0000272     1842685     1833058     1851173     1781140
0000288     1813861     1860778     6627451     6720637
0000304     6842027     6766736     6778898     6743057
0000320     7017952     7059896     6789574     6842419
0000336     7152112     7253043     7033936     6756202
0000352     6855513     7726413     6996397     7123268
0000368     6704821     6828364     7332956     6850572
0000384     6985291     6839244     7217868     6570481
0000400     7104758     6887162     6782620     6566874
0000416     6837783     6761591     3948784     4220469
0000432     4000713     4326522     4070169     4115160
0000448     4153510     4363850     4286769     4273927
0000464     4229321     4389517     4245349     4372311
0000480     3967618     4320947     4421082     4253860
0000496     4094216     3977209     4350382     4025859
0000512     4125610     3961193     4419651     3683803
0000528     3997056     4055953     4051504     3769556
0000544     3906157     3921398
0000552
