0000000       28943      798287        1921           0
0000016           0           0           0           0
0000032           0           0    18725527    18721928
0000048    18721127    18729754    18720033    18721522
0000064    18722975    18725062    18732215    18716054
0000080    18734353    18717826    18724678    18730035
0000096    18734622    18713943    18730342    18733115
0000112    18741435    18738201    18711942    18736133
0000128    18707713    18737992    18708493    18726867
0000144    18709741    18725694    18709579    18729581
0000160    18723486    18731714    18741453    18734472
0000176    18728172    18713373    18727265    18712849
0000192    18724396    18713221    18722402    18713806
0000208    18726186    18712911    18729304    18725638
0000224    18724476    18713313    18723725    18724474
0000240    18723189    18722306    18712335    18723814
0000256    18712182    18720193    18713131    18722647
0000272    18711015    18719054    18711055    18719390
0000288    18724648    18721296    18715576    18715170
0000304    18713658    18711354    18713435    18711050
0000320    18713067    18710993    18712404    18710829
0000336    18713403    18710790    18713962    18713095
0000352    18713349    18710801    18713073    18713212
0000368    18712835    18712794    18710567    18713074
0000384    18710737    18712717    18710584    18712800
0000400    18710666    18713434    18710509    18713121
0000416    18714001    18714282    18718006    18716673
0000432    18715802    18711760    18714091    18711315
0000448    18713718    18711601    18713216    18711407
0000464    18713821    18711690    18713575    18714583
0000480    18713898    18711378    18713577    18714352
0000496    18713411    18713327    18710748    18714229
0000512    18710787    18713459    18710653    18713161
0000528    18710639    18713459    18710747    18714472
0000544    18714023    18714213
0000552
