0000000       34253      835518        1920           0
0000016           0           0           0           0
0000032           0           0      110573      106504
0000048      114962      109225      136033      106530
0000064      110036       99002      105602      105461
0000080      112885      103092      110662      107289
0000096      115579      100944      115780      111199
0000112      116560      115728      119958      138997
0000128      113158      101111      112718      107748
0000144      110181      207605      115380      100213
0000160      117092       95397       88728      102666
0000176      118340      118429       94595      107913
0000192      104403      114003      133440      100335
0000208      164421      118227      121870      119095
0000224      116870      133889      121072      130904
0000240      111693      115348      109605      119352
0000256      101528      141544      103735      115769
0000272      117559      111199      113765      105419
0000288      148227      112936       96215      108708
0000304      111341      110330       96818      113292
0000320       94826      101879       88078      115804
0000336       91680      112778       98518       91616
0000352      121734       92596       98903      102378
0000368      101301       77754      111430       97825
0000384       87599       93025      116327      103822
0000400       85373       85004       96843      111654
0000416      119272      105997      100827      164599
0000432      130002      109148      100460      182632
0000448       98539       97780       94884      107199
0000464      104629       97777       95877      125495
0000480       94692      119856       95059      112799
0000496       94390      103340      107815       99548
0000512       92283      103937      100613      104740
0000528       94030      117383       94329      103510
0000544       99440      114523
0000552
