0000000       62325     2054787        9557           0
0000016           0           0           0           0
0000032           0           0         250         219
0000048         369         378         216         675
0000064         499         334         570         303
0000080         393         483           0         692
0000096         341         437         230         231
0000112         494         267         503         880
0000128         273         317         282         325
0000144         147         249         598         751
0000160         748         655         854        1963
0000176        3491        3496        3126        1231
0000192        1061        1800         996        3206
0000208        2482        2452        2386        1954
0000224        4391         898        1470        2619
0000240        1441        3692        2203         984
0000256         963        4917        2158        4096
0000272        2071        1274         685        2682
0000288        3844        1099         915         394
0000304         557         505         589         445
0000320         267         431         855         507
0000336         537         824         338         450
0000352         318         255         597         212
0000368         404         564         246         297
0000384         462         610         382         196
0000400         733         598         376         302
0000416         304         409         943         968
0000432         486         734        1105         518
0000448         683        1061         415        1305
0000464         370        1943         593         474
0000480        1154         350         582         365
0000496         300         270         986         653
0000512         436         424         577         824
0000528         322         570         840         702
0000544        1015         863
0000552
