0000000       28031     2847700        9556           0
0000016           0           0           0           0
0000032           0           0           0           1
0000048           0           0           1           2
0000064           1           1           2           0
0000080           1           2           0           3
0000096           1           4           1           1
0000112           1           3           2           4
0000128           3           0           4           2
0000144           2           1           1           2
0000160           2           3           1           3
0000176           4           4           4           2
0000192           1           0           3           1
0000208           4           1           2           1
0000224           2           1           1           3
0000240           3           3           3           1
0000256           0           2           1           2
0000272           1           1           0           1
0000288           3           2           0           0
0000304           5           1           1           3
0000320           2           0           4           2
0000336           3           1           2           3
0000352           0           1           2           0
0000368           3           0           2           0
0000384           2           2           5           0
0000400           3           2           1           1
0000416           0           1           2           3
0000432           1           2           3           1
0000448           1           1           1           2
0000464           1           3           4           2
0000480           1           1           1           0
0000496           1           0           2           1
0000512           0           0           3           5
0000528           1           0           4           3
0000544           3           3
0000552
