0000000       13380     2273344        9559           0
0000016           0           0           0           0
0000032           0           0      285757      269291
0000048      299127      300251      296694      301141
0000064      304264      330997      408773      337362
0000080      371695      381321           0      333180
0000096      274658      300942      297885      281585
0000112      339334      327150      324414      346499
0000128      338821      294647      310410      287396
0000144      290856      293449      389331      350829
0000160      356498      293118      315983      310272
0000176      306727      545159      316142      288454
0000192      301366      276049      293533      376770
0000208      362870      325670      472247      276190
0000224      351879      310293      303411      284423
0000240      325124      296139      347254      289320
0000256      355330      304081      343803      328208
0000272      356541      297886      272493      298147
0000288      319195      275005      292427      334555
0000304      341975      285643      336854      297787
0000320      288695      271838      346480      293654
0000336      333826      323686      290003      281739
0000352      305221      287659      317947      267568
0000368      304784      295718      265265      271973
0000384      328291      292236      283686      256716
0000400      394186      350407      325159      297324
0000416      306985      268387      339530      488159
0000432      276129      356644      349986      302234
0000448      325935      337295      306124      337239
0000464      269608      300915      312693      324418
0000480      323695      303856      271608      296243
0000496      304231      265977      354234      314285
0000512      279952      276933      401774      361752
0000528      276542      315708      341131      309310
0000544      384830      329153
0000552
