0000000       42194     3236390        9570           0
0000016           0           0           0           0
0000032           0           0           0           2
0000048           2           1           0           0
0000064           0           3           2           3
0000080           0           3           0           0
0000096           0           1           0           0
0000112           1           1           0           1
0000128           0           0           0           2
0000144           0           2           1           0
0000160           1           0           1           0
0000176           0           1           1           1
0000192           2           2           2           0
0000208           1           0           1           2
0000224           1           3           0           0
0000240           1           2           2           0
0000256           0           1           2           1
0000272           0           1           0           0
0000288           1           0           0           1
0000304           0           2           1           0
0000320           1           0           3           0
0000336           1           0           2           2
0000352           0           1           1           1
0000368           0           2           1           3
0000384           3           0           0           0
0000400           0           1           0           0
0000416           1           4           0           0
0000432           0           1           1           0
0000448           0           0           0           0
0000464           0           0           2           2
0000480           0           1           3           0
0000496           1           1           2           0
0000512           2           0           0           0
0000528           1           1           1           2
0000544           2           3
0000552
