0000000        3106     2093532        9555           0
0000016           0           0           0           0
0000032           0           0       24984       20810
0000048       26208       28158       18205       28482
0000064       24632       25305       28244       26641
0000080       27374       32707           0       35794
0000096       29880       26313       23065       21509
0000112       29223       19537       30378       35446
0000128       21258       26821       22281       32040
0000144       15893       26415       31867       43648
0000160       42616       37319     2074558     2194631
0000176     2258821     2227777     2265812     2156790
0000192     2076282     2402627     2035925     2330795
0000208     2215155     2239995     2223713     2145943
0000224     2396599     2135850     2224563     2252726
0000240     2144493     2217134     2117719     2205042
0000256     2127279     2274717     2090896     2449758
0000272     2139239     2264079     2141238     2326778
0000288     2252744     2215672       45784       28861
0000304       35832       31438       33783       31974
0000320       27248       43213       41566       54141
0000336       37724       48308       29541       29831
0000352       28836       29305       53553       21826
0000368       32477       40321       31239       32684
0000384       30560       40953       28681       25722
0000400       46539       51680       38290       29923
0000416       35428       54611       87555      102854
0000432       73179       81923       78295       71712
0000448       68834       86157       60545       92357
0000464       68075      108603       64130       66434
0000480       80970       62203       71703       57612
0000496       62538       65194       90873      101471
0000512       73216       72600       72325       76160
0000528       67220       76823       84408       68686
0000544       88984       74500
0000552
