0000000       15103     2398969        9559           0
0000016           0           0           0           0
0000032           0           0        3253        3361
0000048        4749        4307        3564        5809
0000064        5976        4512        7030        3707
0000080        5079        5577           0        6352
0000096        3608        4879        3390        3647
0000112        6149        4232        4892        8121
0000128        4129        4230        4084        4063
0000144        3461        4151        6357        6612
0000160        6954        5996        4884        4599
0000176        5321        8454        5516        3930
0000192        4888        3239        5152        5598
0000208        5405        5005        6717        4696
0000224        6083        3790        3752        4531
0000240        4700        5957        6123        3307
0000256        4236        6095        6597        5147
0000272        5870        3389        2831        4162
0000288        5779        3349        6368        6276
0000304        6528        5965        7407        5906
0000320        4372        4642        8504        4822
0000336        6347        7145        4722        5508
0000352        4901        4125        5386        4396
0000368        5538        6026        4155        4512
0000384        7388        6031        5498        3190
0000400        8496        6900        4882        4654
0000416        4656        4042        7557        9262
0000432        5707        7640        9457        6112
0000448        7593        8417        6024        8502
0000464        4476        7745        7260        6542
0000480        8207        5811        5470        5730
0000496        4430        3677        8204        5163
0000512        5081        4683        8796        7989
0000528        4471        5974        7299        7133
0000544        8318        7871
0000552
