0000000       30254     2337094        9549           0
0000016           0           0           0           0
0000032           0           0       55747      119005
0000048      205549      158400       96957      258792
0000064      264554      153898      299812       59049
0000080      145800      211692           0      272752
0000096      123923      209821       38602      130353
0000112      267528      138859      197829      322786
0000128       91266      143925      125391      129473
0000144       95898      157002      246544      288849
0000160      297147      265503      126419      139725
0000176      191356      221472      185989       83910
0000192      148254       34111      183808      116684
0000208      138071      130043      138777      150979
0000224      169540       54442       57256      131033
0000240       92702      225940      195719       31614
0000256       50856      218382      223226      117628
0000272      149013       29583       18476       90913
0000288      194970       38091      260989      259712
0000304      275026      246693      303734      242917
0000320      140288      176381      329752      163053
0000336      241665      288465      182254      229404
0000352      169309      124260      206121      171671
0000368      208390      243031      138276      166863
0000384      296153      245243      222693       74003
0000400      350784      282825      173472      177218
0000416      150722      134570      298352      337015
0000432      217518      287512      333819      217961
0000448      286124      308956      225629      313547
0000464      132070      272913      280969      249668
0000480      302225      204884      202984      207463
0000496      111506       80755      298250      138998
0000512      168373      147552      290619      295342
0000528      126825      206679      262309      264365
0000544      314567      280625
0000552
