0000000       13344     2729689        9559           0
0000016           0           0           0           0
0000032           0           0           2           1
0000048           3           0           0           7
0000064           4           3           5           3
0000080           1           1           0           3
0000096           3           4           3           2
0000112           2           0           5          20
0000128           2           3           3           2
0000144           2           1           0           2
0000160          11           1           4           3
0000176           2           6           0           2
0000192           2           1           1           2
0000208           1           3           3           7
0000224           7           4           1           3
0000240           3           3           4           1
0000256           3           4           1           3
0000272           1           3           4           4
0000288           2           7           6           3
0000304           4           2           6           1
0000320           2           5          18           3
0000336           2           2           2           5
0000352           2           3           3           4
0000368           1           0           1           2
0000384           5           1           3           2
0000400           6           1           3           1
0000416           3           6           9           2
0000432           0           5          26           1
0000448           1          12           3          18
0000464           1          25           6           5
0000480          20           3           5           1
0000496           0           2           7           4
0000512           1           3           2           7
0000528           0           1           7          10
0000544           3          11
0000552
