0000000       34320     1886660        9560           0
0000016           0           0           0           0
0000032           0           0           1           0
0000048           2           3           0           0
0000064           2           3           0           0
0000080           2           0           0           1
0000096           0           3           2           1
0000112           0           0           2           2
0000128           0           0           1           0
0000144           1           0           1           1
0000160           1           0           2           2
0000176           0           2           1           0
0000192           0           0           1           1
0000208           1           0           1           2
0000224           2           0           2           5
0000240           0           0           6           0
0000256           1           0           2           1
0000272           1           0           2           0
0000288           0           0           1           0
0000304           0           0           1           1
0000320           2           1           2           3
0000336           2           1           1           0
0000352           2           1           2           1
0000368           2           0           1           0
0000384           0           1           1           2
0000400           0           1           1           1
0000416           4           2           4           1
0000432           1           1           1           1
0000448           0           2           0           1
0000464           1           1           1           0
0000480           3           1           3           1
0000496           1           2           3           0
0000512           2           0           0           2
0000528           0           0           0           0
0000544           1           0
0000552
