0000000       18945     2965687        9557           0
0000016           0           0           0           0
0000032           0           0           2           1
0000048           1           1           0           1
0000064           0           0           0           1
0000080           1           1           0           0
0000096           0           4           0           1
0000112           0           0           0           0
0000128           1           0           1           2
0000144           2           1           1           0
0000160           2           0           0           1
0000176           2           1           1           1
0000192           2           0           1           1
0000208           0           0           0           1
0000224           0           1           2           2
0000240           1           2           1           0
0000256           2           3           1           0
0000272           3           2           1           2
0000288           3           1           1           0
0000304           1           2           0           0
0000320           4           1           3           2
0000336           0           2           2           0
0000352           0           1           3           2
0000368           0           1           0           2
0000384           1           0           0           1
0000400           1           1           0           1
0000416           0           0           1           0
0000432           0           1           0           1
0000448           0           1           1           1
0000464           1           0           2           2
0000480           2           1           1           0
0000496           1           0           1           1
0000512           2           0           3           3
0000528           1           3           0           1
0000544           1           2
0000552
