0000000       17234     2012228        9560           0
0000016           0           0           0           0
0000032           0           0           2           5
0000048          11          14           4          28
0000064          15          14          20           3
0000080          19          19           0          33
0000096           7          11           8           8
0000112          14           5          15          38
0000128           9          15           8           4
0000144           6           5          16          29
0000160          29          33          12          56
0000176          82          87          75          28
0000192          24          35          39          67
0000208          82          42          54          63
0000224         129          21          26          65
0000240          29         102          70          17
0000256          19         179          81          88
0000272          61          21          15          61
0000288         100          22          38           6
0000304          25          18          24          14
0000320           5           8          35          16
0000336          15          30           9          11
0000352           9           6          24           4
0000368           6          15           5           9
0000384          16          15           6           5
0000400          23          11           6           9
0000416          10          12          36          24
0000432           8          20          67          25
0000448          26          37          12          58
0000464           7          89          25          16
0000480          55          13          18          10
0000496           7           7          39          15
0000512          17           9          13          32
0000528           6          16          21          32
0000544          39          39
0000552
