0000000       31812     1967841        9557           0
0000016           0           0           0           0
0000032           0           0           3           3
0000048           3           4           2           3
0000064           2           1           2           1
0000080           0           1           0           2
0000096           0           1           1           2
0000112           3           3           2           7
0000128           3           1           6           0
0000144           1           0           4           4
0000160           2           3           4           6
0000176          10           3           5           2
0000192           2           2           3           1
0000208           5           4           4           2
0000224           2           1           3           4
0000240           4           2           4           1
0000256           3           2           1           4
0000272           3           3           3           3
0000288           3           6           8           2
0000304           3           3           7           1
0000320           5           6           9           2
0000336           4           2           3           1
0000352           0           1           3           0
0000368           1           1           3           2
0000384           1           2           2           1
0000400           7           1           4           2
0000416           0           1           6           2
0000432           1           3           6           3
0000448           3           4           2           7
0000464           2           8           6           3
0000480           2           1           3           3
0000496           4           4           4           3
0000512           4           1           3           3
0000528           1           2           2           1
0000544           1           3
0000552
