0000000       43926     2574937        9558           0
0000016           0           0           0           0
0000032           0           0          51          34
0000048          77          65          51          89
0000064         117          72         104          32
0000080          60          76           0          81
0000096          53          59          41          47
0000112          91          61          63         180
0000128          53          55          52          62
0000144          45          54          86         108
0000160         113         116          64          47
0000176          90         119          64          48
0000192          79          39          73          84
0000208          81          70          85          75
0000224          94          54          49          65
0000240          64         103          94          39
0000256          58         100          91          83
0000272          86          42          30          65
0000288          78          47          93          84
0000304          80          81         100          82
0000320          49          59         155          48
0000336         102         114          55          67
0000352          64          42          76          43
0000368          71          82          45          55
0000384          97          79          70          38
0000400          94          81          73          45
0000416          56          51         110         119
0000432          61         103         327          93
0000448         105         116          66         177
0000464          50         208         115          84
0000480         205          72          79          70
0000496          54          36         121          51
0000512          60          56         113         126
0000528          48          84         110         118
0000544         127         155
0000552
