0000000       41215     2151586        9560           0
0000016           0           0           0           0
0000032           0           0    93610923    93604958
0000048    93576795    93463358    93560927    93447084
0000064    93537140    93457214    93544099    93461942
0000080    93509107    93455587           0    93563483
0000096    93581913    93461667    93546824    93539797
0000112    93592316    93521501    93449409    93513074
0000128    93445288    93512041    93438405    93511332
0000144    93441429    93501352    93425612    93522931
0000160    93504468    93529422    93463696    93456863
0000176    93453386    93443171    93454674    93444778
0000192    93458376    93448808    93460472    93446113
0000208    93458511    93442510    93463047    93466729
0000224    93462124    93443485    93461025    93460006
0000240    93459246    93456721    93432190    93458573
0000256    93438214    93447265    93427217    93451961
0000272    93430699    93453364    93441005    93451855
0000288    93450503    93451758    92290784    92287348
0000304    92288701    92269379    92285805    92267624
0000320    92286168    92270000    92283934    92270442
0000336    92284894    92267233    92291723    92291323
0000352    92291295    92271166    92291981    92292969
0000368    92293069    92284472    92270855    92286107
0000384    92264790    92286468    92268105    92287899
0000400    92263527    92288245    92269183    92290240
0000416    92293926    92289669    92284528    92282211
0000432    92255524    92211026    92235521    92210195
0000448    92233783    92203425    92229644    92202842
0000464    92231363    92205085    92227299    92229856
0000480    92222625    92215768    92229869    92227433
0000496    92229476    92227409    92209463    92231339
0000512    92214127    92224573    92210859    92219147
0000528    92214967    92223748    92209134    92221235
0000544    92230194    92235718
0000552
