0000000       22040     3197662        9560           0
0000016           0           0           0           0
0000032           0           0           1           0
0000048           1           1           3           0
0000064           0           2           5           0
0000080           1           0           0           0
0000096           0           2           0           0
0000112           0           1           0           0
0000128           0           2           2           0
0000144           0           1           1           0
0000160           0           1           1           0
0000176           1           2           3           0
0000192           1           1           1           1
0000208           1           0           0           0
0000224           1           0           0           2
0000240           2           0           0           1
0000256           2           1           1           0
0000272           2           1           0           1
0000288           0           1           1           0
0000304           1           1           0           2
0000320           1           1           1           0
0000336           3           0           2           2
0000352           2           0           1           0
0000368           2           0           2           0
0000384           1           1           2           1
0000400           3           2           2           0
0000416           1           1           1           1
0000432           1           0           1           1
0000448           0           0           2           1
0000464           0           0           0           2
0000480           1           2           0           0
0000496           0           1           1           0
0000512           0           1           1           0
0000528           0           0           1           1
0000544           0           0
0000552
