0000000       36360     2652332        9563           0
0000016           0           0           0           0
0000032           0           0           4          19
0000048          42          32           9          53
0000064          68          24          68           7
0000080          19          48           0          67
0000096          23          53           1          21
0000112          56          18          28          88
0000128          12          25          19          32
0000144           7          25          58          75
0000160          64          50          35          35
0000176          52          67          45          23
0000192          40          10          48          44
0000208          26          32          26          49
0000224          56           9          14          43
0000240          32          61          49          12
0000256           4          82          62          55
0000272          57           5           2          29
0000288          53          12          60          39
0000304          51          52          57          42
0000320          14          32          87          20
0000336          43          51          30          39
0000352          32          17          35          18
0000368          35          38          11          32
0000384          62          66          48          10
0000400          88          48          20          15
0000416          19          16          57          49
0000432          28          66          85          46
0000448          68          70          35          75
0000464          12          71          59          45
0000480          82          28          46          20
0000496           8           3          86          30
0000512          33          32          52          69
0000528          14          43          66          65
0000544          66          62
0000552
