0000000       43093     2375814        9569           0
0000016           0           0           0           0
0000032           0           0        4616        5114
0000048        6757        6306        5621        9539
0000064       10229        6918       11029        5450
0000080        7549        8366           0        9969
0000096        5405        7219        4721        5652
0000112        8990        6586        7276       21400
0000128        6289        6221        6250        5923
0000144        5358        6212        9278       10716
0000160       12723       13402        6685        6598
0000176        7303       12099        7629        5633
0000192        6590        4810        6883        7965
0000208        7566        6968        9497        6348
0000224        8194        5392        5274        6254
0000240        6604        8222        8358        4620
0000256        6099        8566        8897        7124
0000272        7984        4654        3857        5913
0000288        7886        4657       14203       10638
0000304       10611       10909       22790        9725
0000320        6279        6590       32144        6766
0000336        9147       14737        6842        9077
0000352        6961        5969        7733        6197
0000368        8434       11042        5787        6472
0000384       15676        9945        9595        4661
0000400       16338       10393        6944        6672
0000416        6610        5806       15793       13378
0000432        9179       13337       48906        9052
0000448       17543       24853        8971       28653
0000464        6227       31166       19282       10251
0000480       37034        8574        8103        8333
0000496        6412        5444       15591        7203
0000512        7132        6664       12927       15609
0000528        6355        8429       11884       21973
0000544       17507       24762
0000552
