0000000       64906     2213436        9559           0
0000016           0           0           0           0
0000032           0           0    51959778    52439774
0000048    51811583    49860124    51836908    49445205
0000064    51415235    49476297    51091046    49157427
0000080    50811710    49255987           0    51087107
0000096    51069568    49805314    50764535    50805656
0000112    51254218    51134785    49305791    50901004
0000128    49351051    50659677    49202430    50708522
0000144    49423570    50896331    49016880    50764874
0000160    51056120    51296249    46926439    46204044
0000176    45320153    45916490    45876801    46152968
0000192    46786494    45181787    47095258    45561483
0000208    45393780    46641780    45935849    45993084
0000224    45642582    47478700    45602061    45260454
0000240    45618513    46150371    46388846    45568358
0000256    46236473    44334040    46702157    44411676
0000272    46403022    44696201    46111312    44422330
0000288    45299909    45482593    53352841    54042028
0000304    53359636    53320476    54113799    53585130
0000320    53967803    53196976    54092109    53240754
0000336    53881329    54117684    54093044    54140933
0000352    54355795    54578304    53586528    54565581
0000368    54303635    53881722    54155912    53941044
0000384    54422604    53364010    54233685    53393701
0000400    53923111    53637141    53427580    53854060
0000416    53916349    53516446    55129352    55152058
0000432    55235371    54589562    55160231    54202582
0000448    55204584    54591891    55168676    54561774
0000464    54777315    54135252    55618081    55511107
0000480    54882793    55923067    54919364    55749979
0000496    55016603    54579655    54632500    54414419
0000512    54544700    54258419    55712434    54486537
0000528    54589475    54609854    54406495    54852250
0000544    54684451    54932298
0000552
