0000000       31749     2613637        9558           0
0000016           0           0           0           0
0000032           0           0          42          41
0000048          49          53          40          66
0000064          70          55          92          50
0000080          66          77           0          65
0000096          32          45          37          36
0000112          79          40          53         121
0000128          61          48          48          43
0000144          28          51          89          82
0000160          94          64          47          46
0000176          66          96          57          47
0000192          48          33          53          72
0000208          74          56          78          62
0000224          72          35          45          54
0000240          58          64          69          32
0000256          34          70          79          62
0000272          54          25          16          48
0000288          82          41          70          58
0000304          59          39          72          54
0000320          34          36          93          41
0000336          63          73          48          52
0000352          46          34          56          38
0000368          59          53          27          42
0000384          77          67          60          26
0000400         112          52          52          45
0000416          36          50          73          65
0000432          51          64         107          72
0000448          72          87          56         100
0000464          42          91          90          67
0000480          92          42          60          48
0000496          52          37          82          46
0000512          51          46          88          95
0000528          32          47          69          69
0000544          90          91
0000552
