0000000       38157     3101008        9557           0
0000016           0           0           0           0
0000032           0           0           0           1
0000048           2           3           2           1
0000064           0           1           1           0
0000080           0           4           0           1
0000096           0           1           2           0
0000112           1           1           2           0
0000128           1           1           0           0
0000144           0           1           2           1
0000160           0           1           4           1
0000176           0           1           2           1
0000192           1           4           4           1
0000208           2           0           1           0
0000224           1           2           0           1
0000240           0           0           0           0
0000256           1           0           0           0
0000272           1           0           2           1
0000288           1           1           1           1
0000304           2           1           0           2
0000320           2           0           0           1
0000336           0           1           0           1
0000352           0           0           1           1
0000368           3           1           1           2
0000384           1           1           0           0
0000400           0           2           1           1
0000416           0           0           3           0
0000432           1           2           1           1
0000448           1           1           2           1
0000464           1           1           1           0
0000480           0           1           0           0
0000496           1           0           1           0
0000512           3           1           1           0
0000528           1           0           1           1
0000544           0           0
0000552
