0000000       24630     2074199        9584           0
0000016           0           0           0           0
0000032           0           0        2547        2107
0000048        4077        4762        1458        6813
0000064        4882        3707        4804        2974
0000080        3676        6051           0        7707
0000096        4029        5140        2024        2386
0000112        5152        1702        5492        8812
0000128        2030        3512        2754        3811
0000144        1254        2969        6071        8016
0000160        7837        6744       10607       16036
0000176       19120       29111       19213       12910
0000192       12283       14967       11596       22423
0000208       19846       18111       23538       14712
0000224       23471       12402       14423       16234
0000240       15388       18470       18006       12480
0000256       13803       20730       17486       22317
0000272       17908       13994        9875       17665
0000288       20766       12421        9744        4307
0000304        6662        6402        6992        5782
0000320        3203        6447       10307        7552
0000336        6789        9830        4155        4986
0000352        3726        3203        8637        2309
0000368        4880        7448        3697        4320
0000384        5405        7554        4409        2375
0000400        9489        8309        4957        3945
0000416        4188        5771       11283       12553
0000432        6567        9402       11978        6751
0000448        7241       12239        4612       13919
0000464        4779       15419        6569        5709
0000480       12638        4265        7691        3548
0000496        3705        3936       12655        9178
0000512        5846        6147        5550        9795
0000528        4462        7208       10045        8223
0000544       11737        9499
0000552
