0000000       25795     3023711        9558           0
0000016           0           0           0           0
0000032           0           0           2           1
0000048           0           0           1           0
0000064           1           2           1           3
0000080           2           1           0           1
0000096           1           1           1           1
0000112           0           0           2           1
0000128           0           2           2           1
0000144           1           1           0           1
0000160           1           0           0           1
0000176           4           3           1           0
0000192           1           1           2           2
0000208           0           1           0           2
0000224           1           1           1           1
0000240           0           2           2           1
0000256           2           0           1           1
0000272           1           1           3           2
0000288           1           1           1           2
0000304           1           2           1           0
0000320           0           1           0           1
0000336           1           1           1           2
0000352           3           2           1           0
0000368           0           2           2           2
0000384           3           2           0           1
0000400           4           1           1           0
0000416           0           1           0           2
0000432           2           2           3           2
0000448           1           0           0           2
0000464           1           0           1           1
0000480           0           0           0           0
0000496           1           1           2           1
0000512           0           0           0           1
0000528           3           0           1           2
0000544           3           4
0000552
