0000000       51796     9969824        9584           0
0000016           0           0           0           0
0000032           0           0        4301        4239
0000048        4378        5904        6617        6052
0000064        6924        6116        4421        5424
0000080        6034        5791        6325        6973
0000096        6454        4468        5295        5067
0000112        5297        4558        5836        7315
0000128        6396        5053        6965        7543
0000144        3731        3310        6024       15675
0000160        5192        4001        8741        6959
0000176        9923       11371       12739       11189
0000192       14579        8524       10921        5905
0000208       12978       10233        9485        8079
0000224        9320       11183       11737        9493
0000240       10119       18330       11513        7014
0000256        8277        9339        9929       10212
0000272        7807        7335        8919        9810
0000288        6817        9066       11169       13205
0000304       11237       16474       13996        5720
0000320       13681       11527       10749       11690
0000336       13864       13819        8157       14920
0000352       16318       14742        8939       11912
0000368       13027       12487        9787       13390
0000384       12573       11605        9985        9389
0000400       10638        9483        6006        8450
0000416       14258        9486       11159       12212
0000432       12119        8630        7669       11437
0000448        8969       10999       12274       12620
0000464        7309       10474        9268        7393
0000480        7786        9467        7615        8038
0000496        6739        4876        8850        4971
0000512        9239        9203       11302        7221
0000528       12763       15370       10160        4686
0000544        5751       11470
0000552
