0000000       34263     9910067        9560           0
0000016           0           0           0           0
0000032           0           0        9279        9786
0000048       10794       14417       15434       15226
0000064       16623       13460       10918       13030
0000080       13955       14169       16278       17305
0000096       18209       10602       11668       12332
0000112       12601       10575       14346       16662
0000128       14553       11914       16135       24356
0000144        8521        7913       13803       34025
0000160       12690        9131       63070       29352
0000176      100102      131820      237105      122627
0000192      304473       93358      193387       24556
0000208      299397      139180       89029       53823
0000224       49311      188193      184563       85652
0000240       90625      356333      123489       38325
0000256       80463       60953      103070      131118
0000272       30342       48669      118798       79170
0000288       33333       62821      192143      341434
0000304      188913      499903      324438       21045
0000320      380359      147216      261867      235081
0000336      327478      271877       68595      453307
0000352      467375      408735       88975      302119
0000368      246769      345480      151098      202058
0000384      260117      253448      141560      124284
0000400      185472      117148       25612       86666
0000416      423513      127776       51715       94048
0000432      167212       28884       22476       63148
0000448       40875       53086      121087       73664
0000464       18692       48316       33107       19256
0000480       19687       40848       20498       22556
0000496       17338       12132       27067       12375
0000512       29184       29601       93913       19501
0000528       29583      103379       26722       11529
0000544       14596       71700
0000552
