0000000       36470    10066281        9562           0
0000016           0           0           0           0
0000032           0           0         114         327
0000048         437         776         662        1743
0000064        1771         878         400         728
0000080        1487        1240        1776        2240
0000096        2631         100         528         718
0000112         929         294        1842        1619
0000128         746         437        1282        3502
0000144          80          77         630        1497
0000160        1085         105        2481        1309
0000176        3304        4188        5158        4514
0000192        5978        2811        4378         850
0000208        4990        3922        2759        2009
0000224        2424        4259        4635        3011
0000240        2946        8163        4385        1688
0000256        2636        3605        3483        3588
0000272        1294        2043        3276        2990
0000288        1200        2799        4111        5144
0000304        4235        5901        5480         792
0000320        5591        4343        4160        4190
0000336        5549        4942        2293        5619
0000352        6146        5784        2755        4736
0000368        4976        5052        3856        5245
0000384        4618        4775        3123        3293
0000400        4056        3000         602        2627
0000416        5154        3540        4923        5036
0000432        5397        3053        2355        4988
0000448        3027        4456        5722        5454
0000464        1744        4087        3339        1858
0000480        2027        3507        2369        2168
0000496        1354         637        2899         327
0000512        3257        3627        4731        1881
0000528        2470        6858        2530         282
0000544         652        4884
0000552
