0000000       53669     9688529        9549           0
0000016           0           0           0           0
0000032           0           0    92919454    92920640
0000048    92917996    92917286    92920360    92918952
0000064    92913916    92923029    92915122    92926865
0000080    92915237    92929593    92915371    92924322
0000096    92920661    92928186    92915628    92920706
0000112    92921279    92919152    92918313    92918030
0000128    92908713    92919579    92908303    92920995
0000144    92912214    92922644    92909561    92927609
0000160    92922300    92923463    92997101    92960244
0000176    92949738    92911364    92955402    92908912
0000192    92928413    92911723    92926123    92913018
0000208    92940900    92909348    92937033    92932719
0000224    92941253    92909346    92932748    92932799
0000240    92930153    92924578    92905354    92932398
0000256    92907223    92920824    92906216    92928084
0000272    92905612    92922800    92904221    92927285
0000288    92933084    92934545    93006630    92982798
0000304    92972848    92914706    92973493    92911580
0000320    92973427    92911822    92956626    92912076
0000336    92979336    92914437    92985895    92988537
0000352    92974963    92912017    92987614    92960061
0000368    92965673    92955545    92909080    92954168
0000384    92907954    92964758    92909666    92961763
0000400    92907277    92958316    92908813    92971711
0000416    92999386    92984748    92949322    92933632
0000432    92933152    92914851    92919940    92913564
0000448    92922745    92911508    92919836    92913155
0000464    92921603    92914907    92925095    92923491
0000480    92928003    92912506    92924374    92923234
0000496    92920903    92921266    92910350    92922301
0000512    92907485    92919375    92906980    92924878
0000528    92905698    92923861    92906833    92924947
0000544    92924095    92928781
0000552
