0000000       15023     9624678        9558           0
0000016           0           0           0           0
0000032           0           0    82515222    82522949
0000048    82489887    82456705    82478384    82442993
0000064    82460618    82457227    82457076    82445551
0000080    82464944    82451021    82470471    82451830
0000096    82477809    82444278    82479466    82462288
0000112    82468807    82460659    82450213    82466919
0000128    82426195    82465045    82427161    82455072
0000144    82439096    82452339    82431424    82473397
0000160    82470327    82450655      115189      154295
0000176      161705      111539      220127      245096
0000192       54409      203631       91532      168310
0000208      162364      137576      100324      170765
0000224      256407       88819      202114       53812
0000240       81949      149037      123503      141381
0000256       98885      280589      171506      139197
0000272       96622       67088      141911      172374
0000288      108612       81758       23601       16632
0000304       21401       22538       25369       42342
0000320       21551       44144       10747       37745
0000336       16086       56400       28121       23030
0000352       33075       32035       20090       14763
0000368       18855       22293       37299       21904
0000384       35774       24029       30206       17363
0000400       49854       14814       15685       16191
0000416       21822       12571    82258485    82262251
0000432    82257359    82198581    82227903    82203092
0000448    82261646    82200658    82239089    82201086
0000464    82238333    82205132    82256008    82255064
0000480    82271474    82203148    82249586    82260687
0000496    82242635    82240923    82200093    82235447
0000512    82191523    82217539    82186044    82239276
0000528    82186269    82222482    82190567    82225636
0000544    82246477    82247502
0000552
