0000000       65467    10379989        9558           0
0000016           0           0           0           0
0000032           0           0           0           0
0000048           0           0           1           1
0000064           0           0           0           0
0000080           0           1           1           1
0000096           0           0           0           0
0000112           1           1           0           1
0000128           1           1           0           1
0000144           1           1           0           1
0000160           0           0           0           0
0000176           0           0           0           1
0000192           3           0           0           2
0000208           3           1           1           0
0000224           1           0           0           0
0000240           0           0           1           1
0000256           0           3           0           0
0000272           2           0           0           0
0000288           0           0           0           2
0000304           0           2           1           1
0000320           1           0           0           1
0000336           2           0           2           0
0000352           5           4           0           1
0000368           0           2           1           0
0000384           0           1           0           0
0000400           0           1           1           2
0000416           2           0           2           2
0000432           2           0           1           2
0000448           0           1           1           1
0000464           0           2           2           2
0000480           0           0           2           0
0000496           0           0           2           0
0000512           0           0           1           0
0000528           0           0           0           2
0000544           0           1
0000552
