0000000    16449785    16711933 -2146435072          -3
0000016  -813052528       32764 -1758744928       32703
0000032           1 -2146435072  -813052416       32764
0000048           0           0           0           0
0000064    16449785    16711933           0           0
0000080           0           0           0           0
0000096           0           0           0           0
0000112           0           0           0           0
0000128           0           0 -1763862939       32703
0000144           2           0           6 -2147483648
0000160           0           0 -1762224256       32703
0000176           3           0           3           0
0000192           1           0  -813052747       32764
0000208 -1762241024       32703 -1763909673       32703
0000224           0           0           0           0
0000240  -813052624       32764 -1763862939       32703
0000256           0           0           3           0
0000272         552           0 -1762224256       32703
0000288           6           0           6           0
0000304           1           0 -1763864851       32703
0000320 -1762241024       32703 -1762224256       32703
0000336          29           0 -1998204640       21955
0000352        3432           0 -1763857951       32703
0000368           6           0          10           0
0000384  -286331154  -286331154  -286331154  -286331154
0000400  -286331154  -286331154  -286331154  -286331154
0000416  -286331154  -286331154  -286331154  -286331154
0000432  -286331154  -286331154  -286331154  -286331154
0000448  -286331154  -286331154  -286331154  -286331154
0000464  -286331154  -286331154  -286331154  -286331154
0000480  -286331154  -286331154  -286331154  -286331154
0000496  -286331154  -286331154  -286331154  -286331154
0000512  -286331154  -286331154  -286331154  -286331154
0000528  -286331154  -286331154  -286331154  -286331154
0000544  -286331154  -286331154
0000552
