0000000  -286331154  -286331154  -286331154  -286331154
0000016  -286331154  -286331154  -286331154  -286331154
0000032  -286331154  -286331154  -286331154  -286331154
0000048  -286331154  -286331154  -286331154  -286331154
0000064  -286331154  -286331154  -286331154  -286331154
0000080  -286331154  -286331154  -286331154  -286331154
0000096  -286331154  -286331154  -286331154  -286331154
0000112  -286331154  -286331154  -286331154  -286331154
0000128           2           0  -543095195       32607
0000144           0           0           0           0
0000160           0           0  -541456512       32607
0000176           3           0           3           0
0000192           1           0  -738426171       32764
0000208  -541473280       32607  -543141929       32607
0000224           0           0           0           0
0000240  -738426048       32764  -543095195       32607
0000256           0           0           3           0
0000272         552           0  -541456512       32607
0000288           6           0           6           0
0000304           1           0  -543097107       32607
0000320  -541473280       32607  -541456512       32607
0000336          29           0    79737120       21987
0000352        3432           0  -543090207       32607
0000368           6           0          10           0
0000384  -541456512       32607  -738426032       32764
0000400    62350793       21987    62364640       21987
0000416  -537616320       32607  -543088957       32607
0000432    62365760       21987  -541456512       32607
0000448  -541473280       32607  -543145558       32607
0000464    62365760       21987  -738426000       32764
0000480  -738425936       32764  -539029946       32607
0000496    62365697       21987  1636390400 -1346985740
0000512  -286331154  -286331154  -286331154  -286331154
0000528  -286331154  -286331154  -286331154  -286331154
0000544  -286331154  -286331154
0000552
