0000000       37714     9645933        9559           0
0000016           0           0           0           0
0000032           0           0    87077843    87081630
0000048    87037683    86949400    87035128    86940856
0000064    86987602    86939687    86979008    86947043
0000080    86981752    86948700    86987667    87013550
0000096    87000967    86945308    86980338    86983818
0000112    86997109    86971258    86939534    86964550
0000128    86935051    86966309    86934868    86965769
0000144    86933310    86967479    86931775    86970581
0000160    86986040    86976986    62523647    62543333
0000176    62541396    62302778    62640137    62480658
0000192    62326145    62398576    62406956    62373761
0000208    62617429    62377199    62496581    62579846
0000224    62665526    62236884    62578165    62394979
0000240    62369783    62483542    62215878    62522361
0000256    62202859    62546441    62295329    62390871
0000272    62137691    62197896    62178138    62401595
0000288    62328676    62296602    28304008    28149936
0000304    28217209    28093860    28260105    28326644
0000320    28196373    28291683    28054035    28226829
0000336    28099675    28303911    28335213    28170754
0000352    28274780    28137732    28229837    28090858
0000368    28118345    28143019    28172223    28164110
0000384    28110254    28192962    28078928    28133868
0000400    28200195    28102624    27944959    28155147
0000416    28156517    28117462    87166159    87095320
0000432    87080067    87008259    87048303    87002020
0000448    87042101    87000123    87026401    87001363
0000464    87032582    87006087    87039780    87034926
0000480    87039833    87007267    87032332    87027922
0000496    87024052    87017833    86998602    87019285
0000512    86994848    87015235    86994929    87020275
0000528    86992912    87018822    86993644    87021344
0000544    87019845    87028325
0000552
