0000000       40382     9524107        9560           0
0000016           0           0           0           0
0000032           0           0           1           0
0000048           0           1           2           2
0000064           0           2           3           0
0000080           0           2           2           4
0000096           2           1           1           3
0000112           1           0           4           2
0000128           2           1           1           4
0000144           1           3           0           5
0000160           2           1           1           1
0000176           1           1           0           0
0000192           0           0           0           0
0000208           0           1           0           0
0000224           0           1           1           0
0000240           0           0           0           0
0000256           0           1           0           1
0000272           0           0           1           0
0000288           0           1           0           0
0000304           0           2           2           1
0000320           1           0           0           1
0000336           0           0           1           0
0000352           1           0           1           0
0000368           1           1           3           1
0000384           0           0           0           0
0000400           1           1           0           0
0000416           0           1           2           0
0000432           2           2           0           0
0000448           1           1           2           2
0000464           0           1           0           0
0000480           1           0           2           0
0000496           0           0           2           0
0000512           1           1           1           0
0000528           1           3           0           1
0000544           0           1
0000552
