0000000         973    10562419        9631           0
0000016           0           0           0           0
0000032           0           0           0           0
0000048           0           0           0           1
0000064           0           0           1           1
0000080           1           0           0           1
0000096           1           1           4           0
0000112           0           2           2           0
0000128           3           1           1           0
0000144           1           0           0           0
0000160           1           0           0           1
0000176           0           0           0           1
0000192           1           1           0           2
0000208           2           0           1           0
0000224           0           1           0           0
0000240           2           1           0           1
0000256           1           3           0           4
0000272           1           1           0           0
0000288           0           1           0           3
0000304           0           2           1           1
0000320           1           1           0           0
0000336           1           2           0           0
0000352           0           1           0           0
0000368           0           0           1           0
0000384           0           2           0           0
0000400           0           0           0           1
0000416           0           0           0           0
0000432           1           0           1           1
0000448           0           1           0           0
0000464           1           0           0           0
0000480           0           0           0           1
0000496           1           1           1           0
0000512           0           0           0           0
0000528           1           2           0           1
0000544           0           0
0000552
