0000000       57469    10341308        9562           0
0000016           0           0           0           0
0000032           0           0           0           0
0000048           1           1           0           2
0000064           2           2           0           0
0000080           4           0           1           2
0000096           1           0           1           1
0000112           1           0           4           0
0000128           1           0           1           0
0000144           0           2           0           0
0000160           3           0           3           2
0000176           0           1           2           2
0000192           4           2           1           0
0000208           0           3           2           2
0000224           0           0           2           2
0000240           1           6           4           2
0000256           4           3           2           1
0000272           1           2           1           0
0000288           1           2           0           0
0000304           0           2           1           1
0000320           1           0           0           3
0000336           2           0           0           4
0000352           4           4           0           2
0000368           1           4           0           0
0000384           0           1           0           2
0000400           0           2           1           0
0000416           1           0           2           1
0000432           1           0           1           0
0000448           0           0           3           2
0000464           1           1           0           1
0000480           1           2           1           1
0000496           0           1           1           1
0000512           1           1           1           0
0000528           0           2           0           0
0000544           1           1
0000552
