0000000       28049    10869701        9555           0
0000016           0           0           0           0
0000032           0           0           0           0
0000048           0           0           0           1
0000064           1           1           0           0
0000080           1           1           1           0
0000096           1           1           0           0
0000112           1           1           0           1
0000128           1           0           2           1
0000144           0           1           3           0
0000160           0           1           8           2
0000176           1           1           0           1
0000192           1           2           1           1
0000208           0           0           0           0
0000224           0           0           0           2
0000240           0           0           1           0
0000256           0           2           0           0
0000272           0           0           0           0
0000288           1           1           1           1
0000304           0           2           2           0
0000320           0           1           0           1
0000336           0           1           0           2
0000352           0           0           1           0
0000368           1           1           0           3
0000384           2           2           1           1
0000400           0           1           1           1
0000416           0           0           1           2
0000432           1           2           2           1
0000448           1           0           2           2
0000464           0           1           1           0
0000480           2           0           3           1
0000496           1           0           1           2
0000512           1           0           2           1
0000528           2           0           2           0
0000544           1           2
0000552
