0000000       63972     9789010        9554           0
0000016           0           0           0           0
0000032           0           0      559655      549168
0000048      573925      718868      776016      653628
0000064      702590      679928      581519      641041
0000080      639652      646659      664179      701990
0000096      631624      596832      601048      622249
0000112      615681      588315      611906      770679
0000128      708880      644709      743075      695442
0000144      502715      486856      685792     1568694
0000160      598877      545749      723350      667508
0000176      727338      772061      734129      721193
0000192      840203      695268      705641      649345
0000208      774816      696520      769736      696630
0000224      786679      791666      722663      753381
0000240      796386      945300      775372      628166
0000256      682985      714436      719336      719770
0000272      748385      648821      676353      771479
0000288      686454      734758      883128     1126553
0000304      849211     1251671     1068747      675152
0000320      993513      898428     1060807     1041158
0000336     1211985     1322782      913833     1225666
0000352     1153047     1299480      971807     1138271
0000368     1124845      926822      808884      978621
0000384     1058690      858034     1123186      900016
0000400      789936     1088391     1000478      848554
0000416     1155859      859787      712687      709402
0000432      619346      631217      617155      683607
0000448      652890      733560      679080      748577
0000464      669085      675769      698540      652286
0000480      660277      653222      621350      656176
0000496      643726      543915      673043      592797
0000512      700330      667662      664361      626116
0000528     1032739      863170      898500      573745
0000544      641836      721303
0000552
