0000000       44331    10360653        9558           0
0000016           0           0           0           0
0000032           0           0           0           0
0000048           0           1           1           1
0000064           1           0           0           2
0000080           0           0           1           0
0000096           1           0           0           0
0000112           0           0           0           0
0000128           0           0           0           0
0000144           1           0           0           0
0000160           1           1           0           1
0000176           3           0           1           1
0000192           0           1           0           0
0000208           0           1           0           1
0000224           0           1           0           0
0000240           1           4           0           0
0000256           0           1           1           1
0000272           1           4           2           2
0000288           0           1           0           3
0000304           2           3           1           2
0000320           1           1           1           2
0000336           1           1           1           0
0000352           1           2           0           0
0000368           0           3           0           2
0000384           0           0           0           2
0000400           0           0           0           0
0000416           0           0           0           0
0000432           1           0           2           5
0000448           1           2           5           1
0000464           1           1           1           0
0000480           1           1           1           0
0000496           1           0           1           0
0000512           0           0           1           0
0000528           0           1           0           0
0000544           1           1
0000552
