0000000       29552     9729101        9557           0
0000016           0           0           0           0
0000032           0           0    49759371    49383750
0000048    49601388    48834464    50070366    49064651
0000064    50033686    48172861    49787178    49366088
0000080    49488038    49513136    49733997    50817611
0000096    50293019    50147961    49088877    49506315
0000112    50360747    49245238    49262695    48913580
0000128    49641093    48729512    50002520    49440259
0000144    48916349    48957883    49324818    49195497
0000160    49392233    49834289    95458359    95196194
0000176    95167657    95052513    95135786    94980394
0000192    95097989    95021779    95038083    95017763
0000208    95086872    95009991    95053170    95029319
0000224    95010269    95003616    95007080    95000716
0000240    94983367    94960725    94933180    94963951
0000256    94929865    94920296    94924006    94942347
0000272    94903454    94929642    94901869    94928119
0000288    94942319    94939300    95088846    95080379
0000304    95066908    95066090    95066037    95054662
0000320    95055368    95059613    95045122    95062053
0000336    95049929    95065516    95051086    95047716
0000352    95046759    95050410    95045520    95042140
0000368    95035923    95033483    95032914    95032329
0000384    95025262    95030939    95026119    95027859
0000400    95023417    95027516    95022629    95027244
0000416    95030089    95027203    60179686    62579687
0000432    60271069    56932013    59468034    55969956
0000448    59662329    55496631    58029321    56582647
0000464    57368378    57564876    58585894    58480037
0000480    59136145    59776286    57415400    59033043
0000496    56939726    56605881    56894464    56485082
0000512    55804856    56259195    57967206    57879313
0000528    57345009    56868851    55686344    56010615
0000544    57639995    58265628
0000552
