0000000       20528     9479697        9559           0
0000016           0           0           0           0
0000032           0           0           0           2
0000048           0           0           0           2
0000064           1           1           1           1
0000080           1           2           0           1
0000096           0           1           1           1
0000112           1           0           0           1
0000128           1           1           2           3
0000144           0           1           1           1
0000160           2           0           0           1
0000176           0           1           1           0
0000192           1           0           0           1
0000208           0           0           0           0
0000224           1           0           1           0
0000240           1           0           0           0
0000256           0           0           3           2
0000272           0           0           1           1
0000288           0           0           1           1
0000304           0           0           0           1
0000320           1           0           1           1
0000336           0           1           0           0
0000352           0           2           0           1
0000368           1           0           0           1
0000384           0           1           0           1
0000400           0           0           0           1
0000416           4           1           0           1
0000432           0           1           1           0
0000448           0           1           1           0
0000464           0           2           2           1
0000480           0           2           0           1
0000496           0           2           0           0
0000512           2           1           0           3
0000528           0           2           3           1
0000544           1           1
0000552
