0000000       22456    15682710        1919           0
0000016           0           0           0           0
0000032           0           0         154          69
0000048          55         115         146          97
0000064          96          63         115          45
0000080          68          70          75          28
0000096          60          44          87          66
0000112          84          82          92          75
0000128          72          91          74          70
0000144          81          66         120          99
0000160          98          34           6          78
0000176          22          90          47          80
0000192          95          70          57          74
0000208          66         133          83          67
0000224         123          30          91          38
0000240          72          32          27          55
0000256          40          86          49          86
0000272          97         106          19         163
0000288          84          56           9           4
0000304          11          18          11          23
0000320           8          18           3           5
0000336          10           5           8           7
0000352           3           2           8          12
0000368           3          12           1          22
0000384           4          12           7          14
0000400           2           5          12          12
0000416           5           2           6           4
0000432           3           9          10          24
0000448           7          12          11          16
0000464           8          10           5           5
0000480           4           8           4           6
0000496           8          22           8          14
0000512          11           5           8           5
0000528          18           4          12           7
0000544           5          10
0000552
