0000000       23462    15822934        1972           0
0000016           0           0           0           0
0000032           0           0        3231        2401
0000048        1985        2809        2945        2655
0000064        2590        2038        2643        2302
0000080        2534        2477        2162        1846
0000096        2246        2226        2547        2088
0000112        2421        2364        2899        2256
0000128        2362        2509        2423        2156
0000144        2511        2166        2832        2518
0000160        2521        2007        2048        2815
0000176        2141        2726        2422        2820
0000192        2486        2564        2840        2888
0000208        3519        3092        3323        2736
0000224        3085        2495        2389        2297
0000240        2587        2480        2342        2967
0000256        2796        2504        2555        2930
0000272        3228        3255        2378        3620
0000288        2529        2998        2948        2978
0000304        3174        3689        3434        4404
0000320        3200        3983        2760        3559
0000336        3673        4300        3341        3313
0000352        2832        2515        2857        3817
0000368        3135        3543        2338        4370
0000384        2622        2961        3064        3467
0000400        2692        2285        3610        3535
0000416        2798        2439        2558        2439
0000432        2760        3184        3179        3935
0000448        2808        3100        3341        4877
0000464        2775        3843        3102        2950
0000480        2694        3063        2885        2637
0000496        2896        4199        3042        3761
0000512        2552        2277        2733        2626
0000528        3788        2324        3443        2475
0000544        2566        2997
0000552
