0000000       53901    15671028        1923           0
0000016           0           0           0           0
0000032           0           0           9           5
0000048           3           4           8           1
0000064           9           5           5           4
0000080           2           3           2           2
0000096           3           3           5           2
0000112           1           6           7           6
0000128           4           6           5           3
0000144           4           3           4           8
0000160          10           2           1           4
0000176           5           6           4           3
0000192           5           3           4           3
0000208           6           7           5           3
0000224           5           3           4           2
0000240           4           1           2           3
0000256           4           0           3           4
0000272           4           2           0           6
0000288           5           5           0           1
0000304           1           1           1           5
0000320           2           2           1           0
0000336           1           0           0           3
0000352           0           2           0           1
0000368           1           0           0           5
0000384           1           0           0           2
0000400           1           1           1           1
0000416           1           0           0           0
0000432           0           1           1           2
0000448           1           1           0           1
0000464           0           0           1           0
0000480           0           1           0           1
0000496           2           0           1           1
0000512           0           0           0           0
0000528           2           0           2           0
0000544           1           0
0000552
