0000000       51959    15707961        1918           0
0000016           0           0           0           0
0000032           0           0       31348       17381
0000048       18625       30078       30493       23826
0000064       23424       20966       21150       18465
0000080       20839       19570       18264       15794
0000096       21858       15683       26603       18845
0000112       26095       27314       21965       30027
0000128       19167       32126       20195       31718
0000144       22189       20281       26289       24854
0000160       26900       15447       11841       20743
0000176       15436       22267       20712       20014
0000192       26652       21377       19922       19928
0000208       23400       29048       24907       20520
0000224       29750       18717       27086       17614
0000240       23164       18401       17370       23839
0000256       16612       23325       17939       28110
0000272       26560       30739       18415       35204
0000288       29599       21234        4384        4420
0000304        5424        6819        5066        7936
0000320        3833        7282        2861        5455
0000336        7397        5581        4568        4338
0000352        4350        3532        5540        6200
0000368        4652        6075        2069        7401
0000384        2495        4854        3538        7255
0000400        3657        3127        7059        6644
0000416        4866        2620        8501        6447
0000432        6931        9494        8912       10608
0000448        7647        9052        8602       12551
0000464        6707        9097        7980        7838
0000480        8111        8733        7735        5663
0000496        8332       10787        7694        9474
0000512        7495        5684        6563        8905
0000528       10264        5922        8508        7215
0000544        7096        7907
0000552
