0000000        5114    15694374        1918           0
0000016           0           0           0           0
0000032           0           0        3072         873
0000048        1004        2473        2716        1240
0000064        1544        1064        1613         861
0000080        1223        1101        1125         541
0000096        1125         751        1584        1084
0000112        1561        1627        1640        1668
0000128        1204        1708        1155        1423
0000144        1142         939        2010        1605
0000160        1700         638         224        1286
0000176         432        1508         808        1186
0000192        1779        1132        1011        1084
0000208        1236        2587        1345        1151
0000224        2292         716        1591         679
0000240        1336         606         645        1028
0000256         760        1339         798        1510
0000272        1678        1831         623        2978
0000288        1604        1095         182         158
0000304         217         228         207         300
0000320         153         237         113         187
0000336         274         201         187         164
0000352         125         109         172         255
0000368         198         248          82         292
0000384          83         152         148         238
0000400         137          94         272         234
0000416         163         102         223         164
0000432         149         294         292         403
0000448         234         264         301         384
0000464         197         274         217         240
0000480         277         281         242         174
0000496         271         382         207         330
0000512         219         153         213         234
0000528         393         189         263         210
0000544         192         265
0000552
