0000000       63897    15920573        1920           0
0000016           0           0           0           0
0000032           0           0          53           7
0000048           4          38          32           6
0000064          13           3          25           6
0000080          10          21          14           1
0000096           2           3          11           8
0000112          16           9          30           8
0000128          12           6           7           4
0000144           5           6          30          22
0000160          22           4           0          33
0000176           2          30           4          30
0000192          19           8          18          35
0000208          44          49          25          21
0000224          55           5          14           9
0000240          27           4           0           7
0000256          23          16          13          10
0000272          17          15           2          51
0000288          13          28          35          17
0000304          43          43          45          61
0000320          48          46           6          43
0000336          42          20          37          42
0000352          17          21          25          62
0000368          34          48           8          79
0000384           8          11          24          48
0000400           6           7          49          39
0000416          20           8           8          12
0000432           1          32          25          59
0000448          16          34          35          12
0000464           7          39          23          20
0000480          19          23          28          14
0000496          29          58           8          46
0000512          12           5          18           5
0000528          44           1           2          10
0000544           8          31
0000552
