0000000       52991    15758492        1919           0
0000016           0           0           0           0
0000032           0           0      148227      139547
0000048      118814      139449      137541      147639
0000064      143833      130949      140793      134705
0000080      147111      142414      123272      120949
0000096      132014      132424      135741      124925
0000112      132066      138340      153503      135047
0000128      135814      152149      131309      126908
0000144      144021      127279      150631      134512
0000160      138273      123939      123768      144455
0000176      133844      152447      155015      157007
0000192      135245      139004      157940      150519
0000208      177735      147179      169697      153777
0000224      158746      152917      131240      134772
0000240      139426      153858      136310      155222
0000256      160319      130758      147841      151062
0000272      173433      157647      144470      170419
0000288      139315      149793     8547233     8563501
0000304     8472592     8643402     8803474     8705039
0000320     8725948     8872290     8754456     9083654
0000336     8566624     9186764     8993197     9030313
0000352     8764463     9192199     8600941     8755953
0000368     8695271     8648937     9227162     8661813
0000384     9041902     8519016     8982089     8197746
0000400     8726551     8604718     8537213     8441047
0000416     8448287     8464606     4899827     4987240
0000432     5032144     4939878     4961495     5257849
0000448     5027820     5008530     5086723     5272899
0000464     5160539     5735921     5139738     5167208
0000480     5294240     5437409     5230522     5204631
0000496     4909631     5132187     5303027     4866678
0000512     5107331     4821320     5389815     4688952
0000528     5194819     4850103     5131513     4916785
0000544     4987664     4866862
0000552
