0000000       47158    15885334        1921           0
0000016           0           0           0           0
0000032           0           0          97          56
0000048          44          70          79          57
0000064          54          38          45          39
0000080          52          49          44          41
0000096          45          45          51          49
0000112          59          42          67          48
0000128          58          52          48          37
0000144          64          41          71          57
0000160          48          59          35          74
0000176          44          48          51          74
0000192          69          75          72          72
0000208          76          81          85          72
0000224          68          58          56          62
0000240          59          43          50          60
0000256          57          60          57          73
0000272          85          88          50         101
0000288          53          72          61          57
0000304          69          85          84         107
0000320          76          88          39          92
0000336          87          82          81          74
0000352          44          51          68          87
0000368          86          71          32         108
0000384          43          67          61          63
0000400          64          46          83          80
0000416          72          52          36          55
0000432          52          79          80          95
0000448          58          62          84         129
0000464          50          82          70          52
0000480          49          84          67          58
0000496          74         115          57         104
0000512          48          36          41          65
0000528          95          61          72          46
0000544          50          68
0000552
