0000000       27616    15908846        1921           0
0000016           0           0           0           0
0000032           0           0          70          43
0000048          31          49          54          40
0000064          38          22          50          33
0000080          38          36          29           6
0000096          43          29          27          28
0000112          37          27          60          31
0000128          41          27          32          32
0000144          30          25          57          36
0000160          56          29          10          61
0000176          14          50          35          54
0000192          47          30          40          47
0000208          68          70          57          58
0000224          52          36          35          23
0000240          39          24          25          30
0000256          53          40          52          38
0000272          46          56          15          74
0000288          53          49          43          38
0000304          64          56          40          84
0000320          45          59          50          56
0000336          68          55          65          51
0000352          49          33          50          50
0000368          54          57          23          67
0000384          30          33          52          66
0000400          35          22          52          54
0000416          36          25          26          42
0000432          20          39          50          76
0000448          45          49          57          60
0000464          43          46          42          40
0000480          42          70          39          46
0000496          66          56          31          73
0000512          51          17          44          40
0000528          65          22          47          26
0000544          34          55
0000552
