0000000       33918    15811074        1921           0
0000016           0           0           0           0
0000032           0           0        4773        3312
0000048        2830        3776        4185        3467
0000064        3606        2720        3813        2804
0000080        3486        3592        3112        2285
0000096        2901        3057        3394        2838
0000112        3330        3166        4201        3173
0000128        3280        3154        3217        2580
0000144        3267        2689        4346        3464
0000160        3467        2713        2438        4465
0000176        2826        4559        3763        4617
0000192        3789        3595        4094        4437
0000208        5383        5017        4884        4085
0000224        5055        3553        3437        3295
0000240        3706        3260        3223        3881
0000256        4343        3411        3915        3863
0000272        4677        4332        3230        6226
0000288        3576        4237       14775        6849
0000304       18799       20821       38154       20771
0000320       14452       30456        5402       23200
0000336       16332       10909       16396       31945
0000352        6910        6372       10245       34360
0000368       13018       12901        5421       36077
0000384        5688        7813       10291       15004
0000400        4883        5666       20523       26198
0000416        7405        4922        4210        4024
0000432        4492        6237        6210       17147
0000448        5240        5857        7357        7606
0000464        4564       10810        5702        5515
0000480        5243        6387        6857        4793
0000496        5325       15105        4836        7736
0000512        4108        3347        4957        4078
0000528       12572        3745        5272        4100
0000544        4134        5705
0000552
