0000000       61986    15988808        3833           0
0000016           0           0           0           0
0000032           0           0           3           0
0000048           0           1           5           1
0000064           0           0           1           0
0000080           0           1           0           0
0000096           1           0           0           0
0000112           1           1           2           0
0000128           0           0           1           1
0000144           2           0           2           1
0000160           1           0           0           0
0000176           0           1           0           0
0000192           1           1           0           0
0000208           2           1           0           3
0000224           1           0           1           1
0000240           1           0           0           0
0000256           0           0           0           3
0000272           2           1           1           1
0000288           0           0           1           2
0000304           2           3           3           2
0000320           0           3           1           1
0000336           2           2           3           4
0000352           0           0           2           1
0000368           1           3           0           5
0000384           0           0           1           3
0000400           1           0           2           3
0000416           0           0           1           1
0000432           0           0           0           5
0000448           4           1           0           0
0000464           0           2           0           1
0000480           0           2           0           2
0000496           1           4           1           1
0000512           0           2           0           1
0000528           3           3           3           0
0000544           1           1
0000552
