0000000       40603    15897043        1921           0
0000016           0           0           0           0
0000032           0           0          86          40
0000048          40          86          69          43
0000064          54          22          54          38
0000080          52          38          42          41
0000096          46          29          45          45
0000112          51          62          64          45
0000128          52          44          62          40
0000144          56          48          73          61
0000160          59          42          37          65
0000176          51          65          51          62
0000192          54          49          57          65
0000208          69          69          82          64
0000224          64          50          52          42
0000240          44          30          35          58
0000256          54          54          50          64
0000272          60          68          48          79
0000288          52          60          54          41
0000304          48          68          63          78
0000320          59          76          52          61
0000336          63          71          49          75
0000352          46          27          60          72
0000368          67          68          31          85
0000384          43          52          62          57
0000400          53          35          57          60
0000416          55          50          37          52
0000432          39          66          60          69
0000448          47          76          48          70
0000464          51          75          64          45
0000480          38          49          51          48
0000496          66          63          46          83
0000512          46          38          58          54
0000528          73          50          64          49
0000544          42          68
0000552
