0000000       37222    15721541        1924           0
0000016           0           0           0           0
0000032           0           0    17973988    17965650
0000048    17965036    17936795    17961113    17936731
0000064    17953921    17939361    17953921    17938735
0000080    17954629    17936351    17953837    17958423
0000096    17956101    17938107    17955668    17949481
0000112    17954911    17950684    17927806    17949933
0000128    17930622    17946076    17932093    17950600
0000144    17928050    17944845    17924297    17944797
0000160    17950956    17951574    17959702    17956672
0000176    17955753    17940327    17954970    17937761
0000192    17949994    17940815    17951241    17938164
0000208    17950482    17938154    17950478    17953052
0000224    17948627    17941155    17951545    17950975
0000240    17950001    17948816    17940652    17949903
0000256    17935942    17946519    17938178    17949097
0000272    17933334    17946431    17938003    17944436
0000288    17949848    17948410    17154139    17156023
0000304    17147222    17133515    17145181    17127055
0000320    17142220    17130131    17141899    17121862
0000336    17146204    17127069    17143009    17141749
0000352    17145945    17129823    17148385    17139248
0000368    17140575    17137455    17120022    17132880
0000384    17118757    17139793    17119680    17138739
0000400    17120645    17139674    17118488    17136278
0000416    17146844    17142894    17726816    17720599
0000432    17717416    17699525    17713037    17691304
0000448    17710527    17697434    17709128    17695455
0000464    17712780    17696195    17712137    17711621
0000480    17713953    17697879    17711935    17711023
0000496    17708791    17704719    17697719    17703966
0000512    17695969    17705863    17693634    17705797
0000528    17682680    17705301    17691899    17707601
0000544    17706733    17707974
0000552
