0000000       13739      353107        1922           0
0000016           0           0           0           0
0000032           0           0       55423       52080
0000048       47157       66813       55932       55252
0000064       46015       50522       60054       53445
0000080       50992       53053       52430       57189
0000096       54120       56199       53726       44716
0000112       54607       55932       58564       50779
0000128       49782       54604       53670       50860
0000144       59079       71086       50967       53544
0000160       55676       51534       48146       56899
0000176       51162       51070       44528       48853
0000192       49323       65831       42888       46842
0000208       44813       44365       46909       34915
0000224       45511       39547       58246       42072
0000240       46819       45717       45062       46222
0000256       46840       47466       57666       58780
0000272       56012       44578       48936       39183
0000288       35536       45176       51474       53920
0000304       58221       43610       54503       48516
0000320       46719       42679       52634       56180
0000336       54176       58802       54322       54118
0000352       53064       50338       52462       53111
0000368       47587       56280       50704       45828
0000384       53416       53925       51734       62489
0000400       52396       61145       52958       50183
0000416       54644       61125       48862       53999
0000432       54299       57654       50833       54235
0000448       55664       58438       50435       53504
0000464       53223       64072       49553       52687
0000480       51063       50489       58347       55087
0000496       48355       53861       63450       50939
0000512       59334       44775       52429       54839
0000528       53560       49848       58698       48172
0000544       55092       57195
0000552
