0000000        2473     1067358        1921           0
0000016           0           0           0           0
0000032           0           0           0           0
0000048           0           1           0           0
0000064           1           0           1           1
0000080           0           0           0           0
0000096           0           0           0           0
0000112           0           0           0           0
0000128           0           0           0           0
0000144           0           0           0           0
0000160           0           0           0           0
0000176           0           0           0           0
0000192           0           0           0           0
0000208           0           0           0           0
0000224           0           0           1           1
0000240           1           0           0           0
0000256           0           0           0           0
0000272           0           0           0           0
0000288           0           0           0           0
0000304           0           0           0           0
0000320           1           0           0           1
0000336           0           0           0           0
0000352           1           0           0           0
0000368           0           0           1           0
0000384           0           1           0           0
0000400           0           1           0           0
0000416           0           0           0           1
0000432           0           0           0           1
0000448           0           1           0           0
0000464           1           0           0           0
0000480           0           1           0           0
0000496           1           0           0           0
0000512           0           0           0           0
0000528           0           0           1           0
0000544           0           0
0000552
