0000000       13285      236252        1920           0
0000016           0           0           0           0
0000032           0           0    17897113    17901298
0000048    17891864    17840364    17880314    17841012
0000064    17873426    17841282    17872925    17844826
0000080    17871486    17844569    17877503    17880189
0000096    17894865    17843593    17873398    17885610
0000112    17882777    17869381    17839722    17883853
0000128    17840904    17872320    17834389    17873839
0000144    17834087    17868383    17835286    17870573
0000160    17877223    17887832    18413113    18403736
0000176    18398685    18362285    18408316    18360106
0000192    18396410    18357322    18392164    18363387
0000208    18388032    18363087    18396938    18401300
0000224    18396020    18363778    18388068    18382745
0000240    18383419    18387107    18361451    18381703
0000256    18359403    18379760    18358582    18379482
0000272    18357807    18379263    18359009    18375145
0000288    18373968    18374005    18331188    18329286
0000304    18326652    18319675    18324856    18317352
0000320    18323819    18318624    18323984    18315139
0000336    18322552    18314244    18322829    18325070
0000352    18324313    18318321    18324073    18322626
0000368    18324161    18321621    18317010    18320604
0000384    18314018    18320642    18316515    18319611
0000400    18314616    18320464    18315428    18323017
0000416    18323327    18323509    18008152    18005451
0000432    17998699    17983784    17998400    17984074
0000448    17993869    17984800    17995109    17984276
0000464    17995390    17982118    17993782    17995587
0000480    17998152    17987005    17994437    17994509
0000496    17993292    17992682    17981932    17992638
0000512    17980348    17993062    17984577    17991923
0000528    17982499    17992612    17980909    17995997
0000544    17992630    17993379
0000552
