0000000       47813      692743        1948           0
0000016           0           0           0           0
0000032           0           0           9          13
0000048          11          35          24          21
0000064          17          17          32          26
0000080          19          30          35          34
0000096          26          30          11           1
0000112          22          27           7          13
0000128           3          22          26          29
0000144          31          39          22           9
0000160          31          22          15          24
0000176          21          20          20          25
0000192          19          31          20          11
0000208          12           2          14           0
0000224           3           3          16           7
0000240          12          12           6          19
0000256          17          11          19          20
0000272          16           3          11           2
0000288           0           1          10          11
0000304          33           6          36          18
0000320          20          15          13          24
0000336          15          31          25          17
0000352          21          16          24          17
0000368          11          27          22          23
0000384          31          19          13          31
0000400          24          19          14          11
0000416          16          24          21          33
0000432          21          33          18          26
0000448          20          28          10          25
0000464          17          32          22          19
0000480          18          15          24          24
0000496          19          34          31          18
0000512          29          12          13          17
0000528          26          13          27          21
0000544          18          25
0000552
