0000000       54925      540192        1920           0
0000016           0           0           0           0
0000032           0           0          35          25
0000048          29         423         141         118
0000064         100         231         431         350
0000080          30         196         610         844
0000096         327         953          39          12
0000112          35         304          15          14
0000128          20         232         441         587
0000144         342         681         113         114
0000160         140          64          24          84
0000176          38          27          49          47
0000192          38         180          42          30
0000208          28          20          52          12
0000224          15          19          29          19
0000240          20          28          20          38
0000256          22          18          37          37
0000272          34          21          24          16
0000288           8          23          23          31
0000304          79          14         124          28
0000320          53          27          21         184
0000336          38         333          77          30
0000352          35          23          54          40
0000368          34          60          35         105
0000384          84          76          30         198
0000400          38          36          41          19
0000416          48          38          34         179
0000432         764         358          29          82
0000448         255          44          21         186
0000464          35         474         447          89
0000480          35          29         146         250
0000496          63         359         234          50
0000512         614          23          34          35
0000528          35          29         197          25
0000544          66          82
0000552
