0000000       46165      265380        1923           0
0000016           0           0           0           0
0000032           0           0    18375638    18376088
0000048    18375726    18368302    18373679    18370374
0000064    18373908    18370068    18373348    18367747
0000080    18375271    18369586    18374306    18376469
0000096    18382382    18366765    18377195    18383071
0000112    18378801    18375876    18370411    18379059
0000128    18369887    18375554    18364421    18373913
0000144    18363696    18371551    18366275    18373964
0000160    18374123    18374758    18468128    18549626
0000176    18494009    18385841    18484574    18359918
0000192    18476864    18362966    18468564    18356156
0000208    18452080    18370528    18459640    18441402
0000224    18437678    18387356    18436866    18452603
0000240    18420553    18428854    18368084    18424000
0000256    18368891    18403161    18340385    18425062
0000272    18327585    18422604    18343449    18417909
0000288    18425621    18438558    18431414    18422675
0000304    18417836    18364566    18421626    18354828
0000320    18410150    18364113    18395809    18364367
0000336    18398947    18372839    18398961    18394928
0000352    18387206    18377072    18392029    18384729
0000368    18388874    18380121    18344152    18377774
0000384    18348835    18370877    18350916    18365658
0000400    18339380    18365169    18339396    18361211
0000416    18370025    18377713    18387671    18385932
0000432    18383204    18374707    18381262    18374704
0000448    18380020    18375632    18379044    18374568
0000464    18378757    18372865    18378757    18378966
0000480    18378401    18375531    18378637    18377921
0000496    18377046    18376919    18372660    18375924
0000512    18370209    18375723    18373844    18375428
0000528    18372406    18375502    18370975    18375694
0000544    18375264    18375475
0000552
