0000000       60422      741565        1922           0
0000016           0           0           0           0
0000032           0           0           2           2
0000048           0          16           6           4
0000064           3           3          13          15
0000080           2           9          24          25
0000096          13          27           1           0
0000112           2          11           3           0
0000128           0           9          15          16
0000144           8          27           2           4
0000160           2           1           0           3
0000176           0           1           1           2
0000192           0           5           4           3
0000208           1           0           0           0
0000224           0           1           1           1
0000240           1           0           3           1
0000256           0           0           3           2
0000272           0           1           0           0
0000288           2           0           1           1
0000304           5           1          10           0
0000320           0           1           0          17
0000336           0          17           6           0
0000352           3           2           2           3
0000368           0           4           0           6
0000384           2           3           1           9
0000400           1           1           1           0
0000416           3           1           1           7
0000432          26          15           0           2
0000448           6           1           0           4
0000464           1          11          12           0
0000480           0           0           5          15
0000496           5          15          15           3
0000512          20           1           2           0
0000528           0           2           7           0
0000544           1           1
0000552
