0000000       30639      401921        1922           0
0000016           0           0           0           0
0000032           0           0        4204        8781
0000048        7581       42443       23003       19756
0000064       20774       24562       38123       32926
0000080        7511       23205       39498       52946
0000096       31584       53771        5838        1320
0000112        9075       33355        2636        4291
0000128        1622       25754       36635       40597
0000144       34936       46690       17983       18259
0000160       23299       13313        1261        2779
0000176        1694        1514        1852        1901
0000192        1559        3767        1915        1319
0000208        1538         984        1966         682
0000224         997         792        1792        1139
0000240        1282        1251        1046        1417
0000256        1376        1172        1825        1707
0000272        1576         913        1317         799
0000288         653         963        1562        1679
0000304        6178        1158        7866        1728
0000320        4393        1365        1525        8678
0000336        2455       17220        5070        3325
0000352        2255        1661        2943        2883
0000368        1574        4041        1730        6536
0000384        5615        4641        1604        9182
0000400        2969        2704        2757        1366
0000416        2382        2684        2743        8996
0000432       31276       13028        2065        4508
0000448       13607        2276        1761        8129
0000464        1960       17161       17853        6137
0000480        2372        2955        9363       12504
0000496        4849       14866       12209        4054
0000512       26317        1456        1845        2027
0000528        3158        2086       11125        1911
0000544        4178        5527
0000552
