0000000        2841       97889        1925           0
0000016           0           0           0           0
0000032           0           0           1           1
0000048           0           0           0           0
0000064           0           0           1           1
0000080           1           0           0           2
0000096           0           3           0           0
0000112           0           1           0           0
0000128           0           2           1           2
0000144           1           1           0           0
0000160           1           0           3           0
0000176           0           3           2           3
0000192           1           2           1           0
0000208           1           0           2           0
0000224           0           0           2           2
0000240           3           2           1           2
0000256           2           0           2           1
0000272           5           2           0           0
0000288           0           0           0           0
0000304           1           0           0           1
0000320           2           0           0           1
0000336           0           1           0           1
0000352           2           1           1           1
0000368           0           1           0           2
0000384           0           1           0           2
0000400           0           0           0           1
0000416           0           1           0           2
0000432           0           0           1           1
0000448           1           2           0           1
0000464           1           2           1           0
0000480           1           1           0           1
0000496           3           2           3           0
0000512           1           0           1           1
0000528           0           1           1           1
0000544           1           0
0000552
