0000000       30926      669244        1922           0
0000016           0           0           0           0
0000032           0           0          21          12
0000048          10          39          26          24
0000064          13          27          23          24
0000080          23          24          31          29
0000096          34          42          25           5
0000112          17          33          15          15
0000128           8          26          32          29
0000144          25          41          23          18
0000160          23          20          17          23
0000176          22          23          13          34
0000192          19          42          19          18
0000208          20          11          16           2
0000224           8           9          23          13
0000240          11          14          12          24
0000256          21          16          21          26
0000272          12           5           8           4
0000288           2           5          24          23
0000304          23          14          31          22
0000320          29           9          14          36
0000336          27          25          26          26
0000352          31          20          17          33
0000368          14          19          15          25
0000384          25          23          22          40
0000400          24          23          21          11
0000416          25          16          20          23
0000432          41          32          23          20
0000448          27          25          13          28
0000464          23          36          32          27
0000480          16          21          26          30
0000496          20          22          25          21
0000512          32          25          11          17
0000528          20          20          36          14
0000544          35          32
0000552
