0000000       20535      778542        1925           0
0000016           0           0           0           0
0000032           0           0           1           0
0000048           0           0           0           4
0000064           2           1           1           1
0000080           1           1           4           8
0000096           3           8           1           0
0000112           2           2           1           1
0000128           0           0           2           1
0000144           2           1           0           0
0000160           1           1           1           1
0000176           1           1           1           2
0000192           3           0           2           0
0000208           0           0           1           0
0000224           0           0           2           0
0000240           1           0           0           1
0000256           2           0           0           1
0000272           0           0           0           0
0000288           2           0           2           3
0000304           2           0           1           0
0000320           1           0           2           2
0000336           1           1           0           1
0000352           1           2           1           0
0000368           2           2           1           1
0000384           1           2           1           1
0000400           0           2           0           0
0000416           0           1           0           0
0000432           4           2           1           1
0000448           1           1           1           0
0000464           1           0           2           0
0000480           0           0           2           1
0000496           0           1           0           0
0000512           1           0           0           0
0000528           0           1           4           2
0000544           1           1
0000552
