0000000       15663     1055648        1920           0
0000016           0           0           0           0
0000032           0           0           0           0
0000048           0           0           1           0
0000064           0           0           0           2
0000080           0           0           0           0
0000096           1           2           1           0
0000112           0           1           0           0
0000128           0           1           0           0
0000144           1           1           0           0
0000160           1           0           1           0
0000176           0           1           0           0
0000192           0           1           1           0
0000208           1           0           0           0
0000224           0           0           0           1
0000240           0           0           0           0
0000256           0           0           0           2
0000272           0           0           0           0
0000288           0           1           0           0
0000304           0           0           0           3
0000320           1           0           0           1
0000336           0           0           0           0
0000352           0           1           0           0
0000368           0           0           0           0
0000384           0           0           0           0
0000400           0           0           0           0
0000416           0           1           0           0
0000432           0           0           0           0
0000448           0           0           0           0
0000464           0           0           0           0
0000480           0           0           0           0
0000496           0           2           0           0
0000512           0           1           0           0
0000528           0           0           0           0
0000544           0           0
0000552
