0000000       21111      801933        1922           0
0000016           0           0           0           0
0000032           0           0           2           1
0000048           0           2           1           2
0000064           0           1           2           2
0000080           2           1           2           3
0000096           3           3           3           0
0000112           0           2           0           1
0000128           1           0           3           2
0000144           1           3           0           1
0000160           1           0           1           1
0000176           0           0           0           2
0000192           0           3           3           1
0000208           0           0           0           0
0000224           0           0           0           0
0000240           0           0           0           0
0000256           0           0           1           0
0000272           1           0           0           2
0000288           0           0           0           0
0000304           2           1           0           2
0000320           4           0           0           0
0000336           0           2           0           2
0000352           0           0           1           1
0000368           0           1           1           2
0000384           1           0           0           2
0000400           0           0           1           1
0000416           0           1           0           0
0000432           4           4           0           0
0000448           1           0           0           0
0000464           0           2           1           0
0000480           1           1           1           1
0000496           1           2           1           1
0000512           1           1           0           0
0000528           1           1           1           1
0000544           1           1
0000552
