0000000       36671      727950        1935           0
0000016           0           0           0           0
0000032           0           0           2           3
0000048           4          23          14           9
0000064           5          13          24          18
0000080           4          12          23          28
0000096          28          39           2           0
0000112           1          17           2           0
0000128           1          13          26          27
0000144          16          31           8           6
0000160          12           4           1           7
0000176           2           2           3           4
0000192           4          15           6           0
0000208           5           0           6           1
0000224           0           0           2           0
0000240           0           1           2           3
0000256           0           2           2           0
0000272           0           3           1           2
0000288           0           2           3           1
0000304           8           1           8           2
0000320           9           0           0          19
0000336           1          18           3           5
0000352           2           2           8           5
0000368           2           6           1           9
0000384          11          13           0          18
0000400           3           2           4           1
0000416           3           1           5          16
0000432          26          23           0           9
0000448          15           4           3          11
0000464           1          36           8           2
0000480           4           2          16          14
0000496           5          20          12           2
0000512          27           2           0           1
0000528           2           3           8           2
0000544           5           4
0000552
