0000000        2034      983610        1919           0
0000016           0           0           0           0
0000032           0           0           0           0
0000048           0           0           0           1
0000064           1           0           0           2
0000080           1           1           0           0
0000096           1           2           1           1
0000112           1           0           1           1
0000128           1           1           1           1
0000144           0           1           1           0
0000160           0           0           2           1
0000176           0           0           0           1
0000192           1           0           0           0
0000208           1           1           0           0
0000224           0           0           0           1
0000240           0           0           0           0
0000256           0           0           0           0
0000272           0           0           0           1
0000288           0           0           0           0
0000304           0           0           0           0
0000320           0           0           1           0
0000336           0           0           0           0
0000352           0           0           2           0
0000368           0           0           1           0
0000384           0           0           0           0
0000400           0           0           0           1
0000416           1           0           0           1
0000432           1           1           1           0
0000448           0           1           1           0
0000464           0           0           2           1
0000480           0           0           0           0
0000496           0           0           0           0
0000512           1           0           0           0
0000528           0           0           1           1
0000544           1           2
0000552
