0000000        5239      388306        1931           0
0000016           0           0           0           0
0000032           0           0       27733       40076
0000048       34174       63856       50598       47574
0000064       42575       46517       57975       51683
0000080       32961       47507       51730       56512
0000096       52146       56649       32133        8584
0000112       40345       54148       22561       26494
0000128       12426       51545       52218       50214
0000144       56850       68586       44768       45757
0000160       50005       40474        3111       22264
0000176        9974        6247       11210       11610
0000192        7536       29125       12517        3059
0000208        7751        1432       13205         955
0000224        1323        1090        6085        3113
0000240        2901        3953        1760        6140
0000256        4750        1803        7710        5693
0000272        5221        1227        3188        1129
0000288         986        1283        5427        8343
0000304       35653        2124       39765        9948
0000320       27857        5658        5058       41090
0000336       18325       50266       32554       25312
0000352       17091        8540       21846       20374
0000368        7911       27065        8180       30013
0000384       32350       30153        7056       42184
0000400       21773       19786       18437        3395
0000416       17100       18519       20167       39118
0000432       51821       46560       15296       27143
0000448       44817       14316       12398       36809
0000464       12839       52832       44690       32623
0000480       18093       20786       40461       43968
0000496       28387       44628       46751       26175
0000512       53713        6158       10723       11383
0000528       21761       15149       42756       12561
0000544       26808       30085
0000552
