0000000        3730      413675        1964           0
0000016           0           0           0           0
0000032           0           0        1516        1712
0000048        1407        9443        3527        3163
0000064        3127        4789        8786        6818
0000080        1590        4393       14357       30870
0000096        6654       35355        1590         931
0000112        1802        6747        1373        1296
0000128        1059        4439        9420       14143
0000144        6986       12503        2953        2769
0000160        3831        2179        1047        1612
0000176        1272        1221        1202        1339
0000192        1166        2092        1176        1110
0000208        1119         784        1285         599
0000224         771         703        1432         935
0000240        1067        1071         842        1151
0000256        1134         916        1463        1278
0000272        1205         798        1118         694
0000288         577         868        1262        1378
0000304        1835         907        1910        1289
0000320        1565        1054        1231        1996
0000336        1528        2575        1792        1638
0000352        1515        1268        1555        1595
0000368        1241        1733        1210        1591
0000384        1788        1660        1329        2260
0000400        1622        1619        1559        1083
0000416        1498        1624        1404        1979
0000432        5305        2405        1404        1595
0000448        2231        1649        1236        1904
0000464        1407        2779        2565        1689
0000480        1362        1414        1973        2165
0000496        1504        2407        2406        1672
0000512        4179        1148        1387        1493
0000528        1497        1348        2294        1276
0000544        1690        1886
0000552
