0000000       25991      288793        1921           0
0000016           0           0           0           0
0000032           0           0    10397140    10366236
0000048    10423954    10178142    10295215    10045121
0000064    10361675    10122019    10259578    10107109
0000080    10172305    10147256    10264659    10376207
0000096    10407776    10366160    10213216    10353034
0000112    10306242    10379857    10155907    10291156
0000128    10134505    10259262    10146548    10303212
0000144    10175374    10246926    10090714    10263128
0000160    10330289    10321149     4681705     4483605
0000176     4335868     4365778     4296151     4266754
0000192     4356962     4377073     4423510     4236423
0000208     4319062     4432759     4474627     4250077
0000224     4302944     4684439     4241519     4573113
0000240     4018378     4181281     4530146     4204576
0000256     4738529     3988427     4319670     4204829
0000272     4213187     4230451     4330688     4108071
0000288     4119277     4251631     8061648     8070729
0000304     8187732     8278088     8369076     8171822
0000320     8387519     8395326     8170842     8512323
0000336     8302157     8960329     8382915     8518062
0000352     8330049     9005394     8409717     8348861
0000368     8488999     8260962     8176396     8403713
0000384     8665405     8278154     8710972     7993675
0000400     8234950     8110330     8276827     7842287
0000416     8059921     8376991     9394311     9333827
0000432     9312983     9223595     9278363     9176650
0000448     9351385     9165589     9282840     9305870
0000464     9308349     9412041     9371095     9353869
0000480     9303646     9854135     9445896     9449664
0000496     9395990     9308290     9556694     9288585
0000512     9569162     8933289     9525442     8865676
0000528     9386874     9249424     9299485     9238731
0000544     9191447     9398080
0000552
