0000000       12261     8995207        9559           0
0000016           0           0           0           0
0000032           0           0        9772       10986
0000048        8533       10858        9030        9758
0000064       10005       10405       12142       11263
0000080       10707        9806       10907       10275
0000096       11740       10862       10679        8958
0000112        8508        9174        7633       10684
0000128       11363        9076        8974       10844
0000144       13317        9074       10127       11972
0000160        8806       10146        9005       10428
0000176       10949       14787       11671       11759
0000192       10064       10446        9988       11437
0000208       12360        9771       12007       10798
0000224       10623       11270       11100        9220
0000240        9191       11790        9911       11329
0000256       11901       14013       11406       11536
0000272        8717       10643       10461       11689
0000288        9287       11898        9269       12073
0000304        9268        9802        9999        9193
0000320       11067       10071       11961       10056
0000336       11334       10269       12152       10877
0000352       15343       10848       10896        9563
0000368       11012       12137        9461       10431
0000384       11451       11676       10231       10087
0000400       12412       12123        9589        9499
0000416        9659       10930       12953        9173
0000432       12302       11583       12765       11353
0000448       14253       12955       10737       10797
0000464       13694       10871       11704        9512
0000480        9668        9342       10482       10106
0000496       13522       10967       10475       10608
0000512       11939       11123       12677       12457
0000528        9472       15293        9967       11207
0000544       10561       12026
0000552
