0000000       42052     8067162        9560           0
0000016           0           0           0           0
0000032           0           0      643146      672321
0000048      575409      662116      597681      636388
0000064      591322      645575      727057      696538
0000080      651400      600956      666732      669820
0000096      674925      620770      682713      580614
0000112      538926      579228      484613      684283
0000128      662405      561903      604020      615563
0000144      802945      541202      654265      697977
0000160      554547      587237      639511      617785
0000176      623993      741398      685680      679086
0000192      579436      596202      559268      654298
0000208      638006      576476      640434      678813
0000224      650633      602912      650300      564496
0000240      525758      671477      605552      628477
0000256      645470      739901      614433      645124
0000272      514416      623412      601173      700299
0000288      577505      684467      518353      707341
0000304      543358      542976      572336      568602
0000320      615946      592793      648737      571379
0000336      657514      577894      666742      625474
0000352      782251      637833      649288      575862
0000368      603529      669295      586079      579959
0000384      655051      703223      550872      581571
0000400      747994      737471      574932      568324
0000416      575948      640107      774607      584755
0000432      700703      615129      690153      641817
0000448      705155      626138      594372      565117
0000464      763797      551315      599113      573320
0000480      519302      556072      586403      625375
0000496      657310      619049      652949      650230
0000512      639848      630069      677542      636680
0000528      550478      860828      619818      617097
0000544      573472      656182
0000552
