0000000       64959     7608139        9561           0
0000016           0           0           0           0
0000032           0           0      619319      654221
0000048      552512      624924      568002      603492
0000064      556700      601213      676147      650691
0000080      610099      559383      622490      625395
0000096      635306      575920      642114      539179
0000112      512707      542195      454729      644238
0000128      616830      527368      566414      581053
0000144      768232      515970      624721      674500
0000160      532990      557687      490223      593085
0000176      594600      694719      644300      638935
0000192      542804      558339      522736      613470
0000208      592451      538310      601810      639939
0000224      615196      565407      615070      529378
0000240      495786      651832      568343      588796
0000256      607707      696230      593897      610405
0000272      486572      592741      566187      669587
0000288      554658      648589      494499      669871
0000304      509513      515030      545393      532860
0000320      584782      562857      607379      539056
0000336      617618      538925      621483      585248
0000352      735011      604337      617764      545614
0000368      575102      630283      555683      542735
0000384      619554      665416      525976      554432
0000400      707063      708501      548742      535528
0000416      557005      617661      762362      556304
0000432      662364      589559      652511      607272
0000448      664637      587744      560824      537400
0000464      723223      525225      568130      545161
0000480      495276      527725      552972      594379
0000496      616460      591577      619431      620310
0000512      604037      598412      638207      607830
0000528      527984      837105      595348      593513
0000544      561128      629011
0000552
