0000000       14554     7629332        9559           0
0000016           0           0           0           0
0000032           0           0      611248      640621
0000048      546517      625712      566225      605391
0000064      557802      610919      683686      659301
0000080      616139      566168      633319      632570
0000096      642573      585302      647062      546989
0000112      508384      547593      456983      649445
0000128      625978      531886      569909      582481
0000144      764632      509182      619902      667234
0000160      526385      552534      641483      587149
0000176      591631      697256      645685      644858
0000192      544851      560494      527723      618798
0000208      598427      542477      605533      642024
0000224      619598      569686      619119      531915
0000240      497342      650782      573029      592970
0000256      611308      701161      593515      610222
0000272      483938      588139      567410      663545
0000288      548054      643320      490281      673074
0000304      512504      514078      545167      536123
0000320      584331      567609      613813      543717
0000336      625774      546446      633782      590031
0000352      749162      606144      620255      547046
0000368      577493      637237      562439      550104
0000384      624376      670395      525114      550987
0000400      711040      705675      544582      535281
0000416      547219      610238      757976      557484
0000432      667469      588744      657860      613486
0000448      671704      596914      560877      539682
0000464      731770      532588      572658      548891
0000480      495658      528790      558101      597541
0000496      624673      591901      621472      622559
0000512      611059      607056      646008      607925
0000528      526362      833528      590739      589063
0000544      553134      629395
0000552
