0000000       38780     8783009        9547           0
0000016           0           0           0           0
0000032           0           0       26157       38918
0000048       37443       44616       38793       38695
0000064       41295       54102       57036       59415
0000080       46359       50470       48901       50103
0000096       59194       55467       48902       44926
0000112       38708       45679       31296       41823
0000128       56923       45472       45247       45412
0000144       63208       39537       44642       45884
0000160       43801       41211       16965       56329
0000176       55937       74006       62648       61481
0000192       53532       53334       52751       59333
0000208       61947       51657       60778       56004
0000224       57932       58212       57383       49224
0000240       44759       58357       51464       59063
0000256       58661       70933       56186       60175
0000272       43086       55293       52303       56836
0000288       43440       61657       31517       62987
0000304       48563       42787       50461       42440
0000320       51222       50220       62421       50252
0000336       58263       54245       62542       57633
0000352       75813       54198       45170       49276
0000368       49213       62665       42804       54710
0000384       56048       61024       43860       48995
0000400       66754       64517       40430       49249
0000416       46501       48582       68868       50953
0000432       65239       58736       66141       61296
0000448       71736       62128       56419       54282
0000464       71046       55586       58459       46187
0000480       49598       49287       54189       52944
0000496       66877       52808       50594       55886
0000512       61882       58533       65428       62313
0000528       47576       79836       43569       52959
0000544       53975       53706
0000552
