0000000        4103     8956621        9557           0
0000016           0           0           0           0
0000032           0           0       10352       11795
0000048        8993       11332        9635       10360
0000064       10328       11238       12774       12308
0000080       11065       10586       11216       10728
0000096       12293       11403       11201        9693
0000112        8936        9512        7879       11238
0000128       11945        9680        9540       11155
0000144       13976        9341       10515       12420
0000160        9281       10669        9644       11211
0000176       11502       17061       13082       12522
0000192       10924       11059       11052       12061
0000208       14515       10576       12586       11435
0000224       11359       12370       11764        9623
0000240        9436       12665       10472       12510
0000256       12198       15079       11877       12785
0000272        9287       11581       10931       12366
0000288        9880       13281        9671       12922
0000304        9577       10216       10372        9599
0000320       11750       10671       13641       10406
0000336       11958       11664       13652       11700
0000352       19254       11243       11533       10231
0000368       11430       12950       10219       11544
0000384       11776       12371       10495       10730
0000400       13147       12771       10082       10096
0000416       10339       11545       13863       10077
0000432       15347       12064       16364       13265
0000448       17231       17166       12046       11469
0000464       15939       11726       12234       10071
0000480       10098        9954       11287       10910
0000496       16331       11354       11076       11245
0000512       13690       11911       14680       13135
0000528        9943       16349       10469       11751
0000544       11199       12486
0000552
