0000000       22185     8510942        9550           0
0000016           0           0           0           0
0000032           0           0       69759       76655
0000048       60731       75348       65292       70513
0000064       67501       70836       81938       75876
0000080       73219       66835       74107       72053
0000096       77037       71113       73830       63278
0000112       59872       63660       52728       75331
0000128       76578       62678       64134       71694
0000144       89634       60904       71067       81444
0000160       60605       68180       68250       69285
0000176       72012       90941       76486       76172
0000192       65894       68675       64648       75393
0000208       75619       64197       76286       75652
0000224       72223       71674       73973       62014
0000240       60601       78516       66097       72560
0000256       75678       86898       70632       74238
0000272       58212       70787       68162       79412
0000288       64267       76861       60802       80127
0000304       60989       65087       66679       62796
0000320       72430       68552       76600       66557
0000336       74708       66108       76594       71263
0000352       93375       71385       73541       64426
0000368       72086       77341       65691       66435
0000384       75360       78250       65437       67108
0000400       83097       82340       65581       64510
0000416       66002       74357       88866       62768
0000432       78797       72447       79500       73386
0000448       85405       76460       68847       68252
0000464       87099       68136       72253       65260
0000480       61979       62269       67872       69466
0000496       81064       71925       73342       71987
0000512       75588       72591       80279       77569
0000528       63251      100554       69273       72877
0000544       68025       77417
0000552
