0000000       48682     7544520        9562           0
0000016           0           0           0           0
0000032           0           0      151718      166585
0000048      140161      165189      145941      160887
0000064      140689      178912      193475      188514
0000080      165062      159779      172091      173347
0000096      175251      160853      167169      150244
0000112      120326      142625      110367      166829
0000128      173241      141744      148069      160039
0000144      200884      135612      152048      167744
0000160      136715      149630      124091      162087
0000176      158966      214386      187249      194736
0000192      150470      163092      151403      178658
0000208      186741      155380      170482      178334
0000224      173389      164055      174424      145362
0000240      129298      168647      161477      176808
0000256      161413      214335      162922      186231
0000272      124451      173755      164642      184074
0000288      146411      192261      125390      190795
0000304      143012      133064      145726      142007
0000320      143186      149697      183171      148036
0000336      169305      160517      189744      172265
0000352      238348      157084      149812      141770
0000368      140878      184314      141761      160079
0000384      165469      189692      131025      147351
0000400      199317      194082      135547      148403
0000416      147898      158335      218206      157218
0000432      202584      160862      197914      180186
0000448      211776      193882      163411      148764
0000464      215560      151676      159358      141675
0000480      136476      138525      158074      163668
0000496      191352      158433      166329      170020
0000512      180875      174441      198297      175745
0000528      139175      247705      159535      160874
0000544      154138      161490
0000552
