0000000       43075     8609350        9559           0
0000016           0           0           0           0
0000032           0           0       65850       72432
0000048       57576       71096       61797       66264
0000064       63712       67645       77655       72243
0000080       68974       64403       69717       68576
0000096       73768       68017       70091       60403
0000112       56854       59972       50277       70108
0000128       72059       59302       60330       67438
0000144       84812       58129       67897       76962
0000160       58357       64711       62970       66763
0000176       68693       87362       73678       74145
0000192       63332       65884       61794       72171
0000208       72542       61797       72744       71294
0000224       69624       68336       71040       60093
0000240       58667       74779       63683       70094
0000256       72841       83785       68212       71232
0000272       55696       67811       65943       74987
0000288       61502       72973       57780       77283
0000304       58222       61377       63939       59152
0000320       69370       65189       72801       63029
0000336       71694       62508       73029       68437
0000352       88019       68231       70111       62035
0000368       68491       74291       63097       63541
0000384       71717       74488       62191       63500
0000400       79322       78655       62111       61634
0000416       62186       69956       84990       60004
0000432       75601       69937       76118       71033
0000448       81660       71328       66388       65436
0000464       82846       65132       69961       62349
0000480       59736       59968       65111       66041
0000496       77147       68257       69623       68709
0000512       71685       69513       76043       73920
0000528       59944       96256       66024       69684
0000544       65383       73491
0000552
