0000000        6307     8009301        9553           0
0000016           0           0           0           0
0000032           0           0      639305      666587
0000048      571744      656793      591645      635893
0000064      585016      640181      720721      690258
0000080      646131      594603      660812      662514
0000096      669567      612977      675823      574461
0000112      534451      573989      478454      677087
0000128      656464      557987      600354      610557
0000144      798045      537182      646528      694261
0000160      550426      580569      633788      614187
0000176      619902      733945      678045      674450
0000192      573737      591585      552703      648110
0000208      632227      570751      634900      671738
0000224      645534      599217      644360      559119
0000240      523008      666866      598907      625487
0000256      639698      734287      610533      638900
0000272      510129      618808      593929      694873
0000288      571411      678283      515245      701600
0000304      538006      538702      568280      561466
0000320      609985      589326      642521      566512
0000336      652379      570033      662468      620520
0000352      777455      633235      641139      572785
0000368      599152      663310      581657      576042
0000384      649331      699259      545244      575676
0000400      741276      733771      573135      559603
0000416      570853      635193      770287      578553
0000432      693299      610591      681712      637983
0000448      697944      621271      592242      560402
0000464      758683      548818      593776      569197
0000480      513691      551532      580942      620854
0000496      650774      617534      643295      647265
0000512      634376      625463      670277      631379
0000528      544519      855917      612510      606160
0000544      569904      650935
0000552
