0000000       60264     8472338        9556           0
0000016           0           0           0           0
0000032           0           0       71032       78357
0000048       62414       76601       66795       72027
0000064       68758       74269       84963       79556
0000080       74308       69044       75883       73969
0000096       79080       74881       75053       65187
0000112       60656       64788       53742       76508
0000128       78311       63307       65688       73036
0000144       91731       62314       72517       82734
0000160       61811       69843       69358       71844
0000176       73297       94507       80077       79608
0000192       67853       69944       67604       76841
0000208       80618       67072       77923       76614
0000224       73998       73860       75355       63656
0000240       61845       79948       67888       75871
0000256       76620       90642       71869       78038
0000272       59737       73492       70717       81250
0000288       65476       80622       62639       83634
0000304       63151       65213       67833       63706
0000320       73555       69631       81682       67768
0000336       76718       71072       81718       74589
0000352      102696       72516       74959       66103
0000368       73038       81144       67308       69938
0000384       76583       81055       65926       68147
0000400       85889       85218       66687       65925
0000416       67017       75764       90704       66318
0000432       85298       74813       87658       78090
0000448       92187       85150       73119       70003
0000464       93164       69403       74059       66207
0000480       62913       63925       70103       71106
0000496       87053       72859       74569       74191
0000512       80287       74395       84712       79937
0000528       64219      104075       70624       74549
0000544       69698       79286
0000552
