0000000       46600     8028593        9559           0
0000016           0           0           0           0
0000032           0           0      637954      668447
0000048      572428      658349      592706      633873
0000064      588479      644939      721901      691327
0000080      650173      601306      662786      667039
0000096      672407      617330      678696      576155
0000112      535641      575940      480921      678767
0000128      657863      559078      600971      612947
0000144      799355      538884      648979      692925
0000160      550715      583092      634691      614266
0000176      621316      737482      678488      675994
0000192      574836      592085      555837      649540
0000208      634793      572401      634735      675135
0000224      645930      600158      647874      560801
0000240      524234      665114      601758      625789
0000256      641147      734314      610034      640516
0000272      512407      619127      598420      696086
0000288      572779      680873      517294      702894
0000304      540102      539466      572909      563070
0000320      611493      591248      645670      569449
0000336      654195      574509      664006      621724
0000352      781816      633658      644669      573358
0000368      600588      665365      584293      577837
0000384      651342      700318      546950      578490
0000400      743048      734681      574120      563075
0000416      572075      635309      773656      581395
0000432      694693      611389      685505      638125
0000448      700188      621836      590954      564339
0000464      760662      549130      596605      569879
0000480      515432      552340      583714      622852
0000496      654682      618157      648029      648324
0000512      637757      627096      672455      635082
0000528      545401      857163      618388      609982
0000544      571808      651828
0000552
