0000000       33299     8047867        9547           0
0000016           0           0           0           0
0000032           0           0      643542      669846
0000048      571660      660193      593831      634432
0000064      589473      642670      723494      691745
0000080      649592      597626      665225      668116
0000096      672753      618292      680192      577402
0000112      536251      576109      480829      680817
0000128      660586      559843      602730      613000
0000144      800594      539203      650122      695656
0000160      549888      584344      637851      615912
0000176      622182      775471      682073      677098
0000192      576864      593528      559230      651701
0000208      634933      573676      636011      674494
0000224      647847      602022      648215      561006
0000240      525059      667865      601385      627326
0000256      642439      738558      612726      643860
0000272      514220      619794      597653      696247
0000288      574176      681697      520404      704582
0000304      540760      542885      570135      565046
0000320      613087      591363      645279      570808
0000336      655489      577149      665919      623732
0000352      781683      634340      645159      575010
0000368      600837      667403      584689      577523
0000384      653392      702596      548684      578315
0000400      743684      735959      573158      567572
0000416      571854      637933      776255      582466
0000432      696035      613033      687271      642215
0000448      701197      622274      589344      564374
0000464      761339      549925      597320      570525
0000480      516807      553628      583614      625090
0000496      652754      619087      647516      648807
0000512      638528      628419      671521      636251
0000528      546616      858314      616634      611611
0000544      572125      652930
0000552
