0000000       49124     7766271        9558           0
0000016           0           0           0           0
0000032           0           0    61151615    60897249
0000048    61325114    58266929    60232477    57246707
0000064    60048292    57085627    58803862    57128562
0000080    59081662    57444102    59066998    59121072
0000096    59895647    59294482    59724887    59010681
0000112    60170740    59238662    58030818    58197307
0000128    57573989    58465964    58001227    58144787
0000144    57694386    58232724    57450391    58626523
0000160    59005760    58511550    76527240    79783011
0000176    77814072    71623581    76831507    69787244
0000192    76534575    70663753    76031818    71426677
0000208    75491527    71866699    76008887    75284854
0000224    74805384    74283490    73669827    75277217
0000240    75010123    74326490    70705363    74572410
0000256    71898041    72052329    71558036    73274762
0000272    71279558    73739067    70652416    73468682
0000288    74237229    76087040    60978925    60740462
0000304    60101605    56829652    59969740    57261168
0000320    60366455    57099515    59687757    58025616
0000336    59654765    60095525    59598623    59610804
0000352    59792910    60627657    60044460    60310720
0000368    60193775    58600353    57471403    58342740
0000384    57373352    57239936    56935828    58037445
0000400    57722417    57900975    57711685    57373289
0000416    58008727    59175264    77469513    75087921
0000432    74154531    68152980    73912460    67486494
0000448    70722084    66954451    71477022    67777865
0000464    70795109    67774832    70694732    69925286
0000480    69919278    69880784    70918307    69558400
0000496    70312048    69492195    68104536    69141351
0000512    68246151    67874963    67351718    68520621
0000528    67290139    68533922    66925469    68325317
0000544    69381817    70140432
0000552
