0000000       46049     8414428        9551           0
0000016           0           0           0           0
0000032           0           0       74328       83011
0000048       68531       83808       71964       77004
0000064       74587       96411      100051      105991
0000080       80771       85618       88502       86458
0000096       93597      100506       85976       79075
0000112       65564       75919       57729       80417
0000128       93943       72357       79455       78030
0000144      100985       68118       77535       88338
0000160       71006       75566       71126       91552
0000176       82973      125764      108905      102991
0000192       87387       83987       94923       92683
0000208      118528       91152       92166       88479
0000224       89646       98240       87028       81297
0000240       67713       87409       81248      104163
0000256       86635      117682       85338      105789
0000272       65132       94559       83761       89413
0000288       71411      114152       64810      104505
0000304       80097       69253       73950       69357
0000320       77933       74354      116970       75226
0000336       93265      105744      115918      101756
0000352      154672       81195       78785       75771
0000368       77289      111040       71983       96543
0000384       86804       99240       69673       74576
0000400      113292      103380       70837       75344
0000416       72507       81368      113152       91000
0000432      130395       88155      130986      113445
0000448      137653      126803      104659       82213
0000464      136996       84587       89911       70684
0000480       73761       75170       88857       81722
0000496      127998       79760       81754       93558
0000512      114969       92841      124115       98348
0000528       70831      134896       76133       83253
0000544       81792       86097
0000552
