0000000       43017     8705858        9556           0
0000016           0           0           0           0
0000032           0           0       58117       65502
0000048       51998       64152       55630       59464
0000064       57388       62425       71331       67339
0000080       62015       58532       63921       62619
0000096       67938       62766       64018       54814
0000112       51851       55703       45789       63394
0000128       66601       53822       54929       60792
0000144       77855       52193       60927       70146
0000160       52692       58886       53361       62269
0000176       63615       81268       68521       67955
0000192       58979       60097       58119       66871
0000208       67828       56979       67599       65606
0000224       63990       63826       65472       54759
0000240       53224       69170       58763       64860
0000256       67237       78008       63070       66061
0000272       51305       62312       60186       68550
0000288       55347       67620       52340       70492
0000304       54864       55462       58135       53239
0000320       63307       59681       68230       57940
0000336       65672       58525       68266       63054
0000352       82394       62138       63498       57061
0000368       62215       68007       57140       59363
0000384       65246       68974       56713       58325
0000400       74240       72288       56171       56211
0000416       56767       63748       77180       55502
0000432       71087       64737       71545       66021
0000448       77207       67630       61521       60715
0000464       77801       61210       64980       56755
0000480       54779       55352       60746       60606
0000496       72881       63242       63283       63647
0000512       67466       64730       71651       69786
0000528       55325       88345       59275       64386
0000544       60896       66767
0000552
