0000000       15171     8744454        9557           0
0000016           0           0           0           0
0000032           0           0       49254       59793
0000048       48507       59328       51395       54840
0000064       53613       59255       67958       63749
0000080       58488       55419       60192       58868
0000096       64128       60023       59797       52129
0000112       47880       52648       43017       58564
0000128       62956       51095       52314       57291
0000144       73595       49281       56457       65386
0000160       49548       53962       35074       59365
0000176       60627       80801       65820       65426
0000192       56555       57713       55618       63528
0000208       65095       54534       64193       62273
0000224       61378       61642       61915       52577
0000240       50942       65164       56018       62119
0000256       63836       74547       59985       63616
0000272       48725       59762       58110       65029
0000288       52806       65271       48339       67705
0000304       51904       52323       55771       50312
0000320       60006       56628       65545       55432
0000336       62869       56628       66106       60578
0000352       79915       58898       58989       54413
0000368       59061       66269       53720       57722
0000384       62052       65885       53353       55768
0000400       71258       69333       52339       53754
0000416       53927       60073       73637       53905
0000432       68687       62458       69065       63648
0000448       74908       64545       59788       57912
0000464       75233       58666       61796       53685
0000480       52334       52440       57907       57937
0000496       70025       59848       59252       60267
0000512       65094       62287       68274       66346
0000528       52594       85756       55266       60509
0000544       58063       63385
0000552
