0000000       58064     7725731        9557           0
0000016           0           0           0           0
0000032           0           0    93216153    93148504
0000048    93236944    92786445    93149153    92771119
0000064    93131798    92744180    92914278    92682826
0000080    93059265    92845992    93019400    93050915
0000096    93086761    92884559    93086122    93128217
0000112    93265061    93180023    93050194    93067538
0000128    92756994    93151333    92870376    93115207
0000144    92579721    93169111    92821593    93109072
0000160    93228876    93170738    93220403    93167737
0000176    93161844    92851359    93098272    92884294
0000192    93158274    92995247    93159925    92939959
0000208    93093269    93016211    93109725    93095788
0000224    93123029    93026517    93108594    93171506
0000240    93195049    93107441    93016710    93112240
0000256    92980074    92993310    93009992    93097003
0000272    93105825    93109951    92984649    93081459
0000288    93177527    93115553    93769962    93560544
0000304    93663087    93418319    93669179    93374365
0000320    93630166    93334678    93486544    93365019
0000336    93521025    93372165    93493436    93534801
0000352    93344424    93334035    93633783    93625048
0000368    93643010    93483348    93369065    93565873
0000384    93244187    93455551    93408075    93620883
0000400    93131460    93490245    93380677    93598446
0000416    93648622    93630509    93399982    93501082
0000432    93355679    93168196    93353438    93065590
0000448    93240095    93053128    93353594    93183506
0000464    93220767    93201649    93367613    93396296
0000480    93410019    93262593    93383136    93336897
0000496    93271126    93343802    93149917    93313305
0000512    93058396    93306641    93015223    93294899
0000528    93213438    93098708    93142484    93324930
0000544    93408364    93361473
0000552
