0000000       15286     8975906        9555           0
0000016           0           0           0           0
0000032           0           0       10034       11213
0000048        8545       11081        9303       10055
0000064       10278       10522       12433       11668
0000080       10724       10115       10935       10616
0000096       11958       11046       10729        9128
0000112        8750        9340        7671       11009
0000128       11569        9221        9337       10693
0000144       13368        8907       10396       12396
0000160        8959       10477        9504       10903
0000176       11179       15202       12109       12237
0000192       10384       10864       10272       11756
0000208       13247        9603       12205       11270
0000224       11042       11703       11241        9181
0000240        9222       11941       10073       11944
0000256       12093       14191       11433       11842
0000272        8831       10981       10665       11748
0000288        9589       12437        9389       12525
0000304        9351       10173       10290        9220
0000320       11308       10592       12643       10251
0000336       11555       10640       12735       11475
0000352       16642       10859       11084        9842
0000368       11233       12494        9784       10856
0000384       11552       11903       10120       10313
0000400       12786       12579        9970        9765
0000416       10061       10917       13076        9498
0000432       13270       11579       13855       12050
0000448       15069       14413       11318       11171
0000464       14355       11213       11895        9894
0000480       10052        9489       10876       10470
0000496       14533       11154       10936       11195
0000512       12570       11339       13524       12732
0000528        9770       15507       10164       11565
0000544       10949       12083
0000552
