0000000       55412     8375856        9559           0
0000016           0           0           0           0
0000032           0           0       88168      107757
0000048       95096      113494       97899      102708
0000064      100697      126954      136949      136614
0000080      110250      116319      121931      119585
0000096      129069      126840      118653      107678
0000112       88330      105202       76870      104494
0000128      128008      100294      109262      105599
0000144      142673       94070      105481      113226
0000160       98868      100651       76034      119728
0000176      112685      157583      136161      132806
0000192      113162      114612      115864      125627
0000208      141632      115467      123468      122538
0000224      120339      124561      118870      106521
0000240       91095      117238      111956      130707
0000256      119760      150883      116061      133089
0000272       87437      124112      114366      122164
0000288       96494      141674       77645      138044
0000304      105957       88304      102515       91944
0000320      101867      100390      139183      102795
0000336      125858      123624      140303      128181
0000352      186461      113745       94130      104427
0000368       98150      138226       94664      118977
0000384      118321      134282       88993      100260
0000400      146866      139231       91319      103711
0000416       97878      105631      151583      114196
0000432      161296      118209      164975      137603
0000448      168174      166765      126971      110118
0000464      162601      110196      118620       95177
0000480       99723      102150      117006      113929
0000496      152592      106998      110354      124564
0000512      137642      121858      147266      128702
0000528       96241      175805      100719      112341
0000544      111088      116180
0000552
