0000000       55158     8298625        9556           0
0000016           0           0           0           0
0000032           0           0      208162      329733
0000048      367808      418589      368812      355880
0000064      365789      554073      537912      613411
0000080      412136      495932      474884      471393
0000096      579806      576161      460854      452344
0000112      349688      446823      278762      330300
0000128      545623      446406      476148      387500
0000144      620716      365405      422309      384127
0000160      440811      356251      134051      587103
0000176      515468      711444      634698      621047
0000192      536355      524024      544304      580088
0000208      621013      534817      570817      556150
0000224      584469      577629      538120      509163
0000240      382161      498076      491829      600086
0000256      522577      658308      536867      597575
0000272      375143      541043      476421      493626
0000288      374284      631597      244454      627607
0000304      484468      356023      478754      389801
0000320      451653      455283      632058      472652
0000336      576522      566036      644891      590986
0000352      769536      539399      337281      486425
0000368      425411      638465      377443      555904
0000384      509148      616421      364368      434621
0000400      699100      658704      360496      468714
0000416      409442      430151      743743      566806
0000432      686723      577565      678217      629804
0000448      693043      617721      577750      523891
0000464      745993      527866      561344      437287
0000480      471880      499535      557349      542965
0000496      645082      486960      478703      577061
0000512      626317      582051      659023      578327
0000528      445078      790501      407372      464803
0000544      525237      490644
0000552
