0000000       32485     8763729        9557           0
0000016           0           0           0           0
0000032           0           0       38176       51715
0000048       44902       54419       47437       48708
0000064       49229       57244       64101       62167
0000080       54104       53339       56099       55821
0000096       62782       58277       56070       49543
0000112       45360       49894       38651       52914
0000128       60905       49001       49830       53250
0000144       69994       45919       52250       57976
0000160       47998       49673       23732       58222
0000176       59269       75870       64738       63725
0000192       55340       55635       54268       61786
0000208       63763       53347       62583       59581
0000224       59741       60395       60346       51578
0000240       48857       62328       54356       61276
0000256       62101       72979       59042       61921
0000272       46921       57987       56048       62046
0000288       49518       63750       41260       65616
0000304       50177       49444       53758       47844
0000320       57934       54456       63652       53620
0000336       60931       55998       64346       59128
0000352       78002       57136       55077       52871
0000368       55907       64768       49867       55743
0000384       59953       63528       50457       52920
0000400       69021       67483       47949       51683
0000416       51195       55995       71927       52713
0000432       67138       60795       67687       62545
0000448       73240       63667       57880       56609
0000464       73513       57227       60230       50878
0000480       51440       51289       56049       56451
0000496       68543       57596       56035       58925
0000512       63433       60135       66986       64312
0000528       50506       82728       51501       58136
0000544       56304       60609
0000552
