0000000       33526     8860158        9556           0
0000016           0           0           0           0
0000032           0           0       12179       15179
0000048       13177       16308       13823       14296
0000064       14914       21101       20853       25007
0000080       16335       18595       17680       17682
0000096       21277       23031       17374       15731
0000112       12799       15661       10851       15473
0000128       20137       15741       15696       15943
0000144       21489       14065       15292       16524
0000160       14822       15478       11047       28824
0000176       20162       44352       34180       29697
0000192       25392       20888       30946       24476
0000208       44707       24396       24195       19679
0000224       24549       31692       20702       19416
0000240       15023       19439       18772       30521
0000256       20370       34315       22205       29759
0000272       14705       23175       19267       19480
0000288       14845       32428       11921       23138
0000304       18391       13762       16498       13875
0000320       16175       16224       37188       16989
0000336       20901       35455       36029       26510
0000352       60510       17789       14724       16493
0000368       15350       30540       14125       28919
0000384       18947       21994       14242       16258
0000400       25389       23386       13887       17519
0000416       15494       16425       28057       23823
0000432       49610       22914       52697       39898
0000448       52465       52598       32680       21981
0000464       45319       27728       26479       15032
0000480       19326       18578       25985       18908
0000496       46186       17400       17032       20431
0000512       37457       25763       40475       26230
0000528       16096       33219       14786       18807
0000544       22261       18713
0000552
