0000000       60956     9014515        9555           0
0000016           0           0           0           0
0000032           0           0        9514       10859
0000048        8145       10602        8819        9800
0000064        9885       10151       11875       11298
0000080       10610        9681       10444        9967
0000096       11379       10554       10282        8757
0000112        8410        8950        7380       10403
0000128       11114        8618        8899       10360
0000144       12617        8697        9809       11937
0000160        8805        9884        8856       10270
0000176       10580       14442       11309       11424
0000192        9876       10225        9870       11136
0000208       11665        9392       11608       10673
0000224       10534       11420       11103        8819
0000240        9145       11576        9788       11110
0000256       11463       13693       11045       11269
0000272        8632       10319       10170       11482
0000288        9169       11668        9093       12044
0000304        9102        9747        9875        8757
0000320       10907        9851       11519        9998
0000336       11357        9968       11840       10627
0000352       14316       10472       10642        9481
0000368       10855       11706        9340       10049
0000384       11034       11182        9864       10083
0000400       12107       11961        9310        9262
0000416        9458       10714       12668        8940
0000432       11636       11504       12243       11068
0000448       13848       12275       10532       10679
0000464       13123       10728       11438        9274
0000480        9576        9174       10444       10147
0000496       12999       10699       10093       10161
0000512       11681       10934       12462       11985
0000528        9362       14982        9924       11023
0000544       10485       11635
0000552
