0000000       41876     8124980        9558           0
0000016           0           0           0           0
0000032           0           0      635646      671543
0000048      570759      653806      593147      634292
0000064      588582      646575      721562      695043
0000080      646930      596772      665467      664923
0000096      676409      621792      680337      579899
0000112      535730      578011      480455      677728
0000128      660456      560626      602047      611471
0000144      798581      538208      649889      693318
0000160      554539      582189      630454      619188
0000176      623201      742653      683926      680002
0000192      579336      595631      562742      652151
0000208      638391      578810      636629      675004
0000224      650711      602534      649817      565356
0000240      525293      670530      603468      631749
0000256      645664      740010      613207      645887
0000272      514628      622806      600991      697165
0000288      573255      686039      512926      708059
0000304      543079      536016      570471      562874
0000320      611687      591059      651059      570645
0000336      657507      575418      669600      626573
0000352      786924      634661      644279      575268
0000368      599071      672953      583910      579717
0000384      651373      703744      547724      578797
0000400      749054      739355      571408      566091
0000416      571508      634376      790478      584377
0000432      702998      613538      695592      646327
0000448      707635      627916      596187      563511
0000464      766473      552678      597306      569650
0000480      517796      555347      586694      625356
0000496      659908      617137      645879      652084
0000512      643201      630754      679092      638045
0000528      548260      862732      614553      609793
0000544      574595      654093
0000552
