0000000       54045     8182872        9552           0
0000016           0           0           0           0
0000032           0           0      632700      665638
0000048      565861      649905      590012      629809
0000064      582140      639945      714705      689942
0000080      640201      591735      660125      662648
0000096      673312      615347      675202      572471
0000112      531553      573524      479577      671037
0000128      654943      557204      596540      607446
0000144      790821      534792      643541      688216
0000160      550627      579251      625796      612708
0000176      616740      732103      676851      674178
0000192      574418      587433      557030      647855
0000208      634011      573653      632311      669430
0000224      644730      597914      642896      559586
0000240      522199      675580      597881      625522
0000256      640234      733728      609428      639678
0000272      511465      617204      595256      690512
0000288      569895      679087      510774      701246
0000304      537475      530788      569274      557188
0000320      607287      587691      648365      565483
0000336      652390      573438      662811      619898
0000352      779261      629131      639467      571067
0000368      596027      664589      580538      576323
0000384      647478      696363      544939      571564
0000400      740363      730596      566216      559214
0000416      567784      627544      779806      579060
0000432      696821      608401      685802      638809
0000448      701541      623982      589919      563233
0000464      759875      548305      594159      565839
0000480      515121      550249      579628      619010
0000496      654314      611744      639563      647382
0000512      639641      627276      671596      633488
0000528      543803      856892      608493      606158
0000544      570012      647888
0000552
