0000000       32337     8879446        9559           0
0000016           0           0           0           0
0000032           0           0       11328       13477
0000048       11187       13914       11756       12461
0000064       12781       17855       18124       19731
0000080       13922       16076       15355       15320
0000096       18497       18416       14778       13816
0000112       11179       13531        9453       13472
0000128       17504       13490       13578       13772
0000144       18367       12189       12865       14730
0000160       12692       13163       10669       20068
0000176       16868       30853       23886       21568
0000192       18607       16911       20929       18832
0000208       32963       18097       18907       16640
0000224       18577       22105       17169       15541
0000240       12776       16782       15657       21979
0000256       17426       25063       17890       21867
0000272       12710       18301       16472       16835
0000288       12746       23610       10805       19626
0000304       15267       12093       14207       11564
0000320       13973       13943       25271       14324
0000336       17775       23875       24490       19965
0000352       46671       15434       12822       14187
0000368       13490       22258       11908       20467
0000384       16386       18716       12635       14017
0000400       21081       19524       11807       14751
0000416       13160       14328       21464       17130
0000432       37422       18493       41324       28054
0000448       38554       43800       22850       17221
0000464       32228       19443       19534       12749
0000480       15348       14844       18862       16034
0000496       34423       15195       14741       17292
0000512       26590       19206       28252       20814
0000528       13572       26205       13028       15971
0000544       17506       16195
0000552
