0000000       41721     7996631        9562           0
0000016           0           0           0           0
0000032           0           0      732717      647246
0000048      588381      773949      709986      668788
0000064      558657      597661      679809      634256
0000080      637046      660934      624994      674528
0000096      688064      683042      668782      593368
0000112      697073      706551      756418      632718
0000128      674783      655191      642110      585609
0000144      715334      868213      639950      678165
0000160      672478      645425      584063      711789
0000176      622569      664744      556765      607522
0000192      628570      800851      543044      604020
0000208      552084      559231      563657      543830
0000224      612393      597261      725546      521394
0000240      598245      580745      594522      589974
0000256      602957      600711      699143      712852
0000272      690002      701080      648665      549580
0000288      592511      663107      668817      723252
0000304      706755      565386      641937      592690
0000320      559843      517208      647685      663427
0000336      632802      690897      657579      633639
0000352      627859      620697      625571      630067
0000368      581682      692629      633309      541509
0000384      626370      646820      635136      747883
0000400      607028      770071      640711      630879
0000416      664393      760480      610833      653270
0000432      597786      649490      627379      637606
0000448      681542      706343      629314      663586
0000464      690678      720154      574232      628064
0000480      604251      633736      711553      669291
0000496      576699      629146      744100      609534
0000512      676188      538557      667931      658220
0000528      639012      615259      712016      611418
0000544      669275      705139
0000552
