0000000       31554     7736184        9559           0
0000016           0           0           0           0
0000032           0           0    90247221    90333598
0000048    90410902    89875941    90117700    90002309
0000064    90343412    90125650    90162931    90063290
0000080    90214564    90039420    90245948    90228935
0000096    90289060    90043484    90304056    90469800
0000112    90286291    90267238    89992622    90346882
0000128    90075515    90290800    90068924    90356039
0000144    89959704    90093282    90057259    90298902
0000160    90331635    90371093    90547189    90898098
0000176    90648789    89787854    90692528    89707027
0000192    90556006    89401559    90632807    89674906
0000208    90499683    89888373    90546738    90471535
0000224    90368229    89948054    90171618    90609802
0000240    90224841    90342178    89808446    90304289
0000256    89801885    90127182    89446527    90157245
0000272    89368605    90195015    89541986    90382348
0000288    90387355    90411818    90265828    90115101
0000304    90121180    89957654    90282036    89835149
0000320    90347973    90030274    90118376    89811163
0000336    90182185    89841913    90127723    90176703
0000352    90108313    89977921    90170553    90147198
0000368    90247657    90002603    89728950    90244015
0000384    89796406    90060229    89782325    89851404
0000400    89756271    89840155    89710843    90023175
0000416    90075241    90010404    90327264    90189355
0000432    90250302    89954582    90205784    89954922
0000448    90093058    89860900    90167619    89919012
0000464    90105671    89860092    90229018    90164879
0000480    90160197    90024918    90054157    90118348
0000496    90269319    90149657    89844728    90206790
0000512    89925286    90275805    89955710    90096992
0000528    89964879    90216987    89840653    90205307
0000544    90139478    90174515
0000552
