0000000       24289     8094906        9556           0
0000016           0           0           0           0
0000032           0           0      743335      657360
0000048      600391      791799      724375      679883
0000064      567050      609584      691117      647969
0000080      649854      674532      637257      686187
0000096      701899      694808      675443      603361
0000112      704692      718174      770177      648009
0000128      682164      668430      652850      596744
0000144      725892      882984      653670      690577
0000160      685205      655838      592153      721327
0000176      633891      677832      568444      616217
0000192      639972      813624      554170      613232
0000208      562949      571030      573068      551728
0000224      619243      604740      730374      533462
0000240      607137      590936      606552      599914
0000256      613044      607074      752541      722467
0000272      702246      706018      656607      555014
0000288      597420      669301      674940      733350
0000304      716861      569856      651408      601276
0000320      568551      526528      655888      673196
0000336      640452      704440      669213      641193
0000352      635459      626448      632352      637320
0000368      588010      704074      641374      551548
0000384      636598      654672      642515      762068
0000400      617876      783195      651741      637856
0000416      673199      773638      619698      665395
0000432      607574      662094      637592      645763
0000448      696248      715316      638908      673057
0000464      699590      717289      585372      635803
0000480      615081      644100      721119      681331
0000496      583243      642047      757484      617977
0000512      689335      546795      677978      668085
0000528      648742      624981      723264      621011
0000544      679386      714856
0000552
