0000000       23765     7471995        9559           0
0000016           0           0           0           0
0000032           0           0      105645       90193
0000048       75694      137516      136522      115683
0000064       89278      102512      120004      107061
0000080      104738      111567      119428      124079
0000096      117832      131830       95641       69661
0000112      115649      116089       98214      100366
0000128       88592      110545      103604      109818
0000144      123070      146197      113134      115452
0000160      113670      100747       96830      162370
0000176      139958      142609      122780      140552
0000192      132502      181127      115344      133520
0000208      118024       99467      122723       95059
0000224      105051       96133      152500       99509
0000240      127564      128397      123254      129858
0000256      118898      125246      150344      148672
0000272      151659      117931      140980       88331
0000288       94307      113187      122374      142394
0000304      140344       92872      119940      104583
0000320       98234       85483      109562      137330
0000336      101561      141372      131860      105082
0000352      110193       97503      110283      100565
0000368       93568      135692      114358       95314
0000384      103289      113062      101116      160414
0000400      118948      156257      124721      109034
0000416      117520      147845      100806      128427
0000432      104328      113523      107970      111167
0000448      133767      112079      102838      123640
0000464      109220      127860      103006      113456
0000480      104511      105727      145716      126524
0000496       89460      119364      136532       97016
0000512      131308       80293      103748      110492
0000528      102606       93819      140502       91920
0000544      111250      108210
0000552
