0000000       56380     8654461        9558           0
0000016           0           0           0           0
0000032           0           0       78451       70036
0000048       59837       97079       86852       81382
0000064       66291       72593       81033       77678
0000080       72209       78218       77581       79017
0000096       82968       88668       71928       59803
0000112       82782       84313       78340       72058
0000128       66958       79165       75116       71702
0000144       87905      103900       76030       79903
0000160       82573       77922       62891       80709
0000176       71146       77425       66413       72135
0000192       68962       96836       64642       71907
0000208       64835       57896       67597       55450
0000224       60594       61589       81438       59089
0000240       70495       68079       67345       71393
0000256       69601       68897       81077       80304
0000272       76134       71609       78858       52968
0000288       55829       71416       78950       85294
0000304       80596       61551       75538       68554
0000320       65373       58408       72994       76732
0000336       68911       79781       75249       70561
0000352       70165       67245       73992       69779
0000368       68051       80371       71630       60831
0000384       71473       72087       72117       88854
0000400       71194       85818       74192       69217
0000416       72985       86289       67105       74586
0000432       69061       77241       73032       72737
0000448       77627       78631       71350       79247
0000464       74146       83855       67868       71398
0000480       69005       71619       82011       77761
0000496       64499       74875       84835       69041
0000512       80055       59685       74679       72953
0000528       70580       69739       83102       66082
0000544       76373       79671
0000552
