0000000       56061     7794066        9557           0
0000016           0           0           0           0
0000032           0           0    41472463    41282970
0000048    42063205    42137998    41364323    41585963
0000064    41979092    42340095    41438514    42295184
0000080    40871769    42489146    41477529    42291647
0000096    42425890    43771406    41062634    41946928
0000112    41664925    42126267    42409979    41606822
0000128    42338329    41408665    42365326    41607360
0000144    42585894    41108153    41958774    41237217
0000160    41570433    41223029      566746      765584
0000176      630345      685776      552112      613267
0000192      653511      804271      593576      594272
0000208      561989      577366      586766      535396
0000224      596385      631055      714136      591972
0000240      578051      569622      625997      581643
0000256      649287      571771      703850      704812
0000272      681922      690179      649486      535626
0000288      578372      653726      733985      800370
0000304      866717      647128      922808      646415
0000320      821357      619708      728924      845689
0000336      833479     1237534      864072      928105
0000352      731430      977148      790635      846381
0000368      818530      855343      696994      908081
0000384      811308      831741      867219      866694
0000400      724993      953433      795235      689746
0000416      830696     1091863     3444058     3353414
0000432     3182064     2843767     3148638     2744535
0000448     3501352     2694099     3119658     2878786
0000464     3155779     3020131     3201441     3202859
0000480     2981436     3811687     3553705     3492922
0000496     3171979     3068899     3365923     2976810
0000512     3434964     2410732     3170154     2512823
0000528     2966503     3031905     2915993     2943547
0000544     2947374     3228291
0000552
