0000000       21206     8557988        9561           0
0000016           0           0           0           0
0000032           0           0       82520       74081
0000048       62324      100437       91073       83383
0000064       68889       75483       84475       81017
0000080       76753       81600       80649       82200
0000096       86825       93026       77853       63192
0000112       86529       87401       82069       75670
0000128       72025       82733       79029       74640
0000144       92598      109225       79941       82857
0000160       86999       81388       67694       84492
0000176       74667       79872       69808       75874
0000192       73278      101580       68034       76131
0000208       68214       61950       70980       59859
0000224       65053       66117       86084       62477
0000240       74314       71802       71108       75039
0000256       73693       73869       85568       84805
0000272       80460       77519       83119       56939
0000288       60088       77210       84342       90961
0000304       84905       66586       78561       72326
0000320       68655       61862       76730       79818
0000336       72581       82961       78385       74449
0000352       74337       72384       78240       74177
0000368       72164       83732       76914       64247
0000384       75722       77332       76884       93041
0000400       74141       89485       78471       74724
0000416       78108       90781       70034       77297
0000432       72490       80951       76843       76222
0000448       80279       84680       74374       82262
0000464       79525       87388       70119       74343
0000480       72876       75516       85565       81128
0000496       68479       78254       89516       73319
0000512       83092       62974       79494       77125
0000528       75238       73941       86978       69558
0000544       80569       84243
0000552
