0000000       40821     8229927        9548           0
0000016           0           0           0           0
0000032           0           0      733762      649853
0000048      596875      772665      712661      673170
0000064      562883      603205      684683      642043
0000080      641213      668445      634193      682950
0000096      694757      693243      668219      599989
0000112      696774      711841      757910      637909
0000128      672894      659940      647466      591237
0000144      719433      872121      649424      684723
0000160      677250      651264      583767      711813
0000176      628268      668392      560083      608779
0000192      633459      801977      548182      606857
0000208      558119      567528      567091      551178
0000224      615496      600641      723446      528375
0000240      603773      583568      599993      594538
0000256      609302      601053      744084      713819
0000272      691788      700625      649143      548598
0000288      593481      663088      666294      719739
0000304      704758      566082      642565      597042
0000320      561569      522260      649536      667490
0000336      634552      697645      662553      634781
0000352      631325      623217      627990      630446
0000368      582988      695965      636362      549916
0000384      630172      645979      638992      753152
0000400      614119      772343      647799      631321
0000416      664159      763108      612210      658390
0000432      602724      653614      631704      636917
0000448      690567      705707      632518      667271
0000464      691601      725119      580522      633339
0000480      611679      638541      717508      676026
0000496      578902      637877      750559      610840
0000512      684459      542952      666951      662424
0000528      639772      619577      715881      616862
0000544      675895      706440
0000552
