0000000       61190     7551010        9553           0
0000016           0           0           0           0
0000032           0           0      268252      228159
0000048      197417      387232      414790      342076
0000064      230320      286819      376356      302589
0000080      294687      294342      396157      404371
0000096      320795      371988      218773      156430
0000112      339686      294947      244563      263594
0000128      202405      292049      274477      332046
0000144      322700      405360      337134      355260
0000160      292623      260183      395700      635929
0000176      549608      588177      491573      532192
0000192      555224      713633      474162      532118
0000208      484778      482458      492824      480653
0000224      532689      463547      645497      440748
0000240      529083      511172      523849      519743
0000256      523821      526472      618434      625594
0000272      607125      565163      566183      458789
0000288      493473      541120      526791      610430
0000304      602199      412853      525383      479670
0000320      437591      382349      482862      589190
0000336      441529      612870      579536      420344
0000352      474096      340642      486651      406204
0000368      359094      591985      510067      419691
0000384      422629      463019      392231      663598
0000400      525978      678630      553919      480202
0000416      504102      630367      396517      557813
0000432      410737      444963      428057      429230
0000448      576115      396109      368300      535152
0000464      368701      522104      431401      490892
0000480      452925      383015      607097      521661
0000496      287201      493453      523064      301439
0000512      516120      299538      294609      455932
0000528      317090      293921      565151      310829
0000544      431318      330164
0000552
