0000000       27453     8307164        9561           0
0000016           0           0           0           0
0000032           0           0      466763      451110
0000048      502527      757745      697006      646498
0000064      541145      591571      669166      625453
0000080      495747      641844      628378      680656
0000096      685877      691076      294443      236614
0000112      675204      694789      534612      595068
0000128      351644      622821      620691      588760
0000144      702186      806847      630077      672643
0000160      645587      571769      158713      655519
0000176      539230      534024      445457      506384
0000192      520203      655828      473084      391061
0000208      419618      184899      434433      146986
0000224      142829      134033      376980      258397
0000240      308541      350024      344696      379014
0000256      290076      214961      484377      363495
0000272      426024      152099      375815      112048
0000288      118469      142784      276608      411304
0000304      565550      204095      563039      255541
0000320      383701      218304      252888      594623
0000336      311542      678052      569833      361404
0000352      276718      206023      383703      269547
0000368      276019      557980      281408      390050
0000384      289600      350397      238097      642999
0000400      436859      664157      481370      204905
0000416      327508      585507      528732      646130
0000432      552040      557526      541816      503968
0000448      683460      383055      504743      602544
0000464      430856      649525      558089      608606
0000480      496426      545330      710255      651604
0000496      384041      598081      647096      370996
0000512      655883      190029      375706      358078
0000528      413467      391229      654622      323362
0000544      457289      403349
0000552
