0000000       56002     7896231        9549           0
0000016           0           0           0           0
0000032           0           0      714327      629214
0000048      573319      754013      693853      652691
0000064      541329      580794      659521      619988
0000080      622127      643899      607614      655747
0000096      669887      665528      652444      577711
0000112      676126      688377      736011      615935
0000128      655864      635655      621973      568672
0000144      695574      847209      623403      660275
0000160      653894      628519      567678      691783
0000176      606540      649561      540572      590614
0000192      611516      781280      528413      589096
0000208      538484      543974      548307      528889
0000224      595211      583644      708194      508303
0000240      582507      567455      578698      576301
0000256      588216      585508      683102      694213
0000272      670956      684348      630892      534032
0000288      575347      647598      652414      707363
0000304      688900      550388      623838      577996
0000320      545788      506487      632047      647551
0000336      616819      673784      640048      616757
0000352      612145      604079      607631      613874
0000368      564325      674189      620466      527746
0000384      609388      629215      615438      731388
0000400      592419      750251      622375      614493
0000416      649039      742809      595365      636616
0000432      583571      633875      611179      616907
0000448      666515      690838      613929      645866
0000464      672220      702122      560425      610423
0000480      594689      616771      692851      652356
0000496      560267      615192      724493      592636
0000512      658482      523019      658347      641992
0000528      622350      598973      692768      597716
0000544      653183      688706
0000552
