0000000       21062     7917450        9557           0
0000016           0           0           0           0
0000032           0           0      719519      633014
0000048      579440      756276      698557      654724
0000064      544206      586626      664155      622708
0000080      627142      650304      612620      660343
0000096      675226      667907      656191      580155
0000112      680298      692980      740032      621228
0000128      659981      642499      627118      572880
0000144      700494      852343      627714      664246
0000160      657549      630965      571921      697010
0000176      610491      652631      547973      593927
0000192      615722      786349      533184      592129
0000208      540824      548531      551375      534043
0000224      599773      587039      714463      511226
0000240      585286      569890      584119      579367
0000256      593245      589085      686668      699451
0000272      678499      687740      634192      538271
0000288      579470      652063      655967      710505
0000304      693855      552567      626632      580389
0000320      549839      508818      634140      651262
0000336      619424      676716      646121      619688
0000352      615043      608851      612772      618589
0000368      567074      677601      621512      531889
0000384      614907      635214      621181      736822
0000400      596118      755602      628175      619974
0000416      652795      744765      597066      642711
0000432      586659      636740      614864      624619
0000448      670702      692834      616845      650194
0000464      677392      706260      564060      614380
0000480      598525      619628      695792      657285
0000496      565342      618871      732369      597717
0000512      662716      527960      663543      647250
0000528      627800      604685      696936      600372
0000544      656215      692686
0000552
