0000000       33558     8943951        9561           0
0000016           0           0           0           0
0000032           0           0       13475       12092
0000048       10335       24027       21427       19014
0000064       15173       18895       19679       18845
0000080       13896       17857       22118       23411
0000096       20937       30845       12540        9620
0000112       19763       20190       13164       15414
0000128       11145       17448       17120       20289
0000144       21106       21903       18402       19836
0000160       18999       16608       11198       17487
0000176       16016       16305       13737       16787
0000192       15012       21074       14531       14341
0000208       13650        9626       14452        9211
0000224        9721       10079       15347       10735
0000240       13720       13456       12669       14409
0000256       12900       12787       16795       15273
0000272       15060       12181       15583        8405
0000288        8849       12050       14962       16239
0000304       16207       11176       15181       12788
0000320       12438       10433       12969       17088
0000336       12124       20097       15755       12709
0000352       12682       11819       14228       12434
0000368       12461       16950       13449       11857
0000384       13137       13356       12945       20173
0000400       13813       19182       15618       12119
0000416       13143       17572       12444       18896
0000432       13716       14908       14083       13638
0000448       20328       14155       13235       15716
0000464       13407       17024       15602       16538
0000480       12978       14147       22570       18496
0000496       11705       16386       17057       12805
0000512       19394       10333       13374       13062
0000528       12892       12754       18266       11580
0000544       13793       14294
0000552
