0000000       47706     7649477        9562           0
0000016           0           0           0           0
0000032           0           0     6022048     5900551
0000048     5749540     5864313     5926854     5866988
0000064     5649613     5767761     5859152     5770009
0000080     5905513     5760531     5907672     5889150
0000096     5985254     5720464     5935828     5704445
0000112     6042612     5872994     5936641     5843143
0000128     5705884     5846280     5741089     5832661
0000144     5805065     6215102     5857845     6123393
0000160     5923191     5987765    85909155    86103584
0000176    85924568    85576460    85999578    85586300
0000192    85854829    85469662    85831000    85620168
0000208    85829297    85670471    85835521    85912927
0000224    85846310    85662852    85738545    85790791
0000240    85806458    85807859    85615540    85779509
0000256    85590267    85738487    85539821    85724615
0000272    85531625    85730499    85548470    85825911
0000288    85835597    85820246    85714532    85662155
0000304    85671809    85668855    85696876    85634742
0000320    85733117    85685938    85678280    85587758
0000336    85695791    85565501    85670358    85702722
0000352    85693413    85630578    85704634    85700738
0000368    85725375    85642750    85613869    85727166
0000384    85602950    85671596    85602388    85602698
0000400    85609684    85597214    85595903    85694279
0000416    85701968    85636634    57768905    57771957
0000432    57695554    57560077    57717384    57535190
0000448    57630167    57569402    57605842    57581689
0000464    57629742    57556631    57648276    57710356
0000480    57712565    57438733    57678845    57646696
0000496    57579959    57591516    57455495    57534452
0000512    57408073    57702074    57394095    57654741
0000528    57363895    57520232    57405242    57535855
0000544    57570026    57509068
0000552
