0000000       61760     8924640        9564           0
0000016           0           0           0           0
0000032           0           0       14587       12937
0000048       11954       27278       25100       21842
0000064       17641       21730       22623       21274
0000080       15584       20518       26371       28876
0000096       23119       41766       12854        9790
0000112       22400       23116       13863       17695
0000128       11655       20081       19678       23016
0000144       24123       25274       21108       22292
0000160       21173       18676       11443       20468
0000176       18686       18735       15743       19070
0000192       17295       23668       16813       15734
0000208       15419       10111       16519        9385
0000224       10054       10105       16436       11559
0000240       14564       15088       13995       16525
0000256       13565       13450       18102       16459
0000272       16671       12275       17196        8692
0000288        8957       12547       15337       17702
0000304       18628       11414       17610       13063
0000320       13349       10810       13487       19583
0000336       12862       23224       18629       13393
0000352       13161       12225       15108       12739
0000368       13024       19305       13657       13230
0000384       13671       14003       13370       23204
0000400       16032       22322       17900       12768
0000416       13799       20073       13900       21134
0000432       15749       16889       15811       15135
0000448       22885       14564       14719       17959
0000464       13715       19901       18043       18950
0000480       14134       15767       25714       21023
0000496       12304       18865       19536       13270
0000512       22480       10669       14077       13637
0000528       13452       13048       20797       11755
0000544       14773       14784
0000552
