0000000       64725     7570288        9559           0
0000016           0           0           0           0
0000032           0           0      614461      543340
0000048      488872      674577      631409      588083
0000064      476742      521206      600176      560545
0000080      558007      578452      552515      601198
0000096      609953      604400      513501      350749
0000112      614637      614162      615646      547602
0000128      451531      572056      555680      512163
0000144      622642      772762      564835      603039
0000160      586018      554754      532071      638040
0000176      553252      593872      493080      538055
0000192      559179      718054      478453      537411
0000208      488206      499717      496430      486926
0000224      549959      540332      647558      463260
0000240      534026      515157      530624      526649
0000256      541144      533465      624183      637568
0000272      613246      648196      575446      501200
0000288      545757      611304      614066      669070
0000304      645229      516722      588174      543088
0000320      509544      471662      591609      601356
0000336      579951      627626      595946      578635
0000352      571548      566791      571195      578030
0000368      528503      627577      580536      492382
0000384      572948      591124      580120      683808
0000400      551472      706503      583763      578471
0000416      622064      698105      558101      601901
0000432      547012      598185      578039      582749
0000448      628326      648090      574550      609205
0000464      630334      652522      527923      572590
0000480      555020      580191      647411      615715
0000496      520050      577446      685076      549056
0000512      619874      493428      601137      609605
0000528      572695      558325      654140      558983
0000544      624270      636642
0000552
