0000000       10164     8828122        9559           0
0000016           0           0           0           0
0000032           0           0       40791       37576
0000048       40975       80008       70340       65231
0000064       52434       61445       66110       64207
0000080       45875       61919       66439       68181
0000096       69841       78498       25791       17416
0000112       68371       69375       41431       55739
0000128       26107       62041       60790       60983
0000144       72608       80800       62931       66379
0000160       65953       57948       19806       63688
0000176       55765       57159       48612       56166
0000192       54445       72847       50533       46484
0000208       46495       19272       49707       17335
0000224       16937       16140       44129       27939
0000240       38662       41666       39222       47638
0000256       32424       27872       53725       43787
0000272       47692       18800       45675       12910
0000288       13546       17954       32490       47268
0000304       58045       23722       56915       29090
0000320       40505       22655       27642       60490
0000336       31799       65583       56534       36092
0000352       30489       21264       42782       27662
0000368       29851       58848       31062       39746
0000384       31078       37110       25315       67922
0000400       46492       67623       52881       23602
0000416       35532       59942       47489       63035
0000432       52831       55122       53267       48115
0000448       65365       32773       47143       59268
0000464       37415       64790       55651       58827
0000480       45884       50750       69554       63831
0000496       33307       58421       60398       32991
0000512       65935       18400       32818       33401
0000528       35588       35579       63074       27496
0000544       42038       35488
0000552
