0000000       58899     8789517        9558           0
0000016           0           0           0           0
0000032           0           0       62926       57821
0000048       51233       85937       76743       71555
0000064       58545       65088       71891       69390
0000080       61413       68488       69573       71352
0000096       73765       81166       49721       36568
0000112       73082       74331       64594       62901
0000128       49122       69184       66826       64163
0000144       78422       90729       67116       70726
0000160       73120       67970       41127       70987
0000176       63053       67069       57824       63457
0000192       63610       84753       56847       61698
0000208       56925       41670       58870       38570
0000224       37674       33840       69155       48031
0000240       59047       58530       57324       61385
0000256       57408       52551       70646       66759
0000272       64670       37892       66486       24085
0000288       24622       32969       60223       71470
0000304       69344       46540       64849       54959
0000320       56013       44866       56366       67184
0000336       55888       70316       65138       58660
0000352       56301       44433       62985       53497
0000368       54842       69903       57139       53364
0000384       56511       59469       52710       77656
0000400       60761       74989       65341       48209
0000416       58382       74286       57658       66558
0000432       59854       67007       63290       61930
0000448       69493       61410       60752       69168
0000464       59473       73668       59848       63659
0000480       58926       62492       73560       68742
0000496       52467       66014       73469       54924
0000512       70761       38543       58505       57735
0000528       57042       57112       72534       50180
0000544       63087       60986
0000552
