0000000        2580     8114191        9556           0
0000016           0           0           0           0
0000032           0           0      740877      655529
0000048      600033      789628      726861      680917
0000064      567647      609954      691515      648160
0000080      647594      674441      638424      686038
0000096      702289      697312      673207      602384
0000112      706164      719803      764859      651614
0000128      680026      667392      654610      597288
0000144      727396      883697      655297      692549
0000160      684695      658153      586723      723299
0000176      634274      677283      566094      616510
0000192      640771      810784      555425      612167
0000208      561103      565952      573116      551278
0000224      618238      603033      728612      531819
0000240      604141      588017      604243      599217
0000256      609801      603494      751760      721280
0000272      699580      704409      654753      553025
0000288      596563      669478      670211      728196
0000304      714021      568645      648264      598108
0000320      565644      524281      653174      673500
0000336      637951      703241      668756      640823
0000352      633521      624486      629817      635124
0000368      585308      701301      636764      549640
0000384      632803      650278      640136      760654
0000400      617302      782695      651811      635160
0000416      668889      772995      620041      666861
0000432      607358      660101      637974      644969
0000448      697185      712705      637848      672035
0000464      695926      717268      585583      637179
0000480      613261      645126      722648      682207
0000496      581047      642856      757812      614990
0000512      690016      543929      674305      664771
0000528      645574      622162      725411      620724
0000544      678209      710744
0000552
