0000000       40815     8037089        9561           0
0000016           0           0           0           0
0000032           0           0      736192      651971
0000048      595578      778444      717255      673372
0000064      559535      603832      684356      641234
0000080      643459      667785      631183      678854
0000096      694402      689130      674084      602348
0000112      700430      712606      762226      639075
0000128      678767      660984      647858      591838
0000144      720638      874816      646421      683949
0000160      677659      652355      587281      716727
0000176      628234      669018      560833      609783
0000192      631557      807137      548703      609343
0000208      557545      565081      568176      548837
0000224      615741      604022      733452      527036
0000240      603168      585730      600070      595256
0000256      606226      606182      705355      717378
0000272      697122      706135      651002      552403
0000288      597519      670221      673014      728739
0000304      713084      568636      644232      598370
0000320      565670      522950      652850      668554
0000336      636654      697339      663475      638017
0000352      633423      624660      628839      633738
0000368      583926      697212      638229      547290
0000384      630382      652465      640002      755460
0000400      610370      777519      646143      635079
0000416      669439      767283      612934      657380
0000432      601010      656790      632078      640939
0000448      688102      711788      634232      669046
0000464      695372      710856      577873      632727
0000480      608809      638490      714555      674730
0000496      578990      632764      749749      614010
0000512      680909      543536      672646      663537
0000528      643243      619622      715754      616309
0000544      673620      707982
0000552
