0000000       37102     7855739        9553           0
0000016           0           0           0           0
0000032           0           0      706552      622076
0000048      566901      723363      686237      644932
0000064      533517      575054      651788      611351
0000080      614223      635903      601526      648393
0000096      664022      659253      643411      570563
0000112      668480      679963      726969      607775
0000128      649030      629832      617354      561422
0000144      687888      837379      617858      653161
0000160      644750      621259      560752      684738
0000176      598943      638979      533633      583622
0000192      604255      771572      520671      581024
0000208      531915      536673      540841      523848
0000224      589237      574717      701254      502728
0000240      575300      558964      572608      567329
0000256      580006      577645      674439      685845
0000272      665308      674507      622778      527521
0000288      568474      639002      645064      699898
0000304      681124      543109      616190      570808
0000320      539824      496017      625011      638365
0000336      611377      664839      634669      610053
0000352      605000      598743      600339      608337
0000368      557130      667071      614342      522658
0000384      604048      622285      610690      723328
0000400      585272      741275      618442      608062
0000416      639219      733641      586498      630119
0000432      574695      627857      605548      614189
0000448      661080      682381      606854      637781
0000464      667102      695650      554798      603375
0000480      582047      608581      684709      645520
0000496      556587      607709      717268      586680
0000512      651939      517411      643086      634970
0000528      615441      594165      688625      591331
0000544      645480      680456
0000552
