0000000       64923     8731646        9555           0
0000016           0           0           0           0
0000032           0           0       72126       64290
0000048       55591       90682       81685       75684
0000064       61985       68840       76154       73411
0000080       67094       72943       73340       75294
0000096       78386       84619       66182       53924
0000112       77799       78509       72186       67428
0000128       61083       73730       71414       67829
0000144       83091       97467       72115       74695
0000160       77419       72854       57321       75199
0000176       67739       71451       61804       67651
0000192       67213       90360       61275       67120
0000208       60387       53312       63487       51168
0000224       55217       55020       75724       54681
0000240       65918       63642       62207       66201
0000256       65036       63472       76389       74016
0000272       70662       64162       72706       46418
0000288       48939       63554       73293       79502
0000304       74869       56892       70382       63396
0000320       61088       53516       67024       72092
0000336       63411       74985       70104       65418
0000352       64823       61526       69428       64359
0000368       63069       75169       66521       57380
0000384       65532       66796       65681       82719
0000400       66050       79881       69736       63842
0000416       67571       80805       62748       70588
0000432       64790       72455       68413       67696
0000448       73159       72677       65856       73785
0000464       68431       77898       63503       67436
0000480       63691       67359       77843       72999
0000496       59507       70269       79049       63149
0000512       75506       53759       68723       67621
0000528       65154       64417       77649       60887
0000544       70997       73442
0000552
