0000000       44336     7672569        9558           0
0000016           0           0           0           0
0000032           0           0    77871512    77897265
0000048    77713783    77189750    77591669    77296020
0000064    77518093    77317337    77539785    77327361
0000080    77595303    77278009    77651998    77620861
0000096    77763115    77227872    77622352    77596580
0000112    77707018    77492902    77299625    77603499
0000128    77203298    77512915    77234522    77575834
0000144    77187107    77501851    77315228    77644723
0000160    77542092    77738620    89101306    89050127
0000176    88973724    88606953    89064289    88596409
0000192    88945446    88453790    88970357    88626704
0000208    88943544    88726760    88993529    89046755
0000224    88985237    88723124    88838562    88952203
0000240    88891311    88924935    88657340    88890903
0000256    88643012    88857909    88552737    88831266
0000272    88532417    88857981    88581300    88939184
0000288    88928442    88908598    88111337    88045199
0000304    88044481    88015937    88078414    87962900
0000320    88114958    88029428    88052429    87898603
0000336    88069913    87880365    88036483    88080613
0000352    88063954    87966864    88077603    88071837
0000368    88100589    88002933    87930228    88098911
0000384    87933093    88036928    87937914    87951147
0000400    87920989    87945388    87905464    88055693
0000416    88068031    88002817    86600753    86541093
0000432    86545478    86343337    86505670    86328896
0000448    86435905    86299199    86471757    86307932
0000464    86446732    86291711    86503962    86484626
0000480    86499436    86359691    86415734    86451380
0000496    86502874    86452190    86257702    86467526
0000512    86280276    86506464    86312714    86426287
0000528    86310990    86462189    86243295    86491895
0000544    86437320    86439856
0000552
