0000000       40395     7755498        9556           0
0000016           0           0           0           0
0000032           0           0    90321731    90355019
0000048    90237636    87714950    89277250    87336296
0000064    89608525    87670634    88807662    87615672
0000080    88502508    87641527    88906190    89048373
0000096    89280057    88209670    88593793    89109996
0000112    88842036    88819322    87382399    88763299
0000128    87398551    88545502    87399073    88736337
0000144    87317505    88155388    87310047    88491881
0000160    88688904    88897570    48344476    48692381
0000176    47398998    46213294    47200014    45759524
0000192    47360133    46143673    47703079    45924333
0000208    47115795    46782752    47880323    46845069
0000224    47069200    48027994    46655829    48449887
0000240    45706153    46538790    47033776    46633505
0000256    47829842    45519177    45912154    46658143
0000272    45253880    46842338    45911047    46405834
0000288    46599623    47362455    51806762    51648323
0000304    51994165    51222122    52844887    50839570
0000320    52827149    51771918    51898188    52130506
0000336    52436450    53689944    52715689    53237781
0000352    52528617    53991425    52841206    52606305
0000368    53213657    52216955    50690945    52895972
0000384    52358629    52279157    52414723    51190899
0000400    50759231    51593527    50876701    50747599
0000416    51674198    53027372    62500101    60886115
0000432    60436227    57731567    59744576    57329670
0000448    59802575    57300999    59447199    57821704
0000464    59417495    58193977    59786094    59594160
0000480    59344864    60037387    59907278    59980714
0000496    59886620    59481836    58592199    59414954
0000512    58604536    57999552    58573341    57720808
0000528    58077795    59342634    57817287    59378467
0000544    59089683    60185898
0000552
