0000000       13376     8345740        9549           0
0000016           0           0           0           0
0000032           0           0      160288      141407
0000048      149883      421156      376342      301730
0000064      252038      343668      362413      310797
0000080      168471      313919      432847      531062
0000096      386672      612657      141568      110653
0000112      324526      361980      161860      227750
0000128      138458      252944      286743      414825
0000144      366059      331683      312437      383275
0000160      289019      230109      115356      228907
0000176      177950      177933      145762      175503
0000192      164567      210195      163892      141862
0000208      139008      109079      143660       99321
0000224      109241      103348      157230      114159
0000240      134919      136577      134045      139179
0000256      131431      127617      168145      156581
0000272      158833      120425      152430       88468
0000288       93380      112900      144144      161199
0000304      181659      112587      170361      124651
0000320      125644      107216      133002      186891
0000336      128640      290960      172113      135878
0000352      133625      124283      137530      128093
0000368      122815      175879      135039      127892
0000384      132351      139143      128926      218744
0000400      144594      214406      159715      127494
0000416      140404      195668      158581      335344
0000432      187408      168552      162987      158448
0000448      420115      148542      155694      208049
0000464      146856      227064      242876      276588
0000480      148858      174299      453254      298064
0000496      128059      228575      215529      133742
0000512      302350      105767      145261      141051
0000528      142707      133631      249149      126358
0000544      151458      151184
0000552
