0000000       59465     8326455        9557           0
0000016           0           0           0           0
0000032           0           0      240699      226133
0000048      302324      656617      593865      517823
0000064      435108      516583      570720      522042
0000080      295689      521559      577636      655621
0000096      606799      682745      164387      128926
0000112      552323      589593      273069      434779
0000128      174946      475756      501242      551842
0000144      597618      604351      524531      586797
0000160      508982      410922      125798      458903
0000176      345137      328425      260368      324457
0000192      314782      397106      311184      207244
0000208      241054      119723      252270      108936
0000224      119116      114259      195874      139246
0000240      166947      186535      177335      199789
0000256      155791      141699      259448      196924
0000272      232423      135290      211439      100891
0000288      106989      128833      162596      209240
0000304      335062      125749      343602      140839
0000320      191130      120622      146501      378420
0000336      154186      551592      338488      177784
0000352      151390      138421      187519      147726
0000368      145235      324485      154925      212586
0000384      155973      174868      144254      415623
0000400      231636      418212      274149      139238
0000416      171911      350416      330022      565726
0000432      387553      342418      334006      298145
0000448      628112      193101      301865      422707
0000464      225110      466919      448683      495301
0000480      292188      351715      655256      535043
0000496      201182      451067      430094      192684
0000512      532812      118871      191943      191966
0000528      220411      204486      478851      167690
0000544      245929      215303
0000552
