0000000       27648     8577279        9558           0
0000016           0           0           0           0
0000032           0           0       81917       73224
0000048       61353      100130       90135       83602
0000064       67860       75252       83002       80559
0000080       75226       80978       80025       81258
0000096       85734       90899       77060       62921
0000112       85618       87226       81888       74553
0000128       71122       82527       78504       74750
0000144       90819      108130       79017       82092
0000160       85787       80318       67000       83508
0000176       74722       79214       68570       74904
0000192       71325      100505       66880       75142
0000208       67205       61384       70364       58598
0000224       64214       65261       85486       61904
0000240       73823       71658       70818       74262
0000256       72799       72334       84503       84037
0000272       79693       76565       82129       56464
0000288       59377       76006       82884       89996
0000304       84825       65596       77708       71964
0000320       69038       60786       76108       79806
0000336       72411       81451       77907       74490
0000352       73405       71829       77871       73522
0000368       71408       83241       75916       64452
0000384       74903       76351       75961       91931
0000400       73218       89062       77343       73830
0000416       77165       89694       70024       77024
0000432       71445       81132       75803       75541
0000448       79513       83517       74339       81601
0000464       78193       87204       70000       73696
0000480       71900       74943       85245       80039
0000496       67721       77189       88798       72850
0000512       82077       62835       78504       76528
0000528       74429       73472       86699       69691
0000544       79881       83473
0000552
