0000000        3174     8847427        9561           0
0000016           0           0           0           0
0000032           0           0       28817       26093
0000048       30151       73660       64052       58763
0000064       45659       56483       60242       58661
0000080       33650       54750       63086       65985
0000096       64745       76041       20749       14519
0000112       61712       62813       27962       46836
0000128       19626       52592       53501       58681
0000144       65651       66780       56532       61887
0000160       56662       47938       17482       55116
0000176       48593       48001       38789       47967
0000192       44861       60083       43789       34660
0000208       37386       15804       40299       14035
0000224       14950       14047       31674       20318
0000240       28597       31294       28368       36135
0000256       23709       21980       41832       31901
0000272       36735       16428       34139       11214
0000288       11773       15883       24718       33534
0000304       46622       18038       45741       21633
0000320       27937       17332       21602       50629
0000336       22301       61585       45029       24888
0000352       22049       18061       29127       20901
0000368       21461       46251       22818       28875
0000384       22606       25678       20492       56163
0000400       34371       57076       42162       19703
0000416       25079       45970       35779       57950
0000432       41480       40906       40010       34876
0000448       61685       23938       34857       46346
0000464       25981       52623       49171       52676
0000480       32794       37707       66193       57084
0000496       23032       48121       47448       23222
0000512       58424       15507       23767       24196
0000528       24477       24390       51937       19729
0000544       28940       25786
0000552
