0000000       21361     8152744        9556           0
0000016           0           0           0           0
0000032           0           0      736119      652053
0000048      598566      783885      720682      677785
0000064      564810      606010      689056      644009
0000080      644617      671166      634664      686066
0000096      699298      698333      672019      600145
0000112      701077      716803      766225      643724
0000128      675622      663278      652624      596591
0000144      725052      876552      649317      688687
0000160      681258      652888      584434      718495
0000176      630557      672888      563460      612033
0000192      636592      807919      549779      609245
0000208      558490      567579      568854      549913
0000224      616009      600345      724466      529757
0000240      603882      588225      602864      598518
0000256      608390      603167      746343      716106
0000272      697090      703134      652324      552207
0000288      594939      666970      670470      727103
0000304      710013      566696      646561      595891
0000320      565391      524381      652614      670237
0000336      637160      702267      664419      638299
0000352      633031      623364      630555      634972
0000368      585947      698850      637816      549539
0000384      632375      647320      639831      756792
0000400      613972      777662      649558      633781
0000416      666234      765804      615813      663602
0000432      602465      656173      635198      640851
0000448      696151      708763      635925      669794
0000464      691257      716190      583843      634663
0000480      611452      643647      720562      681155
0000496      580351      640925      753512      614829
0000512      686605      542820      679221      662971
0000528      642706      621644      721332      617387
0000544      675021      708705
0000552
