0000000       13930     8635175        9559           0
0000016           0           0           0           0
0000032           0           0       79069       70710
0000048       60181       98050       88260       81106
0000064       66676       73357       81336       77953
0000080       73830       78535       78164       79843
0000096       84660       89552       74037       60738
0000112       83729       84989       79158       72732
0000128       68397       79483       76290       72472
0000144       88858      104851       77251       80417
0000160       83704       78394       63859       81828
0000176       72519       77659       66537       73429
0000192       69733       97895       65627       73110
0000208       66229       59086       68270       56449
0000224       61972       62047       82621       59906
0000240       71818       69522       68483       72868
0000256       70430       69313       82895       81038
0000272       77302       73219       78979       53823
0000288       56985       72802       80286       86591
0000304       81593       63009       76306       70795
0000320       66584       59407       73820       77311
0000336       69762       80251       75819       71528
0000352       71263       68717       74994       70604
0000368       69118       81339       73760       61657
0000384       72433       73758       72917       90177
0000400       71272       87425       75220       71100
0000416       74131       88149       68055       75058
0000432       70213       78776       74000       73800
0000448       78886       80279       71971       80171
0000464       75467       84550       68664       72351
0000480       70247       73156       83224       78571
0000496       65286       75442       86238       70528
0000512       81219       60245       76332       74061
0000528       71998       71216       84652       67471
0000544       77467       81071
0000552
