0000000       14142     7431490        9559           0
0000016           0           0           0           0
0000032           0           0       84931       73718
0000048       61038      103071      100028       87798
0000064       68650       77218       87950       82119
0000080       79763       85449       86598       89257
0000096       90200       97402       78840       57614
0000112       88659       90399       81777       77613
0000128       71780       85700       80127       79196
0000144       94721      113943       83887       86359
0000160       88703       80853       71372      111952
0000176       96027       98330       83635       96864
0000192       89832      124100       78476       90502
0000208       79779       67316       83581       64117
0000224       71343       69277      103182       68538
0000240       87219       87013       82871       87933
0000256       82560       83704      100971       99636
0000272      100737       84169       96828       61862
0000288       64962       82545       90976      101779
0000304       97297       70451       86063       77169
0000320       73483       66980       82533       93312
0000336       76284       95886       91304       79058
0000352       81709       77427       82770       77836
0000368       73611       94529       83280       69512
0000384       80064       84506       80997      109399
0000400       84193      106181       87978       81385
0000416       85760      103270       91934      107694
0000432       91939      100913      100578       96744
0000448      112840      100800       94402      107095
0000464       99618      110589       93335       97555
0000480       94937       96723      114266      106708
0000496       88967      102198      113852       91192
0000512      110166       86078       97767       99038
0000528       94671       90719      112252       83584
0000544       99182       98362
0000552
