0000000        5738     8210654        9568           0
0000016           0           0           0           0
0000032           0           0      735372      652397
0000048      599180      777002      716183      675462
0000064      563302      604829      687292      644592
0000080      642844      668707      632708      683910
0000096      698587      694479      667478      600510
0000112      699358      712557      765875      639291
0000128      673766      659544      650833      594028
0000144      723350      872954      649178      687699
0000160      678731      652699      584248      715536
0000176      628531      670787      562829      611378
0000192      635062      803862      547951      608400
0000208      559628      568126      568598      553412
0000224      616745      601649      722928      529155
0000240      604687      585632      600424      596153
0000256      610346      604318      744960      715694
0000272      695561      703499      650718      553868
0000288      596591      668542      668410      721503
0000304      707242      566762      645064      597353
0000320      564274      522141      650257      668958
0000336      636484      700640      663235      637219
0000352      631197      621634      628707      633925
0000368      582441      696830      637932      549076
0000384      631644      647031      640038      753353
0000400      615145      775703      647826      632251
0000416      667508      764923      614786      659919
0000432      603042      654817      633631      638484
0000448      691510      707070      633457      668805
0000464      690513      713429      582324      633803
0000480      611552      642320      721084      679508
0000496      580566      640198      751346      613136
0000512      685170      543630      669555      664134
0000528      643400      619930      718186      616459
0000544      674740      707115
0000552
