0000000       60723     8075625        9556           0
0000016           0           0           0           0
0000032           0           0      743602      656398
0000048      597960      785448      722459      680807
0000064      567103      606704      689905      644367
0000080      646976      671029      634177      682487
0000096      699425      691770      676835      603157
0000112      704450      715721      764939      643059
0000128      684802      665224      651816      595024
0000144      723961      880938      650670      687772
0000160      682317      654551      590739      720570
0000176      634206      676663      564089      615937
0000192      637760      812394      551604      612521
0000208      560822      568479      570491      551721
0000224      618207      604523      733682      530311
0000240      607142      590588      605036      600806
0000256      612343      608931      724359      722278
0000272      702975      710763      655802      556815
0000288      599228      672180      675889      732557
0000304      716458      571095      651307      602929
0000320      567686      526648      654669      672301
0000336      641336      702944      666204      642886
0000352      636358      628287      633891      638635
0000368      586846      699332      641934      550854
0000384      635241      654301      642025      759406
0000400      615777      780487      647663      638531
0000416      672421      771928      619258      663661
0000432      606147      660121      636757      644838
0000448      694730      714583      637777      672894
0000464      699917      715948      583172      634838
0000480      613054      642163      720784      677989
0000496      581927      639453      755694      616346
0000512      686483      546182      676554      667051
0000528      647139      623503      720449      620111
0000544      678671      714148
0000552
