0000000        5277     8905324        9560           0
0000016           0           0           0           0
0000032           0           0       16747       14788
0000048       14066       32548       29234       25043
0000064       20053       27607       27197       25225
0000080       18093       24329       35220       40575
0000096       28524       56467       13869       10105
0000112       26005       27425       15884       20633
0000128       12378       23027       22671       31514
0000144       27885       29444       24902       27689
0000160       24627       21632       11933       23204
0000176       21086       21401       18052       21489
0000192       19685       27239       18897       18114
0000208       17743       10388       19077        9748
0000224       10518       10691       18726       12709
0000240       16737       16993       16031       18590
0000256       15082       14482       21031       18622
0000272       19438       12933       19489        8796
0000288        9224       12725       16596       19978
0000304       21819       12000       20565       14183
0000320       15092       11318       14284       22463
0000336       14009       26316       20655       14724
0000352       14222       12651       16858       13505
0000368       13989       22200       14849       15426
0000384       14599       15577       13999       26278
0000400       18345       25252       20428       13242
0000416       15315       22937       16375       25473
0000432       18552       19709       18397       17500
0000448       29729       15589       16909       21216
0000464       15389       23094       21026       22759
0000480       16700       18338       33376       24551
0000496       13855       21451       22838       14502
0000512       25930       10911       15177       14944
0000528       15192       14948       24268       12889
0000544       16850       16277
0000552
