0000000       12577     7589612        9559           0
0000016           0           0           0           0
0000032           0           0      673291      594058
0000048      541007      692632      640826      598706
0000064      497489      533573      608767      571340
0000080      571686      594496      557616      605381
0000096      621681      611872      605279      541209
0000112      624017      638206      691118      566196
0000128      609146      586341      575076      519605
0000144      643264      799197      574502      615819
0000160      613915      587095      528084      647923
0000176      562618      604162      500054      545042
0000192      569877      731379      487172      545528
0000208      496640      507038      504925      495661
0000224      558271      546113      655145      469759
0000240      541615      524332      539376      533108
0000256      548805      540201      633330      645743
0000272      624934      641054      583490      499749
0000288      540025      608772      612442      669845
0000304      649532      517912      587191      545597
0000320      512425      476984      594965      608633
0000336      581876      634635      604630      580044
0000352      577544      570868      576786      579588
0000368      531032      637011      585971      494842
0000384      576452      590712      582636      688472
0000400      556998      711684      588993      579831
0000416      613546      703204      561706      602298
0000432      551220      600260      580572      584077
0000448      628029      654464      578781      614100
0000464      639261      656833      529874      576882
0000480      557443      585995      654874      617138
0000496      530123      580383      690871      558952
0000512      623796      496759      626286      610062
0000528      590165      574790      656876      572450
0000544      627171      658068
0000552
