0000000       36087     8963256        9559           0
0000016           0           0           0           0
0000032           0           0       13164       11816
0000048        9728       21170       18899       16691
0000064       13107       16424       17584       16251
0000080       13052       15778       19474       20969
0000096       17817       26837       12079        9408
0000112       17137       17406       12788       13741
0000128       10780       15398       15066       17549
0000144       18213       19918       15912       16931
0000160       16538       14873       10853       15366
0000176       14146       14757       12536       14937
0000192       13496       18597       12943       13606
0000208       12324        9322       13310        8722
0000224        9795        9959       14607       10314
0000240       13026       12616       11926       13721
0000256       12627       12395       15682       14123
0000272       13944       11879       14920        8139
0000288        8700       12064       14332       15943
0000304       14924       10883       14311       12249
0000320       11789       10113       12616       15200
0000336       11875       17081       14028       12185
0000352       12250       11589       13829       12281
0000368       12463       15253       12786       11082
0000384       12557       12868       12773       17709
0000400       13156       16908       14361       11979
0000416       12612       16060       11827       15943
0000432       12681       14239       13224       12955
0000448       17495       13641       12668       14669
0000464       12884       15743       13583       14487
0000480       12176       12996       19543       15711
0000496       11356       14746       15571       12187
0000512       16889       10332       13002       12541
0000528       12686       12382       16111       10948
0000544       13304       13808
0000552
