0000000       17547      139658        1921           0
0000016           0           0           0           0
0000032           0           0           0           0
0000048           0           0           0           0
0000064           1           0           0           0
0000080           0           3           0           0
0000096           0           0           0           0
0000112           1           0           1           0
0000128           0           1           0           0
0000144           0           0           0           0
0000160           0           2           0           0
0000176           0           0           0           0
0000192           0           1           0           0
0000208           0           1           0           1
0000224           0           0           1           0
0000240           0           0           1           0
0000256           0           1           0           1
0000272           0           0           0           2
0000288           0           0           1           1
0000304           0           1           0           0
0000320           0           1           0           1
0000336           0           0           0           0
0000352           0           1           1           1
0000368           1           0           1           0
0000384           0           0           1           0
0000400           0           1           0           0
0000416           0           0           0           1
0000432           0           0           0           1
0000448           1           0           2           1
0000464           0           0           0           0
0000480           0           0           0           0
0000496           0           0           0           0
0000512           0           1           0           1
0000528           1           0           1           1
0000544           0           0
0000552
