0000000       47599      682979        1928           0
0000016           0           0           0           0
0000032           0           0           8           6
0000048          15           7           6          15
0000064           9          12          19           5
0000080           6          10           0          20
0000096          11           8           0           9
0000112          16           9           8          22
0000128           4           7           6           7
0000144           6           5           7          18
0000160          23          15          11           8
0000176           9          17          19          10
0000192          12           2          12          16
0000208          16           4          13           9
0000224          14           4           5          19
0000240           8          11          15           5
0000256           3          18          17          14
0000272          11           0           1           9
0000288          16           6          14          14
0000304          16          15          17          11
0000320           7          11          12          13
0000336          16          15          11          13
0000352           8           4           7          12
0000368           5          12           6          11
0000384          13          10          14           2
0000400          14          21          10           8
0000416           7           6          16          14
0000432          15          13          16          11
0000448           9          19          14          15
0000464           5          19          19          10
0000480          13           9          14           8
0000496           4           3          20          10
0000512          11           9          13          22
0000528           6           4          17          11
0000544          21          24
0000552
