0000000       28101      385876        1925           0
0000016           0           0           0           0
0000032           0           0       41789       42030
0000048       48020       47301       45826       48213
0000064       48927       52648       67336       47639
0000080       59171       61840           0       54416
0000096       42977       48770       40748       43979
0000112       55529       52125       51911       55720
0000128       52125       45385       48934       45119
0000144       45671       46968       63975       57322
0000160       58462       46863       47494       49205
0000176       48722       88783       50866       42821
0000192       47808       35889       46718       57756
0000208       57019       50617       76752       42433
0000224       55411       43356       43175       43910
0000240       48685       46872       55169       36324
0000256       46554       47746       55219       49245
0000272       55761       34522       29737       43913
0000288       50346       35330       47288       55459
0000304       56075       45769       55402       48316
0000320       45633       43777       57443       47353
0000336       54629       53117       47202       45350
0000352       49620       45019       52398       42987
0000368       50025       48194       41717       43661
0000384       54275       47053       46178       37489
0000400       65998       57539       49808       47756
0000416       49452       41999       55935       86759
0000432       44585       59321       57430       48697
0000448       53404       56175       49944       55177
0000464       42379       48432       50782       53049
0000480       52575       49043       42950       47659
0000496       46685       39747       57892       49339
0000512       44086       43998       76023       59305
0000528       42970       51368       55796       49450
0000544       63813       53133
0000552
