0000000       32258      510826        1945           0
0000016           0           0           0           0
0000032           0           0         132         287
0000048         539         429         204         638
0000064         712         417         756         115
0000080         363         540           0         691
0000096         336         541          83         301
0000112         685         293         529         939
0000128         223         356         338         366
0000144         176         393         717         772
0000160         777         638         413         402
0000176         607         622         569         231
0000192         422          81         461         421
0000208         470         441         442         472
0000224         614         160         155         425
0000240         277         670         621          94
0000256         114         674         691         461
0000272         512          82          26         303
0000288         621          97         619         553
0000304         648         557         730         518
0000320         258         411         856         385
0000336         633         702         387         532
0000352         390         219         462         301
0000368         496         601         279         333
0000384         729         595         504          98
0000400         869         683         331         322
0000416         282         286         679         824
0000432         496         719         888         564
0000448         729         815         541         888
0000464         298         750         693         584
0000480         745         468         521         493
0000496         186         162         809         323
0000512         439         388         828         826
0000528         265         534         762         717
0000544         820         762
0000552
