0000000       58879      487384        1948           0
0000016           0           0           0           0
0000032           0           0         562         509
0000048         648         608         621         733
0000064         728         745         908         580
0000080         829         848           0         861
0000096         555         614         506         552
0000112         765         642         677         938
0000128         681         655         655         644
0000144         538         602         954         894
0000160         894         687         730         648
0000176         678        1214         698         600
0000192         708         483         672         906
0000208         818         682        1089         628
0000224         866         616         571         630
0000240         788         753         844         499
0000256         653         811         942         807
0000272         913         514         395         664
0000288         807         523         722         770
0000304         759         627         811         673
0000320         596         553         976         636
0000336         798         789         637         659
0000352         674         558         716         556
0000368         727         656         474         610
0000384         827         682         651         483
0000400         971         803         659         584
0000416         660         560         797        1104
0000432         607         854         961         657
0000448         857         835         693         896
0000464         563         795         694         752
0000480         765         642         624         683
0000496         572         481         901         646
0000512         633         586        1167         911
0000528         545         712         886         780
0000544        1002         838
0000552
