0000000       19103      311771        1920           0
0000016           0           0           0           0
0000032           0           0    11293783    11415985
0000048    11244341    10800406    11243139    10719476
0000064    11140315    10725557    11066342    10662071
0000080    11004965    10682613           0    11067508
0000096    11065326    10799708    10998026    11005490
0000112    11106445    11074373    10692396    11021867
0000128    10702020    10973290    10670915    10983532
0000144    10715443    11022244    10624821    10990996
0000160    11055093    11111340     9659991     9550077
0000176     9378846     9469090     9485571     9516091
0000192     9658774     9336627     9714021     9415584
0000208     9386410     9617226     9495133     9505458
0000224     9435834     9786734     9428067     9362587
0000240     9433122     9535006     9568604     9420456
0000256     9542880     9178188     9631394     9196606
0000272     9571088     9249050     9520002     9199513
0000288     9372127     9412281    10707331    10844510
0000304    10706972    10678672    10855448    10725978
0000320    10826575    10642669    10849375    10652753
0000336    10807655    10829608    10852582    10859078
0000352    10900470    10923585    10748596    10944322
0000368    10893718    10806421    10833040    10817338
0000384    10881440    10704500    10846396    10710649
0000400    10780749    10759463    10684220    10802497
0000416    10816533    10739675    11189634    11191605
0000432    11201979    11057475    11179898    10986556
0000448    11186924    11060947    11176519    11057677
0000464    11098644    10977044    11265597    11243109
0000480    11119346    11323638    11126357    11291155
0000496    11145182    11060048    11074357    11029834
0000512    11057220    10996089    11283889    11038777
0000528    11065031    11064347    11028304    11112174
0000544    11078796    11130702
0000552
