0000000       61629      421109        1917           0
0000016           0           0           0           0
0000032           0           0         918         964
0000048        1313        1240        1043        1759
0000064        1925        1347        2102        1093
0000080        1443        1542           0        1963
0000096        1065        1412         939        1008
0000112        1705        1187        1422        4140
0000128        1296        1105        1174        1203
0000144        1034        1149        1767        2112
0000160        2593        2667        1316        1253
0000176        1525        2371        1477        1037
0000192        1345         930        1369        1583
0000208        1502        1410        1961        1173
0000224        1552        1116        1081        1235
0000240        1307        1753        1677         914
0000256        1191        1753        1829        1374
0000272        1570         960         821        1158
0000288        1638         941        2950        2264
0000304        2124        2140        5126        1906
0000320        1183        1242        6820        1365
0000336        1761        3143        1256        1864
0000352        1368        1144        1504        1197
0000368        1744        2290        1141        1242
0000384        3310        1980        1930         983
0000400        3259        2018        1272        1266
0000416        1285        1180        3199        2758
0000432        1853        2671        9224        1661
0000448        3408        4662        1701        5576
0000464        1117        5838        3723        1891
0000480        6928        1666        1487        1666
0000496        1198         998        3080        1307
0000512        1335        1253        2476        2901
0000528        1200        1676        2256        3933
0000544        3440        4259
0000552
