0000000       41916      251019        1930           0
0000016           0           0           0           0
0000032           0           0    11888211    11847388
0000048    11842107    11775152    11810766    11754855
0000064    11793486    11768191    11814202    11801935
0000080    11793079    11810493           0    11904872
0000096    11927690    11784296    11847396    11807156
0000112    11876805    11769124    11797757    11806605
0000128    11719472    11789794    11705180    11826725
0000144    11681054    11772475    11735457    11847372
0000160    11810850    11833614    17641856    17651693
0000176    17636367    17590101    17632927    17592467
0000192    17624591    17594063    17617713    17593087
0000208    17616644    17594453    17623991    17626841
0000224    17620849    17596087    17618863    17616192
0000240    17616964    17615395    17589763    17611022
0000256    17591194    17600789    17588210    17607327
0000272    17587763    17605336    17591606    17607845
0000288    17611646    17615802    16926039    16900037
0000304    16904982    16879482    16894768    16875615
0000320    16895239    16883858    16889711    16888261
0000336    16892305    16883991    16901041    16895807
0000352    16894122    16882664    16904441    16892766
0000368    16897314    16890436    16877980    16890551
0000384    16867553    16888726    16869679    16887928
0000400    16868350    16889507    16874522    16885048
0000416    16894998    16906433    17160118    17160705
0000432    17155090    17137040    17149561    17136306
0000448    17150135    17135214    17152541    17136874
0000464    17148951    17138200    17153573    17154549
0000480    17149346    17139789    17151076    17155463
0000496    17151509    17146596    17136519    17146666
0000512    17136313    17143105    17133900    17141739
0000528    17135250    17141850    17134037    17143696
0000544    17144266    17147071
0000552
