0000000       57081      460090        1917           0
0000016           0           0           0           0
0000032           0           0         563         574
0000048         681         659         654         743
0000064         805         806         994         707
0000080         841         893           0         917
0000096         639         646         663         622
0000112         832         704         801        1092
0000128         758         669         690         648
0000144         638         660         995         922
0000160         981         798         776         694
0000176         754        1319         780         675
0000192         713         576         729         980
0000208         906         774        1218         687
0000224         832         687         641         656
0000240         860         761         920         591
0000256         797         834         967         850
0000272         960         674         550         694
0000288         815         591         707         778
0000304         873         736         928         769
0000320         620         588         951         692
0000336         853         837         662         671
0000352         686         625         751         557
0000368         759         699         553         611
0000384         923         776         711         539
0000400        1012         850         808         662
0000416         728         540         858        1231
0000432         683         861        1151         756
0000448         933        1000         736        1086
0000464         586         930         850         773
0000480        1007         721         691         723
0000496         603         549        1030         670
0000512         641         631        1203         992
0000528         614         795         915         839
0000544        1091         977
0000552
