0000000       62556      397591        1922           0
0000016           0           0           0           0
0000032           0           0       15147       26816
0000048       40188       32884       23984       44934
0000064       45791       33432       56216       16167
0000080       33781       44665           0       49909
0000096       28930       40635       11606       28890
0000112       49389       31891       40825       54384
0000128       24390       29461       29169       28080
0000144       23851       33113       49498       52701
0000160       53990       45358       25618       30728
0000176       37429       52885       38466       19786
0000192       31130        9471       35654       26093
0000208       30457       29373       37344       29405
0000224       35406       14212       15023       27246
0000240       21206       40018       37861        8350
0000256       12940       38778       41681       25044
0000272       30884        7654        5061       20579
0000288       36599        9606       44083       46952
0000304       49772       41973       52483       42852
0000320       28587       33306       55950       32213
0000336       44644       49974       34346       40850
0000352       34146       25949       40095       32424
0000368       39325       42504       27468       31627
0000384       50923       42422       39731       15952
0000400       61723       50809       31912       34664
0000416       31281       27165       53264       73878
0000432       39933       53412       56549       41472
0000448       49896       52569       42627       53165
0000464       28185       46156       48635       46519
0000480       51046       39723       36878       39838
0000496       25489       19113       53204       30594
0000512       33147       30034       62256       52745
0000528       26623       40046       48044       45328
0000544       57244       48523
0000552
