0000000       34079      749359        1919           0
0000016           0           0           0           0
0000032           0           0           0           1
0000048           0           1           2           0
0000064           3           0           0           1
0000080           0           2           0           2
0000096           3           1           1           0
0000112           1           0           2           4
0000128           0           2           1           1
0000144           0           0           1           1
0000160           0           0           0           0
0000176           1           2           0           0
0000192           2           1           0           1
0000208           1           1           2           0
0000224           1           1           0           0
0000240           0           1           1           1
0000256           0           1           0           1
0000272           1           1           0           1
0000288           2           1           1           1
0000304           0           0           4           2
0000320           0           1           2           1
0000336           0           0           2           0
0000352           0           1           1           0
0000368           2           0           1           0
0000384           1           2           0           1
0000400           0           0           0           1
0000416           1           0           0           0
0000432           1           2           3           1
0000448           1           1           1           3
0000464           2           1           4           4
0000480           5           0           1           2
0000496           0           0           0           0
0000512           0           0           1           1
0000528           0           0           1           0
0000544           1           2
0000552
