0000000       18190      372239        1928           0
0000016           0           0           0           0
0000032           0           0       46597       43137
0000048       48514       49098       48656       48064
0000064       49047       54183       68367       56445
0000080       62508       63318           0       55131
0000096       44636       48907       48874       45299
0000112       56049       54288       52797       56297
0000128       56203       47542       51036       46932
0000144       48445       47855       64673       57703
0000160       58507       47377       50322       50987
0000176       49661       94275       52048       46380
0000192       49111       44420       47149       62005
0000208       59593       53516       83135       43035
0000224       57372       50877       49906       45454
0000240       54021       47034       56542       46638
0000256       58561       48414       56142       53473
0000272       58179       46975       43581       47996
0000288       51666       44264       47500       56408
0000304       57456       46269       55988       48459
0000320       47673       44717       57485       48129
0000336       55584       53752       47874       45817
0000352       50891       47301       53846       44348
0000368       50816       48663       43219       44541
0000384       54440       47612       46325       42106
0000400       66345       57497       51474       48942
0000416       51732       44338       56616       88190
0000432       45460       59554       57846       49552
0000448       53710       56221       50731       55019
0000464       44609       48611       51396       53373
0000480       52423       49633       43545       48506
0000496       50676       43247       58820       52274
0000512       45255       45287       77323       60325
0000528       44699       52288       56387       50024
0000544       64383       53347
0000552
