0000000       11126      473706        1959           0
0000016           0           0           0           0
0000032           0           0         577         566
0000048         716         701         654         704
0000064         808         754         996         648
0000080         897         859           0         860
0000096         557         723         637         583
0000112         794         707         758        1044
0000128         780         694         690         656
0000144         580         591         987         917
0000160         895         748         760         675
0000176         767        1284         798         646
0000192         704         537         699         995
0000208         897         785        1159         695
0000224         903         684         664         711
0000240         827         761         873         523
0000256         773         804         937         866
0000272         952         628         491         683
0000288         832         600         701         812
0000304         854         677         854         687
0000320         649         615         964         697
0000336         830         818         647         694
0000352         686         609         689         581
0000368         743         661         553         611
0000384         895         749         682         549
0000400        1020         802         746         634
0000416         627         617         819        1163
0000432         657         873         953         744
0000448         891         930         703         974
0000464         590         789         729         748
0000480         876         677         616         670
0000496         631         528         943         690
0000512         598         633        1211         951
0000528         592         818         891         754
0000544         962         844
0000552
