0000000       47452      545953        1922           0
0000016           0           0           0           0
0000032           0           0          20          10
0000048          15          26          11          38
0000064          47          17          38           9
0000080          21          25           0          47
0000096          16          23          12          13
0000112          31          13          14         166
0000128          26          14          16           9
0000144          19          17          33          53
0000160          72          69          28          13
0000176          27          34          22          12
0000192          13          13          20          27
0000208          18          17          19          19
0000224          32           9          14          18
0000240          16          40          28           8
0000256          13          31          35          22
0000272          24          11           8          18
0000288          27          10          48          28
0000304          28          35          61          24
0000320          20          12         166          23
0000336          24          48          20          25
0000352          22          14          22          18
0000368          25          29           7          19
0000384          46          29          17          11
0000400          30          23          12          13
0000416          21          20          67          37
0000432          34          43         259          24
0000448          61         117          20         155
0000464          10         177          51          27
0000480         173          14          26          16
0000496          15           9          64          19
0000512          14          18          28          48
0000528           7          27          38          92
0000544          49         110
0000552
