0000000       41770      499063        1927           0
0000016           0           0           0           0
0000032           0           0         335         412
0000048         629         579         445         722
0000064         792         611         931         376
0000080         696         779           0         766
0000096         514         577         278         503
0000112         729         573         644         919
0000128         500         607         593         549
0000144         408         567         872         835
0000160         811         678         591         539
0000176         662        1089         646         534
0000192         581         389         646         778
0000208         770         644         909         557
0000224         773         416         483         618
0000240         641         655         803         352
0000256         452         801         827         705
0000272         769         327         223         542
0000288         763         361         660         713
0000304         752         667         778         663
0000320         525         592         924         596
0000336         722         751         561         653
0000352         631         415         615         480
0000368         641         657         421         535
0000384         762         694         595         297
0000400         879         789         546         542
0000416         565         483         812         965
0000432         551         830         898         725
0000448         749         852         633         864
0000464         488         767         682         667
0000480         792         602         584         622
0000496         440         380         879         556
0000512         594         515        1050         853
0000528         455         676         833         766
0000544         894         817
0000552
