0000000       29489      710374        1919           0
0000016           0           0           0           0
0000032           0           0           3           2
0000048           2           3           1           6
0000064          12           3           6           1
0000080           3           3           0           7
0000096           1          10           2           4
0000112           8           1           6          22
0000128           1           2           3           0
0000144           1           1           4          22
0000160          12          11           2           7
0000176           3           3           7           2
0000192           5           0           1           1
0000208           3           4           4           2
0000224          10           1           1           2
0000240           1          11           7           1
0000256           0          13          10           4
0000272           3           1           0           0
0000288          10           0          11           5
0000304           2           9           6           9
0000320           0           2          22           1
0000336           6          10           1           6
0000352           0           0           2           2
0000368           2           3           0           0
0000384           5           8           5           0
0000400          13           9           2           3
0000416           0           1          11           5
0000432           6           9          21           3
0000448           9          23           3          12
0000464           1          17           7           9
0000480          15           0           8           2
0000496           1           0          11           2
0000512           1           2           7          13
0000528           0           6           4          10
0000544          11          13
0000552
