0000000        4751      346872        1921           0
0000016           0           0           0           0
0000032           0           0       46379       43251
0000048       48435       49233       48725       48710
0000064       48497       54419       67547       56411
0000080       62154       62877           0       54308
0000096       44553       48760       49705       45556
0000112       55527       53941       52915       55336
0000128       56413       47458       51035       46245
0000144       48439       48424       64258       57107
0000160       58408       46894       50212       50585
0000176       49343       95016       51032       46749
0000192       48912       44775       47212       62637
0000208       59612       52595       82823       43368
0000224       57519       51585       49697       45100
0000240       53976       46681       56108       46937
0000256       59142       47576       55294       53518
0000272       58138       48582       44581       47815
0000288       51327       44576       47502       56113
0000304       56961       45304       55630       47981
0000320       47378       44094       56928       48304
0000336       54995       53502       47152       45097
0000352       50376       47109       53411       43834
0000368       50499       47808       43517       44384
0000384       53726       46870       46067       42132
0000400       65739       57205       51406       48776
0000416       51058       43932       55975       87879
0000432       44709       59615       57089       49696
0000448       53227       55704       50305       54661
0000464       43789       47708       50900       53566
0000480       52120       50466       43282       49055
0000496       51027       43673       58823       51967
0000512       45142       44689       78340       59538
0000528       45029       51955       56438       50569
0000544       64813       53296
0000552
