0000000       44221      323455        1921           0
0000016           0           0           0           0
0000032           0           0     8685222     8742657
0000048     8706405     8608591     8733889     8603985
0000064     8701400     8609352     8675587     8588805
0000080     8648483     8603637           0     8694029
0000096     8694411     8692084     8645180     8663431
0000112     8718986     8716644     8624232     8678315
0000128     8679831     8648695     8632842     8642930
0000144     8708894     8681930     8615211     8659664
0000160     8691922     8708007      556143      597389
0000176      520240      572327      572400      545024
0000192      633947      475225      664514      497452
0000208      515190      559244      561019      533603
0000224      523119      600853      522037      500031
0000240      511238      548379      523365      515377
0000256      513994      448515      534121      457800
0000272      524274      471789      494894      455285
0000288      508358      504059     8875648     9030757
0000304     8893456     9070075     9055562     9146204
0000320     9038915     9068919     9071740     9059251
0000336     9042003     9250275     9048520     9088148
0000352     9136004     9357584     8963651     9165268
0000368     9105774     9042350     9286858     9044681
0000384     9360076     8915428     9303386     8899408
0000400     9241091     8960322     9109016     9000564
0000416     8995243     8902083     9536447     9547861
0000432     9587355     9624560     9573122     9537658
0000448     9579385     9648817     9574011     9638587
0000464     9492343     9535780     9683111     9659676
0000480     9506127     9961501     9529397     9699241
0000496     9538320     9444327     9645568     9411866
0000512     9623103     9361310     9914490     9407246
0000528     9637343     9453570     9591360     9491876
0000544     9441172     9475251
0000552
