0000000       13698      409330        1921           0
0000016           0           0           0           0
0000032           0           0        1527        3498
0000048        8915        5695        2595       17877
0000064       19751        4646       17749        1769
0000080        4759        7861           0       20013
0000096        4059       11198        1377        3531
0000112       15140        3622        7400       33358
0000128        2339        4991        3381        4077
0000144        2516        6154       11055       20514
0000160       23152       25388        3437        5215
0000176        8882        6659        8472        2363
0000192        4870        1305        7958        3258
0000208        4029        4134        3891        5419
0000224        6511        1706        1798        4465
0000240        2635       12840        8167        1346
0000256        1809       11712        9815        3307
0000272        4325        1260        1109        2473
0000288        8530        1377       24317       19370
0000304       18861       19766       31754       17135
0000320        4918        8237       40650        6365
0000336       13000       26843        7236       16768
0000352        7318        4281        9906        8110
0000368       12922       18925        5431        7566
0000384       28160       18422       16084        2160
0000400       32238       19479        5665        8155
0000416        5586        5236       29558       22329
0000432       17349       23780       44510       13863
0000448       28425       34619       15318       37507
0000464        5207       31215       29736       17887
0000480       36002       12631       13024       14379
0000496        4281        2481       26884        5344
0000512        8467        6347       19057       24407
0000528        5136       11511       18890       24949
0000544       28138       27460
0000552
