0000000       38429     4039666        1922           0
0000016           0           0           0           0
0000032           0           0      240912      224226
0000048      200972      197968      114024      193977
0000064      176520      119315      180622      143652
0000080      159571      104879      192005      108998
0000096      164989       92941      170355       98606
0000112      128733      133104      193684      108344
0000128      171461      101066      109961      167658
0000144      173998      169448      155128      162762
0000160      171530      135036      105078      191275
0000176      158696      240834      232672      154477
0000192      247151      245848      178335      223360
0000208      143137      211456      177854      112496
0000224      191129      126172      102619      197232
0000240      174368      227228      241656      152631
0000256      194437      173786      142514      270718
0000272      143473      229931      150850      117998
0000288      139846      131557      107945      128761
0000304      137083      116086      144237      133630
0000320       89986      193985      127447      135798
0000336      118762      162137      141547      171266
0000352      163997       90556      123847      124355
0000368      119905      132190      106542      114350
0000384       97161       89786      161914      109720
0000400      103764      107422       93840       84585
0000416      119003      183039      163696      127832
0000432      142435      160088      161629      165305
0000448      108964      145354      123869      118971
0000464      135952      140997      119817       98780
0000480      109863       91199      100236      127833
0000496      106792      143693      192991       94350
0000512      106004      192073      127332      170884
0000528      118432      107605       86513      103703
0000544       91076       91723
0000552
