0000000       44743     4025989        1919           0
0000016           0           0           0           0
0000032           0           0      102243       98050
0000048       94380       98095       70383       90578
0000064       87244       81583       85689       93183
0000080      107518       69526       90625       72155
0000096       85348       65668       95843       72411
0000112       83411       87579       92710       71455
0000128       86226       70120       75419      107956
0000144       90939       92811       94518       88663
0000160       91555       73188       77252       88696
0000176       82036      104637       95212       82563
0000192      115642      101232       81514       94478
0000208       76420       92983       89773       70200
0000224       92020       79568       69173       92701
0000240       82331       98158      104673       78277
0000256       89634       80089       84615      120254
0000272       88095       98922       84900       72933
0000288       76402       84989       70313       75084
0000304       71556       72427       83812       85026
0000320       64061       89401       92385       88773
0000336       77314       85529       81066      107274
0000352      104588       69006       81709       76587
0000368       78291       76027       69414       81709
0000384       67745       64507       93371       79265
0000400       73235       70591       68722       62500
0000416       79527      104249       79770       76594
0000432       82991       77770       84384       86845
0000448       74333       75780       86219       76491
0000464       84040       84134       76551       65158
0000480       70882       66368       67078       78310
0000496       75755       96740      105163       70552
0000512       77843       97659       75863       88974
0000528       77976       69273       62937       70143
0000544       65219       67791
0000552
