0000000       31290     4104003        1925           0
0000016           0           0           0           0
0000032           0           0    18057460    18075882
0000048    18084921    17980165    18138598    18017923
0000064    18105579    18032043    18104098    17976888
0000080    17980301    18086534    18089415    18140484
0000096    18101922    18104943    18067953    18136396
0000112    18100717    18095637    18022268    18147932
0000128    18050984    18141734    18054810    17971740
0000144    18020587    18080326    17996906    18107841
0000160    18095024    18167449    18101331    18118342
0000176    18145266    18015059    18112633    18062149
0000192    18027579    18013461    18138330    18045671
0000208    18147005    18047164    18095865    18173246
0000224    18097475    18085309    18162005    18096074
0000240    18129663    18083809    18012099    18144297
0000256    18050631    18130015    18031788    17989757
0000272    18027142    18087057    18047223    18152522
0000288    18145625    18123585    18403480    18396822
0000304    18410522    18343760    18359146    18299468
0000320    18427447    18310716    18309872    18254243
0000336    18372026    18319395    18383650    18247123
0000352    18264883    18339908    18351998    18391998
0000368    18390766    18408435    18374707    18351262
0000384    18370224    18413702    18275778    18362811
0000400    18341760    18406459    18341871    18427105
0000416    18378957    18320208    18430027    18420500
0000432    18388957    18361349    18393124    18309783
0000448    18404848    18353191    18351002    18329260
0000464    18371127    18314823    18388553    18434751
0000480    18406180    18376369    18420081    18404463
0000496    18381452    18320832    18255149    18408176
0000512    18318317    18337229    18358071    18359413
0000528    18330721    18418120    18382427    18407961
0000544    18436245    18433546
0000552
