0000000        3743     4117628        1924           0
0000016           0           0           0           0
0000032           0           0     8378617     8423609
0000048     8435331     8111345     8298912     8135451
0000064     8377324     8101761     8335946     8023769
0000080     8309152     8124031     8261485     8356956
0000096     8349494     8250844     8350290     8422271
0000112     8338576     8402798     8089400     8300574
0000128     8183373     8276423     8243919     8206513
0000144     8193922     8367272     8292101     8362322
0000160     8382405     8374878     8497139     8485438
0000176     8647327     8271860     8377837     8312463
0000192     8760601     8173304     8484863     8533060
0000208     8497299     8475518     8434461     8702218
0000224     8773848     8598982     8397245     8592573
0000240     8416231     8424481     8386985     8359534
0000256     8498920     8282620     8395867     8285491
0000272     8394396     8460921     8208138     8479292
0000288     8353300     8537338    10958025    11032842
0000304    10789828    10769727    10866485    10841222
0000320    11143335    10775669    10964203    10805096
0000336    10987483    11001250    11110989    10698504
0000352    10950505    11115067    10819498    11144102
0000368    11053544    11168825    10840199    10961802
0000384    11049176    10874058    10770866    10878252
0000400    10791193    10879428    10834135    10896675
0000416    10835661    10929050    13857039    13620191
0000432    13441031    13020053    13287930    12811713
0000448    13414689    12803498    13335243    12859933
0000464    13312765    12970735    13215602    13336812
0000480    13233696    13257716    13110165    13401201
0000496    13170728    13100717    12772291    13197543
0000512    12998542    12940161    13025975    13072298
0000528    12869273    13075811    12997443    13104894
0000544    13088064    13315013
0000552
