0000000       24232     4078611        1923           0
0000016           0           0           0           0
0000032           0           0      352854      330427
0000048      330234      324448      277132      308943
0000064      290756      296311      292977      331153
0000080      374478      276702      310496      279970
0000096      320326      266502      327040      282241
0000112      317097      318383      319565      282679
0000128      291606      277434      293746      400149
0000144      307944      326091      320364      310762
0000160      326605      276834      305132      287338
0000176      268819      300856      294307      281768
0000192      344027      313814      262835      289178
0000208      264626      288788      295755      254331
0000224      296308      270647      244551      287667
0000240      264469      301279      308378      275469
0000256      279111      265025      295139      364530
0000272      288289      296546      278074      256799
0000288      276225      290615      211489      212973
0000304      200693      211837      238354      240418
0000320      201163      231975      269982      267552
0000336      227464      232511      222117      319068
0000352      313442      225575      251072      214653
0000368      220188      208153      200039      246075
0000384      200428      209176      251410      245717
0000400      213271      208340      218607      203436
0000416      245596      267958      218004      217657
0000432      241052      207583      223867      230674
0000448      222247      209268      256297      227784
0000464      236841      243203      220105      194412
0000480      211570      204812      212540      211064
0000496      234125      289251      276307      220362
0000512      239832      260231      208059      232674
0000528      226010      200621      192469      205845
0000544      206001      207689
0000552
