0000000       16596     4092276        1920           0
0000016           0           0           0           0
0000032           0           0    17507495    17512844
0000048    17525138    17368439    17558107    17389271
0000064    17506834    17416575    17509688    17367006
0000080    17457601    17457539    17508265    17559871
0000096    17534685    17470782    17503858    17555321
0000112    17541535    17532190    17394114    17560741
0000128    17412533    17550382    17443572    17460291
0000144    17389401    17512154    17382119    17532551
0000160    17532497    17574476    17529364    17564722
0000176    17562354    17380187    17530069    17441199
0000192    17456351    17385839    17522297    17403610
0000208    17545551    17414901    17511062    17570169
0000224    17506845    17468782    17557237    17498503
0000240    17523756    17490819    17390186    17551214
0000256    17420501    17524707    17431837    17442796
0000272    17426448    17492762    17434813    17560176
0000288    17566680    17551853    17574926    17563997
0000304    17573411    17505166    17542196    17468403
0000320    17580641    17460413    17506146    17445015
0000336    17545055    17475373    17548591    17469746
0000352    17483690    17516988    17538952    17554393
0000368    17555278    17563643    17520706    17532477
0000384    17519263    17572552    17437942    17540970
0000400    17493160    17567326    17510044    17581708
0000416    17555564    17506973    17605163    17594584
0000432    17576896    17558632    17577421    17523846
0000448    17580665    17550888    17551619    17544154
0000464    17561035    17533877    17574193    17602490
0000480    17586052    17570905    17593231    17577818
0000496    17568627    17529439    17492060    17577598
0000512    17540091    17542412    17553577    17552153
0000528    17543845    17588046    17576327    17581664
0000544    17594309    17592207
0000552
