0000000       17094     9618731        9559           0
0000016           0           0           0           0
0000032           0           0       70339       50330
0000048       84951       47769       71899       65194
0000064       47712       67510       37633       65336
0000080       66688       50196       48282       58127
0000096       48320       53813       59769       42616
0000112       84558       57187       53415       91128
0000128       46726       50672       53101       63951
0000144       70958       60372       57495       69772
0000160       48646       45975       24018       46706
0000176       46708       40760       51287       30828
0000192       32587       40739       32277       39840
0000208       30818       50740       41777       48398
0000224       73589       52052       42702       32140
0000240       29230       45651       37164       26824
0000256       36760       42881       29692       38054
0000272       31432       31655       51836       31567
0000288       64793       55906      107211       64768
0000304       81453       73912       83001      150637
0000320       56954       82239       84578      147852
0000336       75235      116793      111226       88145
0000352      112721       62120      113583       65846
0000368       96133       81025      107283      110265
0000384      145810      186487       86431      212588
0000400       75295      144955      149763      127289
0000416      113100      131168       52556       41327
0000432       39964       52009       73796       66378
0000448       37629       53181       43220       49942
0000464       33632       65080       54004       42931
0000480       37040       42068       51968       39282
0000496       31636       42411       61251       52818
0000512       37034       51868       27727       44591
0000528       44821       49784       42071       40731
0000544       33279       46248
0000552
