0000000           0           0           0           2
0000016           2           0           1           2
0000032           1           0           0           1
0000048           1           0           1           2
0000064           1           0           0           0
0000080           0           0           1           2
0000096           2           1           0           1
0000112           3           1           0           2
0000128       12986    10799993        9563           0
0000144           0           0           0           0
0000160           0           0           0           0
0000176           0           0           1           0
0000192           0           0           0           0
0000208           1           0           2           1
0000224           0           0           1           0
0000240           0           0           1           0
0000256           0           0           0           2
0000272           0           1           0           2
0000288           0           0           1           2
0000304           0           0           0           0
0000320           0           0           1           1
0000336           1           1           0           0
0000352           1           1           0           2
0000368           0           1           0           1
0000384           0           0           0           2
0000400           0           1           0           0
0000416           0           0           1           0
0000432           0           0           2           0
0000448           1           0           0           1
0000464           1           0           2           2
0000480           0           1           0           0
0000496           0           1           0           0
0000512           2           0           0           1
0000528           1           0           0           1
0000544           1           0
0000552
