0000000           4           0           1           1
0000016           4           6           1           0
0000032           3           2           0           2
0000048           2           0           0           0
0000064           0           1           2           1
0000080           0           1           2           0
0000096           0           3           3           2
0000112           4           0           1           6
0000128       50345    10649179       11502           0
0000144           0           0           0           0
0000160           0           0           0           1
0000176           5           1           1           1
0000192           0           0           2           2
0000208           2           0           1           4
0000224           2           3           0           1
0000240           0           2           0           1
0000256           0           1           1           2
0000272           1           0           1           1
0000288           0           1           0           0
0000304           2           1           0           0
0000320           0           1           1           1
0000336           0           0           0           0
0000352           0           0           0           1
0000368           0           1           2           1
0000384           0           1           0           0
0000400           0           0           0           0
0000416           2           1           3           0
0000432           0           2           1           2
0000448           0           0           4           1
0000464           0           1           1           1
0000480           1           0           2           0
0000496           2           0           0           0
0000512           0           0           1           1
0000528           1           0           0           1
0000544           0           1
0000552
