0000000         130         159         115         245
0000016         366         234         154         106
0000032         243         185         109        1073
0000048         241         156         125         195
0000064         183         181          93         189
0000080         186         143         131         139
0000096          91         161         184         231
0000112         199         122         117         243
0000128       26860    10217246        9559           0
0000144           0           0           0           0
0000160           0           0         106         114
0000176         259         112         152         100
0000192          97         125         104          85
0000208         142         150         125         146
0000224          84         184         101          96
0000240         140         168          98         171
0000256         120         111         124         163
0000272         122         180          90         147
0000288         107         113          69         149
0000304          83         113         194          59
0000320         104          80          68         106
0000336         118          92          88         122
0000352         176         149         119          92
0000368          35          86         101          75
0000384         118         114          81         108
0000400          55          96         145         127
0000416         173         163         166          99
0000432         101          91         153         174
0000448          91          85         130         133
0000464          96          80         124          51
0000480         115          41         105         115
0000496         106         104          60         114
0000512         120          90         134          72
0000528         134         105          92          51
0000544         126         110
0000552
