0000000       28513     9512489        9581           0
0000016           0           0           0           0
0000032           0           0           2           1
0000048          17           0           7           5
0000064           4           5           4           0
0000080           3           3           2           7
0000096           2           9           6           3
0000112           7           8           3          14
0000128           8           1           3           4
0000144           6           3           2           8
0000160           3           3           0           2
0000176           2           3           4           0
0000192           2           0           2           3
0000208           0           7           3           3
0000224           9           6           1           2
0000240           0           2           6           1
0000256           2           9           1           7
0000272           2           3          10           2
0000288          20          16          23           5
0000304           5           7          19          19
0000320          10          12           8           9
0000336           7          10          13           6
0000352          18           2           5           6
0000368           4           6           1          18
0000384           7           9          22           1
0000400           5          13           7           4
0000416          12          14           4           3
0000432           0          11          18          17
0000448           1           3           1          12
0000464           2          14          10           5
0000480           0           5           7           5
0000496           0           3           3           4
0000512           2           9           3           2
0000528           3           3           6           5
0000544           1           6
0000552
