0000000       39239     9639972        9558           0
0000016           0           0           0           0
0000032           0           0    86165656    86139552
0000048    86116284    86069356    86120692    86048382
0000064    86114691    86056250    86111809    86078253
0000080    86105995    86046910    86109787    86134186
0000096    86158539    86020773    86131478    86118871
0000112    86133371    86105647    86067960    86117563
0000128    86013872    86096473    86043781    86103284
0000144    86013161    86086311    86031616    86104639
0000160    86126302    86131029    86281556    86224054
0000176    86212151    86177127    86226826    86175275
0000192    86219924    86177683    86226311    86178345
0000208    86229932    86180407    86213650    86244924
0000224    86205367    86177159    86210029    86235490
0000240    86212577    86198764    86174589    86220031
0000256    86172844    86201065    86172319    86205112
0000272    86170123    86195589    86160627    86199574
0000288    86201652    86205124    86505094    86503405
0000304    86500145    86462998    86499697    86451402
0000320    86499463    86465201    86492997    86465232
0000336    86506052    86467689    86511508    86499287
0000352    86506016    86477286    86508210    86510304
0000368    86501750    86500667    86465803    86499879
0000384    86461439    86492913    86461874    86493994
0000400    86453951    86501395    86457864    86500577
0000416    86497837    86507517    86292875    86262507
0000432    86256081    86221829    86254738    86221676
0000448    86244602    86225002    86241149    86221128
0000464    86238191    86219282    86247284    86245947
0000480    86245610    86223092    86246462    86241314
0000496    86236862    86236235    86225054    86238747
0000512    86216684    86234063    86218179    86232324
0000528    86212197    86230949    86215230    86238155
0000544    86236092    86242909
0000552
