0000000  -286331154  -286331154  -286331154  -286331154
0000016  -286331154  -286331154  -286331154  -286331154
0000032  -286331154  -286331154  -286331154  -286331154
0000048  -286331154  -286331154  -286331154  -286331154
0000064  -286331154  -286331154  -286331154  -286331154
0000080  -286331154  -286331154  -286331154  -286331154
0000096  -286331154  -286331154  -286331154  -286331154
0000112  -286331154  -286331154  -286331154  -286331154
0000128       25574     9877404       15279           0
0000144           0           0           0           0
0000160           0           0     1031895      828801
0000176     1280802      952171     1224091      875031
0000192      844855      987197      978772      633376
0000208     1094760     1078187     1045325     1108135
0000224      998827     1171759      911928      865989
0000240     1159756      972704      833161     1171409
0000256      966245      731750      918034     1221132
0000272     1004049     1155068      884562     1046860
0000288      966442      830713      752609     1142447
0000304     1004330     1069818     1686766      720673
0000320     1009300      878993      928434      949250
0000336      972121      974723      932357     1098701
0000352     1125816     1164647      949925     1047127
0000368      584834      908959      887236      705108
0000384      973334     1045761      773385      923015
0000400      586155      900193     1202047     1027620
0000416     1214242     1256476      970077      750687
0000432      861880      623425      991887     1189265
0000448      759179      764443      938702      852817
0000464      743130      779224      870552      341822
0000480      891072      311640      705089      908007
0000496      801714      789188      446636      921597
0000512      828029      606648      885138      323284
0000528      911128      898559      620251      536414
0000544      894835      684965
0000552
