0000000           0           0           0           0
0000016           2           0           1           1
0000032           1           1           0           0
0000048           0           1           0           1
0000064           1           1           0           1
0000080           0           1           0           0
0000096           0           1           0           0
0000112           1           2           2           1
0000128         311    10910312        9557           0
0000144           0           0           0           0
0000160           0           0           3           2
0000176           1           1           0           1
0000192           0           1           1           0
0000208           1           3           1           2
0000224           0           0           1           0
0000240           2           1           2           0
0000256           0           0           1           0
0000272           1           2           0           0
0000288           0           0           1           1
0000304           1           0           0           0
0000320           0           0           0           0
0000336           0           2           0           2
0000352           1           0           1           0
0000368           0           0           1           0
0000384           0           0           0           0
0000400           0           0           1           1
0000416           0           0           1           1
0000432           0           0           0           2
0000448           2           0           1           1
0000464           1           1           3           1
0000480           0           0           0           0
0000496           2           0           2           2
0000512           0           0           0           2
0000528           2           1           0           0
0000544           0           0
0000552
