0000000       42850     9580052        9558           0
0000016           0           0           0           0
0000032           0           0        1269         741
0000048        2984         738        1525        1071
0000064         658        1280         688         775
0000080        1367         929         700        1007
0000096         684        1122        1084         654
0000112        1641        1340         758        2074
0000128         939         671         875        1149
0000144        1604        1087         927        1331
0000160         688         651         132         755
0000176         579         559         678         322
0000192         408         437         397         465
0000208         318         677         523         786
0000224        1476         923         467         330
0000240         233         552         416         224
0000256         416         615         281         431
0000272         290         391         849         473
0000288        1256        1113        2406         761
0000304        1031         801        1461        3010
0000320         681         905        1234        1861
0000336         796        1270        1369         576
0000352        1396         377        1152         876
0000368        1162         891         757        1470
0000384        1683        1476        1174        1160
0000400        1077        1767        1161         858
0000416        1372        1232         829         602
0000432         539        1017        1577        1402
0000448         602         641         855         926
0000464         436        1651         975         671
0000480         514         707         845         593
0000496         365         733         866         721
0000512         658         805         286         742
0000528         796         934         754         648
0000544         455         833
0000552
