0000000       14329     9493130        9558           0
0000016           0           0           0           0
0000032           0           0           3           3
0000048          14           2           1           1
0000064           1           0           4           2
0000080           0           0           2           0
0000096           1           3           0           1
0000112           2           2           1           5
0000128           1           1           1           1
0000144           0           3           1           0
0000160           0           0           1           2
0000176           0           0           0           1
0000192           4           1           1           1
0000208           0           0           2           2
0000224           1           4           0           3
0000240           0           1           0           1
0000256           1           0           0           1
0000272           1           1           2           2
0000288           2           2           4           1
0000304           0           3           8           6
0000320           1           3           2           2
0000336           1           0           4           2
0000352           2           0           3           2
0000368           0           1           1           4
0000384           3           3           3           1
0000400           1           2           2           2
0000416           1           3           2           2
0000432           0           3           1           2
0000448           1           0           2           1
0000464           2           3           2           0
0000480           0           0           1           1
0000496           0           0           3           2
0000512           0           2           0           1
0000528           2           2           2           0
0000544           0           2
0000552
