0000000       12304       13226       10806       15720
0000016       19520       15194       13575        9034
0000032       16017       13367        9978       19641
0000048       15491       12532       10870       15341
0000064       13969       13447        8652       14750
0000080       12239       12917       11956       11551
0000096        9118       12940       13772       16490
0000112       14205       11585        9609       15784
0000128       34903    10039220        9558           0
0000144           0           0           0           0
0000160           0           0        8440        7154
0000176       12906        9119        9687        7109
0000192        7429        8492        7631        6995
0000208        9303        9042        8876        9630
0000224        8080       11294        7162        6762
0000240       10094        8128        7193       10065
0000256        7604        7202        7641       10786
0000272        8390       10150        7087        8742
0000288        7691        7588        7541       10167
0000304        8037        8534       14834        5295
0000320        7949        8121        6809        7241
0000336        8170        7423        7298        8616
0000352       10347        9798        8050        7860
0000368        5918        7197        8258        7523
0000384        8395        8554        6505        7434
0000400        5401        6582       10044        8280
0000416       11291       11801        8985        6387
0000432        7868        6731        8826       10932
0000448        6676        6910        8277        8075
0000464        6688        6866        7710        5534
0000480        8036        5241        7655        8118
0000496        7583        7434        5833        8098
0000512        7816        6779        7754        6110
0000528        8579        8045        7192        6334
0000544        7703        6899
0000552
