0000000           1           1           0           2
0000016           1           1           1           2
0000032           2           0           0           2
0000048           1           1           1           1
0000064           1           0           1           0
0000080           1           1           0           0
0000096           1           0           0           0
0000112           1           0           0           1
0000128       50060    10751588        9551           0
0000144           0           0           0           0
0000160           0           0           2           1
0000176           1           0           2           0
0000192           1           1           1           0
0000208           0           2           1           1
0000224           2           0           1           0
0000240           1           1           0           0
0000256           0           1           0           0
0000272           0           0           1           0
0000288           0           1           0           0
0000304           0           0           0           1
0000320           0           0           1           1
0000336           0           0           2           0
0000352           0           0           1           2
0000368           1           1           1           2
0000384           0           0           1           2
0000400           1           1           2           1
0000416           0           0           1           3
0000432           1           0           0           0
0000448           0           0           0           1
0000464           1           0           0           1
0000480           3           0           1           0
0000496           1           0           2           0
0000512           1           0           3           0
0000528           0           1           0           1
0000544           1           0
0000552
