0000000       20765     9719301        9558           0
0000016           0           0           0           0
0000032           0           0    91498272    91250776
0000048    91229041    89831054    91000324    89578514
0000064    90813048    89434567    90935730    89424839
0000080    90665629    90017962    90824162    90740549
0000096    90972055    90226312    90829205    90651074
0000112    90611671    90574310    89752181    90354944
0000128    89770409    90326688    89782180    90451873
0000144    89574276    90359716    89648470    90307306
0000160    90576486    90481947    91002832    91111377
0000176    91008733    90919267    91026637    90906460
0000192    90984970    90909927    90964359    90916132
0000208    90977686    90913527    90945584    90950028
0000224    90925683    90917830    90918707    90941547
0000240    90916565    90910698    90885092    90908033
0000256    90878420    90897063    90878071    90902664
0000272    90872446    90894096    90868971    90905535
0000288    90900153    90911296    88807942    89012801
0000304    88588373    87531346    88581291    87102399
0000320    88709829    87437770    88431780    87207002
0000336    88585028    87427781    88519433    88124237
0000352    88260346    87896007    88228560    88655229
0000368    88204517    88411060    87351377    88237497
0000384    87169892    87798553    87535795    87829841
0000400    87388196    88068390    87033817    88098671
0000416    88312739    88240375    92830508    92815436
0000432    92796047    92743675    92777099    92723629
0000448    92773424    92720431    92757235    92734463
0000464    92751009    92728243    92764404    92753966
0000480    92755724    92737418    92747143    92738789
0000496    92726229    92725726    92702198    92713315
0000512    92699865    92706266    92699117    92705206
0000528    92687318    92702596    92688707    92706428
0000544    92704523    92707956
0000552
