0000000       29196     9680580        9558           0
0000016           0           0           0           0
0000032           0           0    91037372    91032948
0000048    91012656    91014553    91036737    91001678
0000064    91048487    90996181    91065974    91015479
0000080    91052712    90974425    91082359    91107201
0000096    91138830    90962596    91115532    91089742
0000112    91099633    91066990    91001628    91086423
0000128    90971857    91051633    90989026    91051449
0000144    90967933    91041353    90985056    91054261
0000160    91082010    91060232    91107438    91122703
0000176    91096641    91019036    91086954    91016385
0000192    91061214    91016871    91060709    91018494
0000208    91060857    91018574    91059955    91075306
0000224    91056034    91022526    91046807    91053745
0000240    91046523    91047142    91013651    91047176
0000256    91012344    91045951    91012501    91054008
0000272    91010619    91039970    91008759    91041515
0000288    91059016    91061893    91018567    91014477
0000304    91014717    91007114    91013173    91004251
0000320    91010806    91006809    91010623    91006085
0000336    91010818    91006854    91012455    91010407
0000352    91011299    91007262    91012012    91009910
0000368    91011352    91010852    91006794    91011817
0000384    91005397    91011841    91005277    91012144
0000400    91004322    91013634    91006274    91013863
0000416    91015333    91018941    91028584    91020549
0000432    91017984    91008184    91018618    91007566
0000448    91014570    91008500    91012978    91007720
0000464    91012083    91007284    91014391    91013201
0000480    91012544    91007017    91013700    91012271
0000496    91011728    91012290    91007961    91013295
0000512    91007078    91012190    91007542    91012232
0000528    91006069    91012027    91006753    91014235
0000544    91013732    91017396
0000552
