0000000         420     1994118        1929           0
0000016           0           0           0           0
0000032           0           0    18943973    18941192
0000048    18941285    18939069    18938900    18939451
0000064    18939343    18940829    18937587    18943499
0000080    18938862    18944692    18938318    18939049
0000096    18939446    18940393    18938605    18938856
0000112    18938743    18938949    18938109    18938879
0000128    18933635    18937132    18933552    18937797
0000144    18935387    18937305    18930752    18936973
0000160    18937982    18937043    18945972    18948314
0000176    18947545    18934380    18943920    18932625
0000192    18942668    18933736    18941970    18934849
0000208    18941914    18935422    18945026    18945199
0000224    18942525    18934541    18944591    18943637
0000240    18944109    18938557    18934282    18940683
0000256    18928468    18940103    18931529    18940216
0000272    18930402    18936678    18922238    18937994
0000288    18940031    18941855    18938301    18938451
0000304    18937572    18934327    18937564    18933663
0000320    18937503    18935022    18937455    18934935
0000336    18938244    18933922    18939041    18937491
0000352    18938025    18935771    18937637    18936787
0000368    18937024    18936709    18933195    18936607
0000384    18932605    18936675    18932828    18936454
0000400    18933377    18936232    18932535    18936734
0000416    18936910    18936763    18743852    18742564
0000432    18738622    18730652    18737098    18728583
0000448    18735534    18725160    18733905    18728435
0000464    18733424    18731487    18733800    18732438
0000480    18732008    18730506    18731672    18731722
0000496    18730462    18729905    18725076    18728610
0000512    18725161    18727625    18721897    18727832
0000528    18724024    18726962    18724105    18727553
0000544    18727763    18727853
0000552
