0000000        9881     2019551        1925           0
0000016           0           0           0           0
0000032           0           0      127481      149856
0000048      155788      136112      133185      145842
0000064      139299      141611      146924      132118
0000080      152687      135091      137755      151976
0000096      140482      138795      173381      142312
0000112      129999      144593      152108      129769
0000128      130629      139768      140457      133966
0000144      127073      142902      142772      164925
0000160      168838      148287      375259      447504
0000176      520821      370991      387759      405556
0000192      449631      349267      521885      345749
0000208      448721      373023      396555      368561
0000224      393025      485278      428014      422439
0000240      347466      378878      382387      411664
0000256      357360      344306      438608      337863
0000272      366485      380189      469627      395000
0000288      344975      350873      152107      155612
0000304      171016      153530      159795      155758
0000320      144427      124497      170299      152305
0000336      131488      135933      145663      141322
0000352      127728      136516      149102      170223
0000368      141874      144590      171001      158225
0000384      156881      151404      150627      141577
0000400      136365      146286      142603      121671
0000416      146876      144073      129947      174893
0000432      156030      150124      126473      128964
0000448      138113      155024      127789      137247
0000464      151715      154696      161617      157449
0000480      136106      174659      150948      134644
0000496      140506      139841      140138      151163
0000512      133249      141316      151931      154487
0000528      140320      166704      149749      141100
0000544      149146      143835
0000552
