0000000       19842     2359115        1919           0
0000016           0           0           0           0
0000032           0           0         895        1276
0000048        1982        1277         931         908
0000064        1328        1621        1910        1025
0000080        1598         845        1632        2370
0000096        1830        1711        2266        1440
0000112        1530        1552        1663         476
0000128        1193        1978        1334         259
0000144         552        1157        1988        2465
0000160        1970        2087        2122        1752
0000176        2652        2149        1990        1830
0000192        1718        1698        1872        1672
0000208        2344        1446         879        1122
0000224        2206        1614        1915        1706
0000240        1026        2491        1492        1966
0000256        1962        1965        1924        1529
0000272        1788        2104        3263        2866
0000288        1137        1624        2301        2398
0000304        3129        2609        2408        2668
0000320        2187        1659        2691        2129
0000336        1836        2102        2119        2078
0000352        1726        1650        2228        2925
0000368        2239        2181        2626        2514
0000384        2334        2187        2335        2143
0000400        1720        2056        2160        1340
0000416        2128        1935        1791        2818
0000432        2374        2131        1565        1809
0000448        2327        2521        1588        1889
0000464        2397        2336        2322        2115
0000480        1994        2805        2391        1580
0000496        2259        2054        2029        2061
0000512        1874        2131        2395        2266
0000528        1880        2786        1941        2290
0000544        2126        2168
0000552
