0000000       22422     1953097        1922           0
0000016           0           0           0           0
0000032           0           0         379         375
0000048         838         388         368         455
0000064         250         561         579         308
0000080         447         432         551         619
0000096         682         472        1009         271
0000112         630         323         562         234
0000128         245         639         260         320
0000144         179         365         649         887
0000160         936         580          54         113
0000176         152         164         130         132
0000192          66         146          87         150
0000208         179          85          18          77
0000224         181          84          87         114
0000240          46         264          58         159
0000256         165         105         106         104
0000272         113         142         204         274
0000288          78          95        1447        1344
0000304        2669        1850        1609        1392
0000320         606         783        1035         868
0000336        1173        1486        1691        1226
0000352        1248         347        1193        1840
0000368         884         918         787        1168
0000384        1207        1849         781        2108
0000400         663        1031        1585         417
0000416        1432         419        4104        5671
0000432        4716        3406        1862        3488
0000448        3153        5749        1937        4027
0000464        2890        4763        3222        2119
0000480        2942        3412        3559        1519
0000496        3561        3249        5161        2583
0000512        2136        3382        4399        2356
0000528        1964        5128        2208        2468
0000544        2102        1869
0000552
