0000000       60488     2413417        1920           0
0000016           0           0           0           0
0000032           0           0          29          35
0000048          50          44          28          44
0000064          45          55          44          30
0000080          44          31          33          60
0000096          49          46          72          39
0000112          31          50          38          20
0000128          30          61          28          30
0000144          27          40          61          52
0000160          50          57          38          26
0000176          60          49          39          53
0000192          31          26          42          40
0000208          54          41          23          30
0000224          51          33          34          32
0000240          20          51          37          35
0000256          41          39          35          25
0000272          36          53          71          66
0000288          22          29          53          69
0000304          91          65          76          65
0000320          35          43          61          50
0000336          30          47          43          60
0000352          20          28          44          72
0000368          40          51          54          55
0000384          53          51          44          43
0000400          35          34          61          27
0000416          45          35          53          83
0000432          53          52          25          39
0000448          62          59          23          41
0000464          52          66          50          43
0000480          46          70          58          28
0000496          49          46          40          36
0000512          29          52          58          47
0000528          41          73          43          54
0000544          40          45
0000552
