0000000       26099     2473923        1920           0
0000016           0           0           0           0
0000032           0           0           0           3
0000048           1           0           0           1
0000064           1           1           1           0
0000080           1           3           0           3
0000096           3           1           1           2
0000112           1           0           1           0
0000128           2           2           1           1
0000144           2           1           2           1
0000160           1           0           1           2
0000176           0           0           0           2
0000192           0           0           2           0
0000208           2           0           0           1
0000224           1           2           1           0
0000240           1           2           1           1
0000256           1           1           0           0
0000272           1           1           0           1
0000288           1           2           1           2
0000304           8           1           1           2
0000320           4           0           2           1
0000336           0           1           1           3
0000352           1           0           0           4
0000368           1           2           3           1
0000384           1           0           0           1
0000400           0           1           3           0
0000416           0           1           0           3
0000432           1           2           1           0
0000448           2           4           1           3
0000464           1           0           1           0
0000480           0           4           1           2
0000496           1           0           2           2
0000512           0           1           2           2
0000528           1           3           0           0
0000544           1           1
0000552
