0000000       65213     2448521        1925           0
0000016           0           0           0           0
0000032           0           0           5           7
0000048          26           5           2           4
0000064           9          12          31           3
0000080           9           2          10          40
0000096          23          16          27           9
0000112          12           9          13           1
0000128           5          32           7           2
0000144           1           1          31          39
0000160          31          49           3          15
0000176           4          26          16          12
0000192          12          12          16           9
0000208          42           4           1           3
0000224          32           5           7          15
0000240           1          51           0          16
0000256          33          10          16           6
0000272          14          22          29          22
0000288           4          11          31          43
0000304          50          44          39          45
0000320          22          18          44          26
0000336          18          38          29          32
0000352          18           8          34          46
0000368          23          19          31          40
0000384          25          44          32          22
0000400           8          19          25           5
0000416          24           3          32          44
0000432          23          29           2          12
0000448          34          35          13          18
0000464          27          37          23          14
0000480          19          31          23           3
0000496          26          16          22          10
0000512          10          20          37           7
0000528          12          39           7          25
0000544          15          15
0000552
