0000000       58604     2497337        1921           0
0000016           0           0           0           0
0000032           0           0           0           0
0000048           0           0           1           0
0000064           0           0           1           0
0000080           0           0           1           1
0000096           3           1           1           1
0000112           0           0           0           0
0000128           0           1           0           0
0000144           0           1           0           0
0000160           0           0           0           0
0000176           0           1           0           1
0000192           0           0           0           0
0000208           1           0           0           0
0000224           1           1           0           1
0000240           0           0           0           0
0000256           1           0           0           0
0000272           0           0           2           0
0000288           0           0           1           2
0000304           1           2           2           4
0000320           1           0           3           0
0000336           0           2           0           1
0000352           0           0           0           0
0000368           0           1           0           0
0000384           0           3           1           2
0000400           0           4           4           0
0000416           1           1           1           1
0000432           0           0           0           0
0000448           0           0           0           1
0000464           0           1           2           1
0000480           0           2           3           0
0000496           2           1           2           1
0000512           0           0           1           1
0000528           0           0           1           4
0000544           0           1
0000552
