0000000        7422     2544187        1921           0
0000016           0           0           0           0
0000032           0           0           0           0
0000048           1           0           1           0
0000064           0           0           0           1
0000080           0           1           1           0
0000096           1           0           0           1
0000112           0           0           0           0
0000128           0           1           0           0
0000144           0           0           1           0
0000160           0           0           0           0
0000176           0           0           0           0
0000192           1           0           0           0
0000208           0           1           0           0
0000224           1           1           1           1
0000240           1           0           1           1
0000256           0           0           0           1
0000272           1           0           0           0
0000288           1           1           0           0
0000304           0           0           0           1
0000320           0           0           1           1
0000336           0           0           0           0
0000352           1           1           0           2
0000368           0           0           1           0
0000384           1           0           1           1
0000400           0           0           0           0
0000416           1           1           1           1
0000432           0           1           0           0
0000448           0           1           1           0
0000464           1           1           1           1
0000480           0           1           0           0
0000496           0           0           0           0
0000512           1           0           1           0
0000528           0           0           0           0
0000544           0           0
0000552
