0000000       19211     2382217        1920           0
0000016           0           0           0           0
0000032           0           0           1           2
0000048           3           3           0           3
0000064           4           0           6           1
0000080           0           2           3           0
0000096           4           1           1           4
0000112           0           4           0           2
0000128           2           0           3           0
0000144           6           1           2           2
0000160           0           2           1           2
0000176           3           2           1           1
0000192           0           3           3           0
0000208           1           0           2           0
0000224           0           2           0           0
0000240           1           3           0           0
0000256           0           0           0           0
0000272           1           0           0           0
0000288           1           1           1           0
0000304           0           0           2           3
0000320           1           1           0           2
0000336           0           0           0           2
0000352           1           1           0           2
0000368           2           1           1           1
0000384           1           3           1           3
0000400           2           1           0           0
0000416           4           2           1           1
0000432           3           5           3           3
0000448           5           0           0           2
0000464           2           3           3           2
0000480           1           0           0           0
0000496           1           3           1           2
0000512           3           0           1           1
0000528           2           2           2           3
0000544           0           0
0000552
