0000000       59391     1994121        1920           0
0000016           0           0           0           0
0000032           0           0        1847        1684
0000048        1955        2613         115        1529
0000064        1415         786        2461        2206
0000080         938        1212        2524        1973
0000096        1112        1566        1219         837
0000112         200        1037        1919        1301
0000128         923        1853        1748         307
0000144        2857        1040         964         689
0000160         579        1271         690        2699
0000176        2282        1644        2158        1039
0000192         890        1605        2155         265
0000208         430         262        1531        2769
0000224         307        1587        1395         121
0000240         501        1566          90         379
0000256         396         594         237         663
0000272         693        1371         337         428
0000288         297        1835         683         187
0000304         869        1128        1076        2033
0000320        1349         500         435         743
0000336        1118        1479        1905        1689
0000352         854        1895         413        2079
0000368         829        1503         696        1272
0000384        1291        1711        2449        1205
0000400        1368        1858        1819        2242
0000416        1581        1610        1170        1591
0000432        2478        2741        2234        1116
0000448        1745         502        1690        1556
0000464        1178        1831        2056        1832
0000480        1831        1801        1838        2191
0000496        1127        1787         998         958
0000512        2800        2564         792         943
0000528         612        1723         922        2422
0000544        1787        2287
0000552
