0000000        8439     2052785        1926           0
0000016           0           0           0           0
0000032           0           0          36          27
0000048          39          67           2          30
0000064          31          11          55          51
0000080          16          12          61          30
0000096           8          26          21          14
0000112           6          17          40          24
0000128          14          29          30           3
0000144          69          23           7          10
0000160           7          26           5          72
0000176          42          38          44          11
0000192          14          23          43           1
0000208           1           4          20          66
0000224           0          30          28           4
0000240           6          35           0           3
0000256           7           8           2           8
0000272           9          19           1           2
0000288           6          37           6           3
0000304           7          18          15          41
0000320          26           7           2          15
0000336           8          28          39          29
0000352          20          29           7          40
0000368          11          16           5          12
0000384          18          39          61          23
0000400          21          31          36          47
0000416          20          39          26          32
0000432          43          78          54          25
0000448          42           1          39          35
0000464          21          43          44          49
0000480          38          30          41          51
0000496          16          25          14           8
0000512          69          68          10          13
0000528           8          34          14          41
0000544          44          61
0000552
