0000000       65091     2397759        1918           0
0000016           0           0           0           0
0000032           0           0           2           0
0000048           0           1           0           0
0000064           3           0           2           1
0000080           0           0           4           0
0000096           0           1           1           0
0000112           0           0           1           1
0000128           1           0           1           0
0000144           4           3           0           0
0000160           0           1           0           4
0000176           0           1           1           1
0000192           1           0           0           0
0000208           0           0           1           4
0000224           0           1           0           1
0000240           1           0           1           0
0000256           2           0           0           0
0000272           0           0           0           0
0000288           0           1           0           0
0000304           1           0           0           4
0000320           0           0           0           0
0000336           0           0           1           1
0000352           0           1           0           2
0000368           0           0           0           1
0000384           0           0           1           2
0000400           0           2           3           1
0000416           1           1           1           1
0000432           5           2           2           1
0000448           1           0           0           2
0000464           1           0           4           0
0000480           1           2           2           1
0000496           0           1           0           0
0000512           1           1           0           0
0000528           0           1           0           1
0000544           0           2
0000552
