0000000       11095     1917881        1922           0
0000016           0           0           0           0
0000032           0           0      160599      151724
0000048      165046      174991      154891      152684
0000064      156596      161016      192453      162023
0000080      162863      155678      172206      155792
0000096      159351      194493      161960      163022
0000112      148768      157163      159615      153009
0000128      168664      179549      179671      172521
0000144      181361      162019      161033      153604
0000160      150381      171764      167119      171158
0000176      211932      174471      178889      161640
0000192      187648      164468      169375      163292
0000208      154495      169113      179177      190312
0000224      162044      164236      161048      170368
0000240      159955      160556      155138      160074
0000256      146796      160696      161995      166464
0000272      161604      165025      156619      169716
0000288      167573      167534      149976      125969
0000304      161049      132695      168721      149673
0000320      133349      128731      148166      140741
0000336      134324      142738      163002      134817
0000352      150597      146170      145037      143916
0000368      129792      148186      131567      156667
0000384      155316      146983      147991      151438
0000400      149235      155229      153334      152565
0000416      157299      145888      158254      137473
0000432      158992      162743      151160      157970
0000448      153169      127616      154547      133298
0000464      133708      145796      141988      147697
0000480      150766      143817      163039      154379
0000496      150277      140838      147194      145941
0000512      169508      164628      137218      139824
0000528      142249      165682      146068      168046
0000544      145020      155029
0000552
