0000000       33731     1837756        3832           0
0000016           0           0           0           0
0000032           0           0       26558       20658
0000048       24818       30233       16844       24874
0000064       18692       20892       25097       22800
0000080       21575       20547       26729       20418
0000096       19517       21514       22767       21133
0000112       13291       18996       23786       18770
0000128       22587       25409       22972       24413
0000144       26793       16982       21390       16835
0000160       19415       20749       15592       26276
0000176       29053       22030       24830       20065
0000192       19112       21493       22137       17441
0000208       16768       17358       20718       32092
0000224       20157       21528       20147       13499
0000240       18938       21977       10383       16849
0000256       14824       20856       12665       23288
0000272       18757       24348       16321       20473
0000288       21032       17694       10934        6156
0000304       12840       10971       16477       18060
0000320       12894        9598        8442       11554
0000336        9143       12614       14426       15021
0000352       13078       14195       10550       15251
0000368       12026       11372       11346       15991
0000384       12008       13789       19029       14126
0000400       13014       17501       19370       17432
0000416       16041       14668       55814       45313
0000432       53817       47529       57296       50658
0000448       44424       37579       41869       43734
0000464       36834       45880       44703       38753
0000480       53806       42578       49289       40934
0000496       42381       44890       44308       41176
0000512       56616       69334       36240       45351
0000528       45600       59267       45556       65527
0000544       51779       53303
0000552
