0000000       21470     2029386        1922           0
0000016           0           0           0           0
0000032           0           0          64          64
0000048          72          85          39          64
0000064          76          62          86          91
0000080          52          56         100          53
0000096          49          84          50          75
0000112          39          55          89          40
0000128          64          84          74          56
0000144          96          56          53          48
0000160          36          79          66          78
0000176          87          83          74          41
0000192          67          49          66          52
0000208          43          49          77          99
0000224          46          58          66          49
0000240          56          72          28          68
0000256          49          55          39          75
0000272          52          68          44          48
0000288          37          55          57          31
0000304          63          53          64          81
0000320          57          36          43          52
0000336          49          59          55          74
0000352          55          73          48          82
0000368          51          66          46          69
0000384          58          76          61          53
0000400          64          53          59          83
0000416          57          65          60          52
0000432          79          85          77          75
0000448          60          47          70          52
0000464          41          72          77          55
0000480          61          68          69          84
0000496          62          71          50          51
0000512          90          90          40          54
0000528          47          77          69          86
0000544          50          65
0000552
