0000000       29686     1794985        1921           0
0000016           0           0           0           0
0000032           0           0           4           8
0000048           2           5           2           7
0000064           0           2          11           5
0000080           1           1           4           0
0000096           2           1           2           2
0000112           0           1           4           2
0000128           1           2           3           0
0000144           5           0           2           0
0000160           2           0           0           7
0000176           5           0           3           1
0000192           1           2           3           0
0000208           0           0           2           4
0000224           0           1           0           0
0000240           1           2           0           0
0000256           0           0           1           1
0000272           0           4           0           1
0000288           0           2           0           0
0000304           1           0           0           0
0000320           0           0           0           1
0000336           2           2           2           4
0000352           1           3           1           4
0000368           1           0           2           1
0000384           1           1          11           2
0000400           1           2           0           3
0000416           0           1           8           4
0000432          16          10           8          10
0000448           4           1           3           2
0000464           6           9           7           8
0000480          13           5           8           8
0000496           3           4           4           3
0000512           7          13           2           6
0000528           4           6           4          16
0000544           4          10
0000552
