0000000       14609     1822196        1923           0
0000016           0           0           0           0
0000032           0           0         605         468
0000048         544         883         207         593
0000064         353         336         628         580
0000080         418         362         719         450
0000096         285         373         388         394
0000112         180         322         519         317
0000128         401         482         461         381
0000144         654         254         338         256
0000160         280         363         249         697
0000176         598         387         502         357
0000192         327         383         422         275
0000208         212         248         376         874
0000224         299         426         362         183
0000240         288         422         128         274
0000256         211         356         215         391
0000272         309         478         243         338
0000288         328         353         164          92
0000304         203         169         294         318
0000320         197         137         126         193
0000336         172         191         252         283
0000352         198         257         152         290
0000368         197         204         140         258
0000384         188         257         402         265
0000400         222         291         374         342
0000416         238         251         858         704
0000432        1368         970        1404         726
0000448         710         422         662         767
0000464         457         836         898         577
0000480        1219         713         942         769
0000496         578         922         630         549
0000512        1670        2443         379         653
0000528         608        1091         667        1920
0000544        1101        1219
0000552
