0000000       16383     1997959        1922           0
0000016           0           0           0           0
0000032           0           0         130          51
0000048        1434          69         460          57
0000064          49         184         392          45
0000080         472         442         117         181
0000096         119         839         179         107
0000112         282         687          61         438
0000128         350          36         167         192
0000144         431         367         132         353
0000160         117          58          34         320
0000176          41          97         155          25
0000192          51          36          44          47
0000208          40          74          59         158
0000224         702         303          43          50
0000240          24          42          44          35
0000256          45         103          29          46
0000272          21          44         246         284
0000288         686         705         543          36
0000304          56          31         200         275
0000320          55          40         219          83
0000336          35          57         101          19
0000352          66          22          36          65
0000368          52          37          24         121
0000384          65          43         134          20
0000400          63         114          36          30
0000416         121          48         400         312
0000432         114         992        1199         911
0000448         314          37         899         549
0000464         116        1573         856         341
0000480         143         573         301         416
0000496          46         587         179          53
0000512         304         279          57         378
0000528         395         530         605         147
0000544          52         713
0000552
