0000000       40929     2011614        1921           0
0000016           0           0           0           0
0000032           0           0          36          24
0000048         140          40          39          21
0000064          26          32          34          26
0000080          43          39          34          44
0000096          31          46          32          26
0000112          47          49          29          55
0000128          38          24          27          42
0000144          41          54          22          42
0000160          32          22          25          63
0000176          32          41          64          17
0000192          29          29          23          26
0000208          36          30          21          45
0000224          49          41          27          21
0000240          21          25          46          24
0000256          32          26          17          28
0000272          17          23          43          33
0000288          51          53          45          26
0000304          21          26          39          53
0000320          24          28          31          32
0000336          26          24          24          21
0000352          39          16          32          26
0000368          27          30          12          31
0000384          21          25          27          30
0000400          41          45          18          20
0000416          28          35          36          36
0000432          31          86          95          58
0000448          35          19          65          35
0000464          21         352          51          45
0000480          27          45          52          39
0000496          29          38          36          26
0000512          36          28          27          30
0000528          65          66          47          31
0000544          22          50
0000552
