0000000       61453     1986251        1924           0
0000016           0           0           0           0
0000032           0           0        1317         926
0000048        1952        1100        1626        1003
0000064         911        1370        1204         630
0000080        1577        1423        1323        1483
0000096        1184        1826        1167         959
0000112        1604        1426         863        1672
0000128        1274         707        1170        1726
0000144        1404        1669        1096        1463
0000160        1095         959         324        1659
0000176         993        1204        2072         646
0000192        1084         673         791        1078
0000208         995        1023        1058        1353
0000224        1666        1521         967         988
0000240         183         928         647         268
0000256         836        1292         515        1037
0000272         268         909        1565        1297
0000288        1794        1904        1476         777
0000304        1003         537        1408        1660
0000320         820         783        1246        1136
0000336         739         934        1203         130
0000352        1029          88         610        1099
0000368         983         801         259        1261
0000384        1013         540        1229         208
0000400        1035        1191         658         348
0000416        1148         717        1316        1371
0000432        1139        1521        2028        1635
0000448        1413         757        1634        1377
0000464         993        1970        1739        1336
0000480        1105        1559        1532        1464
0000496         742        1583        1246        1205
0000512        1187        1301         708        1335
0000528        1448        1828        1431        1254
0000544         926        1688
0000552
