0000000       57850     2048797        1920           0
0000016           0           0           0           0
0000032           0           0           5           1
0000048          27           5          20           3
0000064           2           7          10           1
0000080          11          12           4           9
0000096           5          25           9           0
0000112          12          15           1          14
0000128          11           2           4          10
0000144          11          12           3           9
0000160           4           2           0           9
0000176           2           3           6           1
0000192           1           1           2           1
0000208           1           1           3           6
0000224          19          11           3           1
0000240           1           3           1           0
0000256           0           1           0           3
0000272           0           2           7           4
0000288          14          22          14           0
0000304           2           0           8           7
0000320           2           2          11           3
0000336           2           0           5           1
0000352           1           0           3           1
0000368           1           0           0           8
0000384           3           0           3           0
0000400           2           5           1           0
0000416          10           1          13           7
0000432           2          23          26          26
0000448           3           4          18           9
0000464           2          31          16           9
0000480           9          16           8          11
0000496           0          14           9           1
0000512          11          10           1          11
0000528          13           9          23           4
0000544           1          17
0000552
