0000000           0           0           1           0
0000016           0           0           0           1
0000032           0           1       14722     2360801
0000048        1921           0           0           0
0000064           0           0           0           0
0000080           0           1           0           0
0000096           0           0           0           0
0000112           0           0           0           0
0000128           1           0           0           0
0000144           0           0           0           0
0000160           0           1           0           0
0000176           0           0           0           0
0000192           1           0           0           0
0000208           0           0           0           0
0000224           0           1           0           0
0000240           0           1           0           0
0000256           0           0           0           0
0000272           0           0           0           0
0000288           0           0           0           0
0000304           1           1           0           0
0000320           0           0           1           0
0000336           1           0           0           0
0000352           0           0           0           1
0000368           0           0           0           0
0000384           0           1           0           0
0000400           0           0           0           0
0000416           0           0           0           0
0000432           1           0           0           0
0000448           0           0           0           0
0000464           0           1       48235     2376317
0000480        1918           0           0           0
0000496           0           0           0           0
0000512           0           0           0           0
0000528           0           0           0           0
0000544           0           0
0000552
