0000000       38057     1952682        1921           0
0000016           0           0           0           0
0000032           0           0         871         919
0000048         917        1282        1323        1165
0000064        1386        1253         938        1125
0000080        1270        1128        1275        1396
0000096        1356         940        1067        1086
0000112        1130         996        1162        1550
0000128        1303         983        1431        1532
0000144         757         678        1243        3271
0000160        1071         848        1733        1518
0000176        2083        2377        2555        2408
0000192        3095        1786        2290        1276
0000208        2677        2112        1903        1698
0000224        1958        2428        2464        2034
0000240        2195        3799        2504        1513
0000256        1765        1978        2203        2119
0000272        1529        1552        1927        2067
0000288        1376        1891        2426        2686
0000304        2387        3637        2996        1201
0000320        2960        2409        2179        2383
0000336        2774        2807        1697        3074
0000352        3695        3100        1919        2515
0000368        2701        2576        2008        2655
0000384        2666        2473        2052        1918
0000400        2210        2015        1322        1760
0000416        3215        2044        2444        2497
0000432        2494        1766        1668        2502
0000448        1885        2412        2637        2641
0000464        1648        2137        2121        1637
0000480        1654        2065        1652        1662
0000496        1507        1087        1970        1033
0000512        1987        1947        2461        1469
0000528        2161        3143        2136         989
0000544        1240        2389
0000552
