0000000        5452     1915606        1928           0
0000016           0           0           0           0
0000032           0           0      128391      121320
0000048      128389      157622      170692      141082
0000064      150471      144501      132211      142033
0000080      137313      141123      147346      152705
0000096      139091      142441      132033      136936
0000112      136814      130950      131622      164289
0000128      153220      143575      158790      151905
0000144      121452      120560      148592      341289
0000160      138506      134519     9026540     8520289
0000176     8616518     8793640     8509299     8486901
0000192     8860308     8799691     8729084     8817168
0000208     8896374     8812359     8906074     8711745
0000224     8681665     9230704     8606121     8979753
0000240     8840470     8429479     8768623     8565725
0000256     8856003     8104066     8604291     8582783
0000272     8634675     8536722     8628342     8357327
0000288     8600538     8602272     9509294     9830270
0000304     9370609    10077713     9713859     9290887
0000320     9734528     9658174     9903766     9898084
0000336    10045238    10028810     9812637     9900742
0000352     9821719    10277712     9818724     9990388
0000368     9828452     9690731     9655169     9586315
0000384     9874843     9471089    10146902     9434146
0000400     9441787     9644973     9896203     9374731
0000416     9723790     9459402      341229      435575
0000432      370605      355117      350749      348809
0000448      393831      319216      336410      373247
0000464      310639      380546      369000      354150
0000480      398341      473253      327662      410318
0000496      315074      273321      368609      284835
0000512      319645      299316      409129      339783
0000528      399769      362421      359010      274075
0000544      338615      360678
0000552
