0000000       33884     1890209        1927           0
0000016           0           0           0           0
0000032           0           0    18745612    18745951
0000048    18745426    18745365    18745835    18745640
0000064    18744672    18746626    18744981    18747238
0000080    18744793    18747737    18744904    18746806
0000096    18745942    18747470    18745025    18745968
0000112    18746174    18745578    18745479    18745449
0000128    18743685    18745658    18743572    18745972
0000144    18744335    18746378    18743829    18747306
0000160    18746297    18746544    18761378    18753847
0000176    18751881    18744282    18753135    18743654
0000192    18747825    18744184    18747024    18744489
0000208    18750013    18743844    18749335    18748357
0000224    18750084    18743885    18748459    18748532
0000240    18747934    18746895    18743143    18748331
0000256    18743467    18745977    18743191    18747549
0000272    18743026    18746424    18742843    18747383
0000288    18748637    18748872    18762709    18758130
0000304    18756147    18744793    18756226    18744205
0000320    18756218    18744143    18753144    18744204
0000336    18757512    18744741    18758765    18759580
0000352    18756914    18744170    18759209    18753934
0000368    18754833    18753005    18743657    18752764
0000384    18743406    18754994    18743826    18754174
0000400    18743337    18753524    18743597    18756099
0000416    18761649    18758776    18752081    18748656
0000432    18748353    18744776    18745697    18744399
0000448    18746504    18744146    18745786    18744334
0000464    18746159    18744698    18746938    18746650
0000480    18747427    18744347    18746773    18746420
0000496    18745914    18746065    18743895    18746284
0000512    18743318    18745746    18743168    18746930
0000528    18743093    18746657    18743197    18746879
0000544    18746671    18747679
0000552
