0000000       61979     1973151        1919           0
0000016           0           0           0           0
0000032           0           0          61         116
0000048         302          55          77          58
0000064          52          88          48         261
0000080          72         190         141         287
0000096         209         170         144          79
0000112          59         116          51         245
0000128         156         105          58         122
0000144         191         309         292         165
0000160         330         124          76         350
0000176         541         740         420         875
0000192         762         414         118         672
0000208         461        1178         350         755
0000224        1279         217         579         193
0000240         231        1049         145        1200
0000256         388         452         196         667
0000272         458         510         308         223
0000288         583         281         601         315
0000304         256         116         225         290
0000320         111         206         289         136
0000336         163         117         348         278
0000352         326         297         469         127
0000368          85         539         201         315
0000384         251          79         193          76
0000400         418         254         493         285
0000416         290         176          21          26
0000432          58          14          31         109
0000448           8          48          54          15
0000464          10          26          24          38
0000480          31          20          30          22
0000496           7          41          13          11
0000512          11           6           6          23
0000528          11          28          22          31
0000544          16          30
0000552
