0000000       65386     2460227        1920           0
0000016           0           0           0           0
0000032           0           0           0           0
0000048           2           0           0           0
0000064           0           0           0           0
0000080           0           0           1           8
0000096           1           0           0           0
0000112           2           2           1           1
0000128           0           1           1           0
0000144           0           9           9           1
0000160           0           1           0           0
0000176           0           1           1           0
0000192           1           0           0           4
0000208           1           0           2           2
0000224          11           0           0           0
0000240           0           3           0           1
0000256           1           0           0           0
0000272           1           1           0           0
0000288           0           3           2           9
0000304           0           0           1           1
0000320           0           1           2           0
0000336           1           1           8           3
0000352           0           4           7           0
0000368           0           8           0           5
0000384           0           0           1           0
0000400           7           0          12           0
0000416           0           0           0           0
0000432           6           2           3          24
0000448           0           2          10           2
0000464           0           4           1           1
0000480           3           0           1           2
0000496           1           5           0           1
0000512           2           0           1           0
0000528           0           4           1           3
0000544           0           1
0000552
