0000000           0           0 -2146435072          -3
0000016  -691519440       32767  1023680160       32635
0000032           1 -2146435072  -691519328       32767
0000048           0           0           0           0
0000064           0           0           0           0
0000080   275286366           0  1713358672           0
0000096   275286366           0  1713353015           0
0000112           2           0           6 -2147483648
0000128  -286331154  -286331154  -286331154  -286331154
0000144  -286331154  -286331154  -286331154  -286331154
0000160  -286331154  -286331154  -286331154  -286331154
0000176  -286331154  -286331154  -286331154  -286331154
0000192  -286331154  -286331154  -286331154  -286331154
0000208  -286331154  -286331154  -286331154  -286331154
0000224  -286331154  -286331154  -286331154  -286331154
0000240  -286331154  -286331154  -286331154  -286331154
0000256  -286331154  -286331154  -286331154  -286331154
0000272  -286331154  -286331154  -286331154  -286331154
0000288  -286331154  -286331154  -286331154  -286331154
0000304  -286331154  -286331154  -286331154  -286331154
0000320  -286331154  -286331154  -286331154  -286331154
0000336  -286331154  -286331154  -286331154  -286331154
0000352  -286331154  -286331154  -286331154  -286331154
0000368  -286331154  -286331154  -286331154  -286331154
0000384  -286331154  -286331154  -286331154  -286331154
0000400  -286331154  -286331154  -286331154  -286331154
0000416  -286331154  -286331154  -286331154  -286331154
0000432  -286331154  -286331154  -286331154  -286331154
0000448  -286331154  -286331154  -286331154  -286331154
0000464  -286331154  -286331154  -286331154  -286331154
0000480  -286331154  -286331154  -286331154  -286331154
0000496  -286331154  -286331154  -286331154  -286331154
0000512  -691519424       32767           0           0
0000528  -691519424       32767  -873736759       21869
0000544  -691510352       32767
0000552
