0000000       30006     1961419        1919           0
0000016           0           0           0           0
0000032           0           0           1           1
0000048           7           0           0           0
0000064           0           2           0           3
0000080           0           1           4           3
0000096           4           1           2           0
0000112           0           1           0           1
0000128           1           2           1           2
0000144           4           5           7           2
0000160           2           1           0           2
0000176          11           7           5           6
0000192          13           6           0          16
0000208           2          15           3          12
0000224          37           4           9           2
0000240           2          23           0          21
0000256           5           0           0           8
0000272          10           8           4           1
0000288           9           5          15           9
0000304           7           1           3           5
0000320           5           1           6           0
0000336           2           1          10           9
0000352          13           7           6           3
0000368           1          11           4           6
0000384           3           0           4           1
0000400           9           3          14           3
0000416           3           3           2           0
0000432           1           0           1           1
0000448           2           0           2           0
0000464           1           0           1           1
0000480           2           1           0           1
0000496           1           1           0           0
0000512           2           0           3           0
0000528           0           3           2           1
0000544           1           1
0000552
