0000000       16325     2419228        1922           0
0000016           0           0           0           0
0000032           0           0           7          12
0000048          23          17           8          10
0000064          12          12          11          18
0000080          12          31          22          32
0000096          17          20          13          15
0000112          13          11          10          34
0000128          13          13          12          16
0000144          18          37          30          28
0000160          16          17          15          13
0000176          14          32          22          29
0000192          41          13          10          31
0000208          20          19          23          18
0000224          37          22          22          20
0000240          11          26          14          39
0000256          22          21          15          10
0000272          17          26          18           6
0000288          11          27          22          27
0000304          30          18          18          22
0000320          29          17          28          17
0000336          12          24          19          28
0000352          34          37          41          18
0000368          24          35          19          26
0000384          12          11          20          18
0000400          37          19          39          17
0000416           9          16          18          30
0000432          68          25          22         133
0000448          22          38          49          10
0000464          13          32          22          36
0000480          33          16          19          18
0000496          24          38          19          21
0000512          17           5          15          18
0000528          19          24          25          24
0000544          25          30
0000552
