0000000       49499      814006        1921           0
0000016           0           0           0           0
0000032           0           0      169292      151842
0000048      189546      194701      186332      168175
0000064      168180      190603      154705      165009
0000080      156549      178605      177392      180438
0000096      162311      140819      200927      163875
0000112      145653      154183      167285      139165
0000128      184651      167429      159496      153636
0000144      157277      145901      141580      183754
0000160      153375      201362      137244      171779
0000176      162394      180449      149898      158676
0000192      174596      176866      144343      150901
0000208      172941      187163      160186      195610
0000224      165810      181793      149631      179391
0000240      179937      154452      186402      157340
0000256      139594      189197      171380      162124
0000272      161705      201700      158707      157995
0000288      190691      184186      161019      142414
0000304      153726      182432      165666      155676
0000320      158327      153310      172285      174908
0000336      167056      162148      179797      185145
0000352      157845      166708      189544      146900
0000368      162567      166708      155833      154256
0000384      193882      208122      151413      168176
0000400      155654      169936      194855      175936
0000416      161592      204958      162758      216123
0000432      194398      222274      148380      183877
0000448      195016      171104      170711      182753
0000464      195315      195119      179439      191756
0000480      188511      255936      182176      194348
0000496      200103      168050      189269      265147
0000512      216065      169727      184833      192567
0000528      215640      166105      175919      178073
0000544      192933      238231
0000552
