0000000       62723      852971        1920           0
0000016           0           0           0           0
0000032           0           0       27699        8126
0000048       12691       42638       40714       60379
0000064       31741       24442       11986       43108
0000080       26831       74978       17429       39328
0000096       52237        9165       31123       28704
0000112       24507       35181       10416       10670
0000128       17008       37320       30187       35380
0000144       21405        7200        7516       47766
0000160       28036       42601        3262      122933
0000176       48569       68566       68361       12635
0000192       96293       82016        5050       26135
0000208       71727       65015       63421       40748
0000224       15411       32402        5449      125975
0000240       44974       21838       67486       27675
0000256       13369       46050      114203       35725
0000272       12461       29549       18201       12348
0000288       60557       19323        9238        5241
0000304        4845       11420        7700        5761
0000320        9881        4110        8604        6702
0000336        9359        4504        8350        6827
0000352        5097       18267       14513        3802
0000368        5498        5776        3966        3949
0000384       30384        6158        4307        7319
0000400        4685        5841       16138        5387
0000416        6219        5726        4757       11258
0000432       56483        7624        6440        7658
0000448        6816       10221        9127        9361
0000464       15385       34023       11495        9252
0000480        7074        9402        7586        6040
0000496       10691        4616       11268       51426
0000512       10436        6131        5865       23933
0000528       16349        8656       12253       27244
0000544       15208       12793
0000552
