0000000       63754      788601        1922           0
0000016           0           0           0           0
0000032           0           0    18703411    18701931
0000048    18702813    18700913    18702452    18697056
0000064    18701895    18700324    18703193    18695947
0000080    18703831    18694776    18703827    18705427
0000096    18704546    18698719    18702983    18704935
0000112    18703205    18704104    18696240    18704838
0000128    18693255    18702774    18693264    18702569
0000144    18692825    18702664    18695034    18703485
0000160    18702518    18703026    18705185    18706961
0000176    18704382    18697976    18703514    18697897
0000192    18701787    18697904    18701637    18698225
0000208    18702630    18697050    18701655    18700676
0000224    18700747    18697840    18701882    18700776
0000240    18700582    18700179    18696434    18699925
0000256    18696897    18699604    18694849    18699379
0000272    18696738    18698904    18696756    18699094
0000288    18699996    18700114    18703588    18702448
0000304    18700949    18702393    18702296    18702786
0000320    18701395    18703572    18700980    18701697
0000336    18701789    18702557    18702263    18703032
0000352    18701781    18699960    18701503    18701958
0000368    18701435    18701612    18698429    18701828
0000384    18695715    18701503    18697415    18701711
0000400    18696883    18701728    18695541    18702531
0000416    18701280    18701354    18701940    18702602
0000432    18701442    18698542    18699904    18698168
0000448    18700557    18698839    18700665    18698952
0000464    18700800    18698374    18701046    18700950
0000480    18700926    18698010    18700859    18700385
0000496    18700304    18700623    18697231    18699829
0000512    18696891    18699490    18696998    18699921
0000528    18695992    18699847    18696744    18700041
0000544    18700041    18700531
0000552
