0000000        3777      774946        1921           0
0000016           0           0           0           0
0000032           0           0    17978361    17970397
0000048    17967300    17931771    17955177    17934087
0000064    17951031    17932633    17956861    17934405
0000080    17956455    17932042    17955760    17947635
0000096    17949463    17945633    17948219    17951999
0000112    17955336    17950785    17939009    17955615
0000128    17931476    17947690    17934902    17952335
0000144    17934371    17955143    17938990    17950128
0000160    17956947    17951406    17966523    17971969
0000176    17969152    17960899    17967629    17960881
0000192    17964741    17960444    17965075    17961029
0000208    17966063    17960258    17965558    17965130
0000224    17966076    17961130    17966284    17965228
0000240    17966030    17964734    17960064    17965655
0000256    17960786    17965174    17958095    17965127
0000272    17960722    17964578    17960409    17964792
0000288    17966985    17967425    17965833    17964780
0000304    17963131    17960234    17963757    17960443
0000320    17962688    17960749    17962134    17960200
0000336    17962954    17960684    17962938    17962708
0000352    17962703    17958899    17962765    17962624
0000368    17962871    17962960    17960609    17963083
0000384    17957293    17963173    17960399    17962784
0000400    17959936    17963687    17956975    17963560
0000416    17965386    17965349    17972447    17970036
0000432    17965809    17962198    17963569    17961554
0000448    17964249    17961952    17963781    17961560
0000464    17963944    17961632    17963761    17963732
0000480    17963459    17961370    17963616    17963104
0000496    17963505    17963239    17961264    17963776
0000512    17960789    17962790    17961259    17963525
0000528    17960254    17963000    17960929    17964260
0000544    17964003    17965305
0000552
