0000000       32054      763231        1920           0
0000016           0           0           0           0
0000032           0           0       44040       20725
0000048       28143       34673       35671       53754
0000064       20842       34847       21021       31164
0000080       23498       47418       25847       27048
0000096       24941       15779       42031       19536
0000112       23627       22746       18314       18181
0000128       18931       32730       21460       28291
0000144       19318       16922       17134       33307
0000160       30304       26829       13748       35281
0000176       26039       54389       29686       23411
0000192       26604       42142       17137       25109
0000208       34171       36416       27768       25274
0000224       37232       29145       24640       40741
0000240       40008       22722       33312       32935
0000256       16900       36734       28225       29285
0000272       31291       33236       28028       25057
0000288       35053       25582       70757       68216
0000304       61172       68811       61053       89160
0000320       55867       71318       62953       63851
0000336       72204       61477       71189       64107
0000352       78552       55804       76712       60536
0000368       68661       67473       67117       75999
0000384       83689       87452       50780       77689
0000400       73188       87200       70532       62070
0000416       99545       71479       39366       41657
0000432       41527       40661       32925       40770
0000448       35839       41626       37167       37744
0000464       40274       47859       41946       36882
0000480       41848       42085       40290       32449
0000496       44495       32205       40778       53982
0000512       36275       33602       40607       42973
0000528       45510       36284       37948       46531
0000544       42113       49033
0000552
