0000000       48370      841271        1922           0
0000016           0           0           0           0
0000032           0           0      164973      139961
0000048      178581      191206      182409      165399
0000064      164499      185221      145159      162125
0000080      152020      175776      164529      177828
0000096      160670      131434      194187      161530
0000112      141266      151424      156740      133028
0000128      175506      163609      155789      149851
0000144      151909      132442      131458      177564
0000160      148065      196368       72148      169211
0000176      158147      178310      146503      150685
0000192      169739      174054      120470      145875
0000208      171140      184486      156193      188135
0000224      155500      175041      125111      178393
0000240      175445      148403      182190      151713
0000256      131648      184362      169052      156748
0000272      150447      191567      149195      144575
0000288      186263      174488      146454      118387
0000304      110387      165723      145779      125835
0000320      140097      102243      150595      145544
0000336      151408      101709      157640      150960
0000352      124087      155564      174212       88553
0000368      125454      135382       82769       78779
0000384      184923      142975       95696      143339
0000400      112520      128955      183397      125866
0000416      129279      118413      107921      170043
0000432      171495      164153      117864      145775
0000448      138074      147040      142930      148916
0000464      165065      170287      154677      156008
0000480      141202      208779      143627      135026
0000496      165295      106504      154232      239294
0000512      161096      118602      131367      170981
0000528      182944      135182      146410      161539
0000544      164385      192017
0000552
