0000000           0           0           2           2
0000016           1           0           1           0
0000032           0           0           0           0
0000048           0           0           0           1
0000064           0           0           0           0
0000080           0           0           0           1
0000096           0           0           1           0
0000112           0           1           2           0
0000128           0           0           0           0
0000144           0           1           0           0
0000160           0           0           1           1
0000176           0           0           1           1
0000192           0           0           1           0
0000208           1           1           1           6
0000224           3          11          13           8
0000240           0           2           0           6
0000256           2          16           9           4
0000272           1          21           9           6
0000288           3           9           9           0
0000304           2           2           5           0
0000320           6          10           0           0
0000336           2           7           1          14
0000352          16          10           6           1
0000368          28          28           2           8
0000384           4           1          19           0
0000400          21           5           6           0
0000416           9           0           1          28
0000432          24           1          26           5
0000448           1           8          48          11
0000464          18           0       13762    14003817
0000480        1928           0           0           0
0000496           0           0           0           0
0000512           1           0           0           2
0000528           0           0           0           0
0000544           2           0
0000552
