0000000      197985      156842      177846      159009
0000016      169877      177128      168616      162464
0000032      162227      181283      156294      167093
0000048      159218      180624      174928      164917
0000064      191221      185785      164108      163856
0000080      170691      156069      185436      151354
0000096      175476      165251      166849      161139
0000112      175045      178054      174151      191465
0000128      186254      169359      245949      191134
0000144      158828      167481      212413      176326
0000160      176530      157202       63363    13453368
0000176        1921           0           0           0
0000192           0           0           0           0
0000208      160704      155453      149133      171659
0000224      132061      148144      136646      161167
0000240      164980      154585      138148      143899
0000256      151710      140384      129305      139857
0000272      156377      159235      124008      157932
0000288      171050      166032      137875      157139
0000304      162904      167199      152177      153838
0000320      128454      124937      117313      126657
0000336       65971      155276      113514       34151
0000352      107540       81173      100487      150182
0000368      168004       89722      105081      145879
0000384       46363      142454      137819      135383
0000400      118502       65912      108011       15458
0000416      104090       56464      101313       60894
0000432      128249       92605       58360      100295
0000448      125444      110767      155037       95952
0000464      152713      165053      150294      174061
0000480      201028      175152      143873      162483
0000496      151936      162565      144262      178654
0000512      162114      141323      135654      183187
0000528      176481      155031      149236      164444
0000544      156474      102751
0000552
