0000000           1           0           0           1
0000016           0           0           0           2
0000032           0           0           3           7
0000048           1           2           2           2
0000064           5           1           0           1
0000080           0           0           1           0
0000096           0           1           0           1
0000112           0           1          11           0
0000128           0           1           0           0
0000144           0           0           0           1
0000160           0           0           0           0
0000176           1           1           0           0
0000192           0           0           2           0
0000208           2           0           7          17
0000224          15          21          31          24
0000240           5          10          10           8
0000256           3          32          20           6
0000272           1          30          19           8
0000288           3          17          20           2
0000304           9           2          12           1
0000320          10          20           4           0
0000336           3          13           3          18
0000352          11          18          16           8
0000368          35          24           5          22
0000384          21           5          29           2
0000400          31          20          11           9
0000416          19           5          13          33
0000432          34           6          33          15
0000448           3          17          53          14
0000464          23           3       23963    13991984
0000480        1919           0           0           0
0000496           0           0           0           0
0000512           1           2           0           2
0000528           0           0           0           1
0000544           0           0
0000552
