0000000          16          10          15          14
0000016          25          21          16           4
0000032          16          27           2           0
0000048           0           0           0           0
0000064           1           1           0           0
0000080           0           0           4           0
0000096           4           0           2           2
0000112           0           0           1           5
0000128           1           0           2           1
0000144           0           2           4           1
0000160           0           0       30688    13199373
0000176        1924           0           0           0
0000192           0           0           0           0
0000208           1           0           1           1
0000224           1           0           1           2
0000240           2           2           0           0
0000256           1           0           0           1
0000272           2           3           0           0
0000288           1           3           0           0
0000304           0           2           0           0
0000320           1           0           0           0
0000336           0           0           0           0
0000352           0           0           0           0
0000368           0           0           0           0
0000384           0           0           0           0
0000400           0           0           0           0
0000416           0           0           0           0
0000432           0           0           0           0
0000448           0           0           0           0
0000464           0           0           0           0
0000480           0           0           0           0
0000496           0           0           0           0
0000512           0           0           0           0
0000528           0           0           0           0
0000544           0           0
0000552
