0000000           0           0           0           0
0000016           0           0           0           0
0000032           0           0           0           0
0000048           0           0           0           0
0000064           0           0           0           0
0000080           0           0           0           0
0000096           0           0           0           0
0000112           0           0           0           0
0000128           0           0           0           0
0000144           0           0           0           0
0000160           0           0       39162    13243578
0000176        1935           0           0           0
0000192           0           0           0           0
0000208          33          20          12          29
0000224           2          11           4          16
0000240          11           8          23          10
0000256           5           6           9           2
0000272          23          11           2           6
0000288          22          28           8          23
0000304           5          24          10           9
0000320           1           1           1           1
0000336          63         174          94          19
0000352         121          87          40         324
0000368         351          83         117         189
0000384          50         136         140         138
0000400         151          45         109          38
0000416         143          60          67          89
0000432         107         156          59         130
0000448         217         150         266          58
0000464        2329        2218        2423        3994
0000480        4234        3769        1250        1735
0000496        2143        2447        1070        4322
0000512        1330        2275        1697        4487
0000528        3774        2104        2045        4565
0000544        2456        1602
0000552
