0000000        3267        1968        2949        1967
0000016        2820        3310        2173        1858
0000032        2170        3248        2892        3779
0000048        3357        4039        3404        3071
0000064        5715        4525        3063        3658
0000080        3769        3165        4441        2494
0000096        4378        3641        3391        2891
0000112        3976        3030        3224        5814
0000128        5019        2979        6568        3928
0000144        2772        3651       24113        4054
0000160        4276        2555       37825    13565761
0000176        3831           0           0           0
0000192           0           0           0           0
0000208        3712        3163        2779        4280
0000224        1807        2701        2275        2886
0000240        3593        2799        2258        2515
0000256        2539        2397        1868        2454
0000272        3152        3459        1847        3232
0000288        4035        3606        2345        3302
0000304        3352        3679        3389        2447
0000320        1877        1634        1669        1907
0000336        1830        2995        2213         655
0000352        2178        1690        1837        3031
0000368        3833        1870        1983        2983
0000384        1219        2887        2757        2604
0000400        2283        1362        2153         335
0000416        2149        1344        2000        1602
0000432        2632        2050        1400        2188
0000448        2854        2270        3143        2127
0000464        3553        4332        3673        4735
0000480        5413        4600        3014        3872
0000496        3484        4334        3311        5227
0000512        3823        3242        3052        5419
0000528        4648        3737        3623        4318
0000544        3995        2796
0000552
