0000000           0           0           0           0
0000016           0           0           0           1
0000032           1           1           0           1
0000048           1           0           0           0
0000064           1           0           0           0
0000080           0           0           0           0
0000096           0           0           0           0
0000112           0           1           0           1
0000128           0           0           1           0
0000144           1           0           0           0
0000160           0           0           0           0
0000176           0           1           0           1
0000192           0           0           1           0
0000208           0           0           0           1
0000224           1           0           0           2
0000240           0           1           1           0
0000256           1           1           0           0
0000272           1           1           2           0
0000288           0           0           0           0
0000304           0           0           1           0
0000320           0           1           0           1
0000336           1           0           0           0
0000352           1           0           0           1
0000368           3           0           0           0
0000384           0           0           3           0
0000400           2           0           1           0
0000416           0           0           0           7
0000432           2           0           3           1
0000448           0           1          10           1
0000464           2           0       27384    14039101
0000480        1919           0           0           0
0000496           0           0           0           0
0000512           0           0           1           1
0000528           0           0           0           0
0000544           1           0
0000552
