0000000         275         386         193         356
0000016          81         338         679         850
0000032         103         740        1181         972
0000048         278         737         728         976
0000064         886         267         100          36
0000080          44          64          31         485
0000096         115          10          98          36
0000112          49         294        1250          39
0000128          86         321          15         335
0000144         220         269         148          18
0000160          63           6          86          14
0000176          41          14         219          60
0000192           9          65         197          83
0000208         523          34         825        1604
0000224        1031        1695        1950        1653
0000240         603        1022        1120        1319
0000256         535        1846        1275         905
0000272         605        1962        1577        1097
0000288         782        1472        1351         126
0000304        1245         468        1294         334
0000320        1133        1569         470         266
0000336         624        1461         885        1445
0000352        1271        1592        1168        1070
0000368        2174        1933         964        1548
0000384        1495        1002        1894         702
0000400        1777        1443        1289         978
0000416        1629         894        1036        2238
0000432        2113         939        2511        1739
0000448         927        1492        2554        1716
0000464        1894         667       54965    13840232
0000480        1921           0           0           0
0000496           0           0           0           0
0000512         487         253         176         674
0000528          23          72          36         130
0000544         298          91
0000552
