0000000      996353      909943     1050862      862527
0000016      947914     1031357      875531      960664
0000032      879758     1035514     9884397    10036705
0000048     9874530     9994024     9743388     9799150
0000064     9803815     9946069     9914837     9895202
0000080    10074299    10165845     9915444    10230004
0000096    10032166    10320278     9755093     9735076
0000112     9938519     9907277     9789990     9707431
0000128     9952392     9619490    10181546     9622831
0000144     9970923     9735233    10509403     9764668
0000160     9582069     9940344       38855    13427795
0000176        1921           0           0           0
0000192           0           0           0           0
0000208     8376835     8363497     8336597     8433118
0000224     8368539     8293820     8345774     8370512
0000240     8388466     8402089     8174393     8424406
0000256     8319263     8458938     8350460     8563266
0000272     8371031     8443273     8463248     8443790
0000288     8412545     8328530     8454602     8364261
0000304     8585885     8334951     8514842     8362595
0000320     8430149     8429613     8277260     8331615
0000336      153143      195556      198494      157101
0000352      172288      161030      184875      199324
0000368      192638      163368      165840      177099
0000384      148845      179378      187961      192292
0000400      161393      160656      169756      128165
0000416      157988      158378      171869      143786
0000432      180697      152234      155831      158487
0000448      168132      162085      190018      172087
0000464      169318      170780      163254      183872
0000480      208286      182140      163431      177251
0000496      162734      172666      171077      185904
0000512      170961      156065      156551      189226
0000528      186034      169029      171034      175387
0000544      167151      161997
0000552
