0000000    34133688    34419131    34216787    34338638
0000016    34075698    34559224    34005318    34481781
0000032    34403185    34643656    36560281    36559204
0000048    36557760    36554287    36556562    36552672
0000064    36555754    36553194    36555338    36552159
0000080    36556049    36553487    36556739    36555352
0000096    36555220    36552845    36554729    36554470
0000112    36554370    36553889    36551385    36554112
0000128    36549749    36552506    36549466    36552748
0000144    36550213    36552510    36548716    36552619
0000160    36553002    36552953       39753    13404386
0000176        1919           0           0           0
0000192           0           0           0           0
0000208    17896163    17894404    17862893    17787211
0000224    17859774    17762353    17834156    17769201
0000240    17824865    17777304    17799171    17777576
0000256    17817909    17830977    17817194    17797268
0000272    17814612    17813751    17819810    17811458
0000288    17774120    17796948    17773911    17796587
0000304    17780005    17797529    17771860    17790382
0000320    17771180    17796822    17790852    17798051
0000336    11786349    12808673    12771137    11606504
0000352    12315118    11289140    12692381    11226638
0000368    11977112    11373406    12055779    11358172
0000384    11740050    11977275    11978849    11685660
0000400    11855751    11933863    11939674    11697819
0000416    11296267    11824071    11457149    11483436
0000432    11382421    11618692    11255103    11762758
0000448    11016460    11781057    11968867    12244815
0000464    10059979    10147155     9988559    10043773
0000480    10113107    10063157    10283764    10400649
0000496    10147408    10244476    10246705    10437976
0000512    10558615    10126086    10321233    10491413
0000528    10256917    10313947    10231793    10031997
0000544    10412131    10053402
0000552
