0000000    10307011    10071941    10455368     9926276
0000016    10202595    10260432    10011604    10101494
0000032     9939330    10263420    14985710    15111701
0000048    14780843    14443660    14616928    14271730
0000064    14641106    14367562    14698740    14320755
0000080    14813794    14510203    14673818    14915769
0000096    14738072    14617434    14561773    14539786
0000112    14679156    14650860    14330321    14522122
0000128    14379843    14452548    14511211    14484265
0000144    14409499    14561326    14716809    14583827
0000160    14485909    14781687       20454    13416065
0000176        1920           0           0           0
0000192           0           0           0           0
0000208    11097305    11091539    11045948    10948825
0000224    11066029    10823171    11031574    10871805
0000240    11051112    10896571    10885671    10910062
0000256    11000616    11104845    11016269    11031443
0000272    11033109    11104145    11120322    11102075
0000288    10921150    11005798    10942821    11022932
0000304    11049348    11031850    10981648    11044656
0000320    10930116    11131352    10996351    11069366
0000336     6521605     6391548     6481090     6586601
0000352     6322430     6330623     6596641     6261556
0000368     6345302     6430554     6437950     6395561
0000384     6184618     6398884     6432445     6766532
0000400     6272750     6411293     6375034     6161019
0000416     6289502     6250336     6534419     5964082
0000432     6452958     6034780     6320043     6172097
0000448     6004739     6151335     6232732     6318841
0000464      955178      986602      904843      895596
0000480      984067      896248     1059283     1049028
0000496      962684      934897      972229     1072730
0000512     1145904      946432     1011032     1093273
0000528      985231     1031192      975591      904413
0000544     1025492      908446
0000552
