0000000       29242    12939186        1920           0
0000016           0           0           0           0
0000032           0           0           0           0
0000048           0           0           0           0
0000064           0           0           0           0
0000080           0           0           0           0
0000096           0           0           0           0
0000112           0           0           0           0
0000128           0           0 -1559345563       32684
0000144           2           0           6 -2147483648
0000160           0           0 -1557706880       32684
0000176           3           0           3           0
0000192           1           0  1806981493       32764
0000208 -1557723648       32684 -1559392297       32684
0000224           0           0           0           0
0000240  1806981616       32764 -1559345563       32684
0000256           0           0           0           0
0000272           0           0           1           0
0000288           0           0           0           0
0000304           0           0           0           0
0000320           0           0           0           1
0000336           0           0           0           0
0000352           0           0           1           0
0000368           0           0           0           0
0000384           0           0           0           0
0000400           0           0           0           1
0000416           1           0           1           3
0000432           3           4           4           5
0000448           0           1           0           0
0000464           0           8           1           2
0000480           0           9           2           5
0000496           2           6           2           2
0000512  1806981728       32764           0           0
0000528  1806981728       32764  -617658935       22098
0000544  1806990800       32764
0000552
