0000000        9866        4082       12557        4111
0000016       12259       19680        4509        4079
0000032        4892       19099       22628       77059
0000048       65524       78966       29402       22296
0000064      138287       95521       26655       59046
0000080       70195       38441      101886       19340
0000096       92408       63160       31826       24218
0000112       81549       18985       20846      124888
0000128      115886       17336      164016       49666
0000144       23743       50311      180047       77787
0000160       96869       17844        4793    13490667
0000176        1925           0           0           0
0000192           0           0           0           0
0000208        7502        4981        4041       11218
0000224        2419        3288        2942        3839
0000240        5070        3619        2745        3298
0000256        2916        3491        2399        3202
0000272        4125        5172        2357        4121
0000288        6393        5056        2942        4667
0000304        4414        5860        5460        3138
0000320        2375        2193        2147        2248
0000336        1777        3340        2492        1104
0000352        2375        1888        2041        3256
0000368        4442        2023        2278        3249
0000384        1409        3115        2913        3000
0000400        2553        1517        2254         847
0000416        2241        1559        2159        1466
0000432        2818        1986        1535        2265
0000448        2813        2307        3384        2146
0000464        3465        4327        3555        4589
0000480        5289        4513        3226        3796
0000496        3554        3964        3263        5925
0000512        4017        3310        3018        5574
0000528        4440        3861        3468        4254
0000544        3922        2507
0000552
