0000000           0           0           1           1
0000016           0           2           3           8
0000032           1           4          10           7
0000048           2           7           4           6
0000064           7           1           0           1
0000080           0           2           0           3
0000096           2           0           3           0
0000112           1           3          14           1
0000128           1           3           0           4
0000144           1           3           1           0
0000160           0           0           0           0
0000176           0           0           3           1
0000192           0           1           3           3
0000208           9           1          14          28
0000224          19          25          31          24
0000240           4          12          18          23
0000256           5          30          16          14
0000272           9          30          24          22
0000288          16          17          19           0
0000304          35           9          16           7
0000320          21          23           8           1
0000336          12          21          10          30
0000352          12          20          15          10
0000368          34          35           8          26
0000384          15           9          39           8
0000400          34          23          20          10
0000416          28          13          19          44
0000432          38           8          39          32
0000448          13          30          50          16
0000464          25           5       41563    13980205
0000480        1921           0           0           0
0000496           0           0           0           0
0000512           6           0           1           9
0000528           0           0           0           0
0000544           2           1
0000552
