0000000       32227     1993529        1922           0
0000016           0           0           0           0
0000032           0           0           0           0
0000048           0           0           0           0
0000064           0           0           0           0
0000080           1           1           0           3
0000096           1           1           0           1
0000112           0           1           0           0
0000128           0           0           1           1
0000144           1           0           0           0
0000160           0           0           0           6
0000176           0           0           2           0
0000192           1           1           4           1
0000208           1           1           0           0
0000224           0           2           1           0
0000240           0           0           0           1
0000256           0           0           0           1
0000272           0           3           2           2
0000288           1           0           6          13
0000304           4          19          27          12
0000320           4           3           3           7
0000336           3          27           6           5
0000352           3          26          17           2
0000368          12          23           2           1
0000384           4           4           2           5
0000400          10           8           5           3
0000416           8          13           0           2
0000432           6           9           3           4
0000448           8           4           0           2
0000464           2           3           4           0
0000480           5           4           4           3
0000496           4           1           3          12
0000512          11           4          11           5
0000528           1           5          12           2
0000544           6           1
0000552
