0000000       10996     2032530        1919           0
0000016           0           0           0           0
0000032           0           0    16379371    16375644
0000048    16369674    16332547    16364835    16335715
0000064    16353569    16338056    16350332    16337531
0000080    16369454    16339581    16357710    16359295
0000096    16364804    16333918    16360093    16349958
0000112    16356959    16350807    16332267    16354796
0000128    16328081    16348422    16322397    16348012
0000144    16321435    16342411    16333976    16345226
0000160    16356156    16359568    17535290    17543245
0000176    17535887    17514807    17535741    17512988
0000192    17527226    17511492    17525854    17513416
0000208    17528113    17512323    17527048    17527362
0000224    17525902    17513324    17527679    17526844
0000240    17524165    17523085    17511989    17525222
0000256    17511626    17521168    17510494    17524512
0000272    17511757    17520401    17509613    17521686
0000288    17525106    17526339    17774501    17769541
0000304    17769546    17756930    17768397    17752729
0000320    17767851    17755127    17767987    17753478
0000336    17771362    17752292    17774931    17773015
0000352    17773395    17750496    17772799    17767735
0000368    17770935    17765926    17752816    17770112
0000384    17752077    17771600    17752558    17767286
0000400    17751085    17766270    17753563    17769605
0000416    17769457    17770004    17541347    17531386
0000432    17530848    17518789    17526879    17518443
0000448    17524360    17517393    17524979    17517821
0000464    17526606    17519281    17526533    17526636
0000480    17524934    17518673    17525285    17524632
0000496    17524207    17523995    17518554    17523098
0000512    17514882    17522431    17513061    17522436
0000528    17517198    17522946    17509357    17522394
0000544    17523805    17525600
0000552
