0000000       43120     2005222        1922           0
0000016           0           0           0           0
0000032           0           0           7           3
0000048           7          12           0          10
0000064           4           6           3           3
0000080           6           4           2           2
0000096           1           4           9           4
0000112           2           1           4          10
0000128           3           8           2          14
0000144           4           4           3           2
0000160           2           3          13          90
0000176          37          12          50          36
0000192          13         121         145          39
0000208          51          91          17          57
0000224          72          45          50          29
0000240          39           2          44          19
0000256          31          31          51          69
0000272          24          36          90          49
0000288          94          16         260         278
0000304         252         501         467         450
0000320         157         221         235         290
0000336         156         500         212         223
0000352         169         541         425         260
0000368         206         487         238         158
0000384         305         176         250         201
0000400         304         257         201         182
0000416         247         324          92         104
0000432         140         166         116         151
0000448         241         228          72         147
0000464         114          70         232          37
0000480         158         121         120         104
0000496         145          52         109         272
0000512         237          97         287         177
0000528          71         149         298         167
0000544         252          49
0000552
