0000000           0           1           0           0
0000016           0           0           0           0
0000032           1           0           0           0
0000048           0           1           0           0
0000064           0           0           1           0
0000080           0           1           0           0
0000096           0           0           1           0
0000112           0           0           0           0
0000128           0           0           1           0
0000144           1           2           0           0
0000160           0           0           0           1
0000176           0           2           0           0
0000192           2           2           0           0
0000208           1           1           1           1
0000224           0           0           0           0
0000240           0           0           0           1
0000256           0           0           0           0
0000272           0           0           2           1
0000288           0           1        2550     2520750
0000304        1923           0           0           0
0000320           0           0           0           0
0000336           0           0           1           1
0000352           1           1           0           0
0000368           1           0           1           0
0000384           0           0           0           0
0000400           2           0           0           0
0000416           0           0           0           0
0000432           0           0           0           0
0000448           0           0           0           0
0000464           0           1           0           0
0000480           0           1           0           0
0000496           0           1           0           0
0000512           0           0           2           0
0000528           0           0           0           0
0000544           0           0
0000552
