0000000        4368        3165        5602        4072
0000016        3249        4170        5256        4520
0000032        6443        4191        6439        7758
0000048        6365        8521       10255        8156
0000064        5961        7049        6486        7374
0000080        6008       10835        7224        6000
0000096        5562       10438        8202        6782
0000112        6586        8071        7176        4812
0000128        8261        5556        7674        5173
0000144        7188        7926        5918        5359
0000160        5683        8395           0           0
0000176           0           0           0           0
0000192           0           0           0           0
0000208           0           0           0           0
0000224           0           0           0           0
0000240           0           0           0           0
0000256           0           0           0           0
0000272           0           0           0           0
0000288           0           0       29531     2360810
0000304        1922           0           0           0
0000320           0           0           0           0
0000336        1850        1614        1413        2199
0000352        1003        1423        1256        1543
0000368        1861        1484        1319        1315
0000384        1463        1292        1093        1313
0000400        1638        1723        1063        1641
0000416        2182        1935        1302        1780
0000432        1761        1920        1742        1340
0000448        1089         976         997        1065
0000464        1149        1689        1262         602
0000480        1248        1032        1046        1756
0000496        1983        1126        1153        1619
0000512         891        1598        1489        1421
0000528        1401         891        1234         506
0000544        1180         990
0000552
