0000000          41          27         132          28
0000016          22          41         113          59
0000032         370          31         617        1387
0000048         810        1420        1786        1440
0000064         536         746         834        1026
0000080         315        1668        1130         813
0000096         414        1758        1341         940
0000112         491        1274        1158          94
0000128         869         247         922         198
0000144        1001        1258         271         173
0000160         385        1246         740        1333
0000176        1221        1497         994         874
0000192        2130        1832         782        1437
0000208        1344         971        1838         490
0000224        1684        1300        1056         813
0000240        1515         617         804        2123
0000256        1914         713        2416        1448
0000272         692        1295        2406        1582
0000288        1780         481       56276     2405658
0000304        1924           0           0           0
0000320           0           0           0           0
0000336          61          44          22          91
0000352          18          31          19          33
0000368          36          29          24          28
0000384          15          29          15          26
0000400          28          40          14          36
0000416          35          43          15          53
0000432          40          48          39          18
0000448          10          16          12          16
0000464          19          30          23           6
0000480          27          11          22          32
0000496          97          11          16          33
0000512           6          30          26          22
0000528          30          11          18           7
0000544          23          15
0000552
