0000000          18          20          32          15
0000016          16          21          21          14
0000032          36          25          45         101
0000048          40         109         137          92
0000064          40          42          43          60
0000080          42         360          65          42
0000096          40         327         114          72
0000112          35         148          71          35
0000128          53          32          61          36
0000144          76          89          29          30
0000160          41          83          41         193
0000176         260         309          56          48
0000192        1115         514          57         176
0000208         238          73         597          33
0000224         466         150          70          59
0000240         292          49          37        1025
0000256         776          41         946         129
0000272          38         140        1912         244
0000288         622          37       20311     2429013
0000304        1921           0           0           0
0000320           0           0           0           0
0000336          21          20          16          18
0000352           9          17          16          14
0000368          25          12          13          13
0000384          17           8          13          13
0000400          19          26          14          29
0000416          29          28           9          21
0000432          32          24          27          17
0000448           8          10           1          12
0000464           7          12          12           2
0000480          12           9          19          25
0000496          33          15          13          28
0000512           7          17          21          17
0000528          15           7          17           1
0000544          13           7
0000552
