0000000       53873     2071468        1921           0
0000016           0           0           0           0
0000032           0           0     9413739     9405396
0000048     9383153     9437622     9406527     9340900
0000064     9387240     9398602     9418525     9425273
0000080     9265569     9441978     9371496     9474363
0000096     9397613     9550605     9409579     9467626
0000112     9483674     9466948     9456860     9380521
0000128     9484962     9404510     9596257     9385627
0000144     9534617     9407773     9484018     9462270
0000160     9339734     9382208      133816      182998
0000176      194475      155106      159604      149129
0000192      185674      179451      171846      149723
0000208      157082      158740      138380      163459
0000224      176049      182201      145383      151608
0000240      157148      121557      140558      147890
0000256      159052      124563      163737      134019
0000272      143558      141372      144194      144194
0000288      173833      158236      143464      142529
0000304      135775      154224      176119      153391
0000320      141256      149945      135991      143538
0000336      145080      156506      144533      129722
0000352      132013      159908      156258      144187
0000368      145753      145750      141222      137763
0000384      175103      134938      154077      136810
0000400      144859      151704      147932      146574
0000416      138450      157707      694081      778053
0000432      699557      666132      604421      570690
0000448      656941      632962      671751      595652
0000464      760510      677609      672151      782526
0000480      708674      735781      595111      593204
0000496      665850      642272      582265      609141
0000512      635926      559626      770234      585585
0000528      624999      605882      878506      611889
0000544      570955      655523
0000552
