0000000        6964     2059736        1922           0
0000016           0           0           0           0
0000032           0           0    18011202    18009392
0000048    17981954    17927414    17978250    17906794
0000064    17956258    17913592    17948703    17921142
0000080    17930979    17920014    17944294    17953613
0000096    17943791    17933505    17940851    17938730
0000112    17942479    17935849    17912534    17924964
0000128    17910522    17924656    17914838    17924014
0000144    17906751    17918891    17906972    17923104
0000160    17918631    17923248    13225501    14352744
0000176    14314454    12966769    13883173    12571264
0000192    14233833    12484031    13512746    12634761
0000208    13596372    12614354    13264547    13508396
0000224    13497644    12978552    13387852    13458156
0000240    13469442    13222716    12578270    13360787
0000256    12735182    13000545    12658067    13157793
0000272    12531649    13306855    12313147    13332503
0000288    13527706    13823063    10649526    10726438
0000304    10590616    10644220    10705765    10664047
0000320    10854178    10953574    10744415    10838653
0000336    10838359    11002457    11104493    10728769
0000352    10906162    11054347    10848577    10893956
0000368    10824514    10646569    10977110    10664035
0000384    10886054    10680332    11022816    10546259
0000400    10795529    10839151    10634287    10698976
0000416    10553809    10838446    16515632    16581583
0000432    16366131    16099735    16252228    15986504
0000448    16260610    16044672    16293383    16014872
0000464    16367842    16133310    16275405    16420937
0000480    16309250    16199375    16200061    16184795
0000496    16270158    16250449    16030212    16170551
0000512    16054701    16125475    16130029    16146236
0000528    16075566    16195263    16249757    16206084
0000544    16150772    16333730
0000552
