0000000     3273014     2515358     2835305     2548699
0000016     2709382     2809179     2754958     2684593
0000032     2591184     2920522     4592202     5165463
0000048     4707461     4803857     4466364     4224954
0000064     4911692     4703807     4657701     4267195
0000080     5123555     4544476     4918531     4994140
0000096     4934096     4910914     4318019     4271405
0000112     4725225     4668392     4369304     4699214
0000128           0           0  2122810981       32622
0000144           0           0           0           0
0000160           0           0  2124449664       32622
0000176           3           0           3           0
0000192           1           0 -1601799467       32765
0000208  2124432896       32622  2122764247       32622
0000224           0           0           0           0
0000240 -1601799344       32765  2122810981       32622
0000256     4691859     4224302     6236698     4620410
0000272     4338166     4381485     5950585     4505513
0000288     4325692     4475221       29794     2280150
0000304        5741           0           0           0
0000320           0           0           0           0
0000336      391221      361043      332885      422597
0000352      195100      279099      251014      317739
0000368      376891      315338      194747      281547
0000384      231518      278051      171545      277582
0000400      346974      360737      185349      342913
0000416      397788      374758      243619      350695
0000432      369422      386293      356940      273175
0000448      181932      155593      136590      156406
0000464       23416      205823      106730       10761
0000480       74949       37650       72227      147857
0000496      347542       43595       80930      158538
0000512       14374      151388      136725      154094
0000528       90581       24164       66270        7168
0000544       62177       19134
0000552
