0000000       22072     2016952        1924           0
0000016           0           0           0           0
0000032           0           0         548         338
0000048         523         579         135         316
0000064         180         466         316         357
0000080         620         248         215         241
0000096         252         133         544         251
0000112         115         263         430         492
0000128         154         524         196         441
0000144         247         211         157          79
0000160         128         133        2560        6120
0000176        3961        1480        4964        4363
0000192        2348        8329        7473        4316
0000208        4651        6118        3212        4644
0000224        4997        4001        5138        3120
0000240        3932        2248        4889        3288
0000256        3565        3793        4592        5109
0000272        2700        4039        6344        4716
0000288        6632        2952       17174       15300
0000304       16846       22788       23395       20587
0000320       12470       14445       14899       15699
0000336       11978       21880       12183       16260
0000352       14192       21515       22986       15129
0000368       16340       25550       15202       16899
0000384       18349       17297       13840       19183
0000400       17785       15373       20191       17958
0000416       25270       17326        6427        5457
0000432        8503        8942        7337        8195
0000448       11167       10531        4911        8964
0000464        6628        5708       10220        2874
0000480        8100        6450        8012        6968
0000496        7705        5569        7700       12050
0000512       11088        7524       13712        9852
0000528        5261        8298       10017        8524
0000544       12332        4155
0000552
