0000000           1           0           0           1
0000016           1           0           0           1
0000032           1           2           1           0
0000048           0           0           0           1
0000064           1           0           0           0
0000080           0           0           0           0
0000096           0           0           1           0
0000112           0           1           0           0
0000128           0           2           1           0
0000144           1           0           1           4
0000160           0           1           1           1
0000176           1           2           0           0
0000192           0           2           1           0
0000208           3           1           0           1
0000224           0           0           0           0
0000240           1           0           0           0
0000256           0           0           5           1
0000272           1           1           1           1
0000288           0           0           0           0
0000304           0           0           2           0
0000320           0           1           0           0
0000336           1           1           1           1
0000352           0           1           1           0
0000368           1           0           0           0
0000384           1           0           0           2
0000400           1           0           3           0
0000416           0           2           0           1
0000432           0           1           0           0
0000448           0           1           1           0
0000464           1           0       50195    10566210
0000480        9557           0           0           0
0000496           0           0           0           0
0000512           0           0           0           3
0000528           3           1           0           1
0000544           0           1
0000552
