0000000        4197        4381        5025        4401
0000016        5758        4165        5797        4479
0000032        3954        4855        4516        5432
0000048        5076        3644        4938        3481
0000064        3818        7856        4881        3324
0000080        4338        2677        1626        3348
0000096        4676        5462        2593        4850
0000112        4209        4367        7345        2801
0000128        7650        6385        6313        5847
0000144        5611        6962        5865        5844
0000160        4731        5268        2868        4962
0000176        4269        6999        3610        5698
0000192        5339        4813        4881        4347
0000208        6149        4425        2631        6785
0000224        4980        5652        3678        5040
0000240        4525        3984        3312        5790
0000256        3736        6604        5470        4030
0000272        6188        4224        3990        3869
0000288        4634        2273        5155        4825
0000304        2999        3586        4892        4931
0000320        3045        2462        3978        5391
0000336        5540        5716        7555        6529
0000352        8752        6045        6138       10899
0000368        5033        4074        3772        4685
0000384        6137        3710        4145        9417
0000400        4171        6816        6321        5343
0000416        4312        4674        6047        5560
0000432        3770        5004        4897        4889
0000448        3979        5892        4184        4106
0000464        4068        6451       15682    10095314
0000480        9568           0           0           0
0000496           0           0           0           0
0000512        4032        2672        2753        3316
0000528        6517        2511        3629        1830
0000544        1214        2858
0000552
