0000000           0           0           1           1
0000016           2           0           0           0
0000032           1           0           1           1
0000048           1           0           1           0
0000064           0           1           2           0
0000080           0           0           0           0
0000096           0           1           0           4
0000112           1           0           3           1
0000128           0           0           1           2
0000144           0           3           0           2
0000160           1           1           1           0
0000176           1           1           0           1
0000192           0           1           1           0
0000208           1           0           0           1
0000224           1           3           0           1
0000240           2           0           0           2
0000256           1           1           0           1
0000272           1           1           3           0
0000288           1           2           2           1
0000304           1           0           0           0
0000320           0           2           3           1
0000336           0           1           7           2
0000352           2           1           0           0
0000368           3           2           0           0
0000384           1           1           1           3
0000400           1           0           1           1
0000416           2           2           0           0
0000432           0           0           0           4
0000448           1           1           1           0
0000464           0           3       12538    10412636
0000480       15298           0           0           0
0000496           0           0           0           0
0000512           1           1           1           1
0000528           2           2           0           1
0000544           1           1
0000552
