0000000           0           0           1           0
0000016           0           2           2           1
0000032           2           1           1           0
0000048           1           1           1           0
0000064           2           0           1           0
0000080           0           0           2           0
0000096           1           1           0           0
0000112           1           1           2           1
0000128           1           1           2           1
0000144           2           2           1           0
0000160           1           3           1           0
0000176           0           2           2           3
0000192           0           1           4           3
0000208           1           1           0           3
0000224           2           0           1           2
0000240           1           0           0           3
0000256           3           2           3           1
0000272           2           1           1           2
0000288           1           2           2           2
0000304           2           1           1           3
0000320           1           1           1           1
0000336           2           2           2           4
0000352           2           1           2           4
0000368           4           1           1           1
0000384           3           0           1           4
0000400           1           3           3           1
0000416           1           1           2           0
0000432           0           3           1           1
0000448           0           0           4           0
0000464           1           1       31636    10496963
0000480        9560           0           0           0
0000496           0           0           0           0
0000512           1           0           0           0
0000528           0           0           1           1
0000544           1           1
0000552
