0000000           0           0           0           0
0000016           1           1           0           0
0000032           0           0           0           0
0000048           1           0           0           0
0000064           0           0           2           0
0000080           0           0           0           0
0000096           0           0           0           0
0000112           0           1           0           0
0000128           0           1           0           1
0000144           0           1           0           0
0000160           0           0           0           0
0000176           0           0           0           0
0000192           0           0           2           0
0000208           1           0           0           0
0000224           0           0           0           4
0000240           0           0           0           0
0000256           0           0           0           0
0000272           0           1           0           0
0000288           0           0           0           0
0000304           0           0           0           0
0000320           0           0           0           0
0000336           0           0           0           0
0000352           1           0           1           0
0000368           0           0           0           1
0000384           0           0           0           0
0000400           0           0           0           1
0000416           0           0           0           2
0000432           0           0           1           0
0000448           1           0           0           0
0000464           0           3       31197    10865844
0000480        9592           0           0           0
0000496           0           0           0           0
0000512           1           1           0           0
0000528           0           0           0           1
0000544           0           0
0000552
