0000000           0           0           1           2
0000016           1           0           1           0
0000032           0           0           0           0
0000048           0           0           0           0
0000064           0           1           0           1
0000080           0           1           0           0
0000096           0           0           0           0
0000112           0           0           2           1
0000128           1           1           0           0
0000144           0           1           0           0
0000160           1           0           0           0
0000176           1           0           1           0
0000192           2           0           0           0
0000208           0           1           0           1
0000224           0           1           1           0
0000240           0           0           1           0
0000256           0           0           0           0
0000272           1           0           0           1
0000288           0           0           2           0
0000304           0           0           1           0
0000320           0           0           0           0
0000336           0           1           0           0
0000352           1           1           0           0
0000368           1           0           1           1
0000384           1           0           0           0
0000400           1           0           1           1
0000416           0           0           0           3
0000432           0           0           0           1
0000448           0           2           0           0
0000464           0           1       33871    10780638
0000480        9563           0           0           0
0000496           0           0           0           0
0000512           0           1           0           0
0000528           0           0           1           0
0000544           0           0
0000552
