0000000         106         232         483         149
0000016        1138         193         625         288
0000032          85         561         151         247
0000048         351          87         558          78
0000064          94         157         191          62
0000080         115          49          42          80
0000096         262         768          39         459
0000112         241         212        2253          67
0000128        1330        3107        2875         895
0000144        1502        2780         537         300
0000160         282         216          67         168
0000176         249         641         107         734
0000192         296         392         287         244
0000208         239         173          63        4746
0000224         958        2486         207         753
0000240        2140         233         129        2255
0000256         745        4430        3544         284
0000272        2638        1299         987         151
0000288         724          56         725        2229
0000304          74         111         349         647
0000320         110          50         851         955
0000336         699        2032        4632        2710
0000352        5625        2593        3093        4179
0000368        2100         984         305         686
0000384        3487         225         566        5853
0000400         660        2954        3589        1402
0000416         695         686        2745        2838
0000432         314        1296        1049         838
0000448         302        2499         824         170
0000464         347        2753       43203    10159254
0000480        9555           0           0           0
0000496           0           0           0           0
0000512         111          69          74          83
0000528         676          70          88          44
0000544          47          80
0000552
