0000000        2837     9788839        9556           0
0000016           0           0           0           0
0000032           0           0     6343328     6360600
0000048     6404462     6345071     6466340     6466328
0000064     6753226     6516711     6510056     6781435
0000080     6868102     6723168     6651047     6435132
0000096     6760423     7156245     6662291     6734550
0000112     7249535     6926587     6620489     6794702
0000128     6913277     6682126     6783281     6584846
0000144     6670574     6849117     6822954     6434739
0000160     6331578     6720718     2663688     2981083
0000176     3156478     2919499     2882223     3094534
0000192     3033936     2931012     3179475     3164035
0000208     3684122     3028452     3294283     3004234
0000224     3118155     3346150     2721228     2878827
0000240     2863447     2615341     2709261     2986779
0000256     2996776     2643672     3415559     2764230
0000272     2707557     2831023     2720270     2658767
0000288     2839231     2927717    16268329    16654350
0000304    17059121    16565744    16703772    16481795
0000320    17577763    17407653    16713961    16815728
0000336    17943808    18128347    17434764    16579998
0000352    16969183    19749722    17379383    17781374
0000368    16453077    16776963    18320826    16980905
0000384    17210111    16820146    17995471    16048912
0000400    17592221    17002344    16648183    16051098
0000416    16911107    16674016    11362800    12365560
0000432    11492790    12539910    11776915    11892797
0000448    12020500    12607442    12452029    12291851
0000464    12253682    12623127    12264781    12712181
0000480    11201033    12391723    12983204    12243363
0000496    11698813    11293442    12523551    11484963
0000512    11750163    11271046    12815209    10366879
0000528    11314924    11725499    11516438    10629954
0000544    11130784    11200592
0000552
