0000000       19497     9896662        9556           0
0000016           0           0           0           0
0000032           0           0      431919      337813
0000048      338914      373016      681524      299512
0000064      450304      262435      217795      356884
0000080      349758      391799      471792      330757
0000096      527364      382676      506673      425801
0000112      300199      498352      339064      438323
0000128      479765      302670      474899      275551
0000144      289434      587801      432168      246332
0000160      281516      189826       59211      229229
0000176      404884      484415      140565      431993
0000192      363672      378385      629410      180737
0000208      741363      578577      592903      506465
0000224      523045      636308      433313      448497
0000240      397820      379601      119229      387923
0000256      358986      492793      300364      474231
0000272      391662      423465      388701      350148
0000288      452369      364020      152314      558819
0000304      497510      524706      314120      465037
0000320      469640      348626      300217      552153
0000336      390745      578405      505683      362626
0000352      576114      443749      401345      336407
0000368      414891      169924      490038      484291
0000384      250547      276140      452114      417098
0000400      267279      171231      393624      463887
0000416      486535      506628      521529      828984
0000432      665313      491209      501364      804257
0000448      474055      428857      374762      415069
0000464      525223      313266       12473     9938934
0000480        9586           0           0           0
0000496           0           0           0           0
0000512       82740       43818       37590       45314
0000528      355028       33184       82379       31398
0000544       20083       45866
0000552
