0000000       10803       11200       13288       10822
0000016       17113       10715       14401       11931
0000032       10592       14775       11187       14074
0000048       13027        9482       14061        9235
0000064        9682       19916       12349        8935
0000080       10599        7272        6289        9171
0000096       13172       15135        7623       13112
0000112       11266       12013       24688        8641
0000128       22892       36180       34566       15633
0000144       18454       35029       13983       14428
0000160       12378       12544        8592       12771
0000176       11232       16452       10082       14531
0000192       12880       12820       12232       11077
0000208       15107       11584        7643      115080
0000224       16688       29324        9821       13946
0000240       27610       10751        9135       28164
0000256       14187       87769       45063       10254
0000272       24499       19938       14364       10555
0000288       12487        6589       15316       25590
0000304        8168        9252       13338       12847
0000320        8648        7284       13774       14348
0000336       14785       23883      121966       33261
0000352       82671       30254       43977       34782
0000368       27606       14993       11431       14080
0000384       44521       10880       12587      127791
0000400       11929       27172       73368       17506
0000416       12908       13460       29728       41769
0000432       10833       15678       17013       13574
0000448       11033       36103       13419       11081
0000464       11644       28886       19928    10004546
0000480        9575           0           0           0
0000496           0           0           0           0
0000512        8065        6587        6945        7252
0000528       14121        6577        7985        5690
0000544        5303        7013
0000552
