0000000       42824     9582045        9558           0
0000016           0           0           0           0
0000032           0           0          14           4
0000048           4           5          53           3
0000064           5           4           0           6
0000080           1           3           8           6
0000096          17           3          12           7
0000112           0           7           2           7
0000128           9           3           6           2
0000144           3           9           4           4
0000160           5           1           3           5
0000176          14          19           0          12
0000192           9          12          21           5
0000208          27          50          45          15
0000224          42          70          35          22
0000240          15          24           3          16
0000256          10          40           2          24
0000272          18          24          21          26
0000288          41           9           3          88
0000304           5          48           2          18
0000320          14          10           0          29
0000336           7          75          41           6
0000352          48           3          12           5
0000368          30           6          11          26
0000384           2           3           5          22
0000400           3           2          20          20
0000416          15          18         339          85
0000432         260          65         126         185
0000448          45          60          21          58
0000464         118          28          30         199
0000480          66         148         120          66
0000496          51          55          77         111
0000512          42          54          36          49
0000528          24          88          73          28
0000544          14          87
0000552
