0000000       57386     9808179        9551           0
0000016           0           0           0           0
0000032           0           0      578081      557932
0000048      597026      578145      701807      563706
0000064      582478      519273      563547      553749
0000080      589750      542808      584006      568826
0000096      608822      534561      612099      579574
0000112      614152      609926      622820      762043
0000128      599683      533677      593643      571486
0000144      579781     1083124      606733      533402
0000160      619181      512977      517748      543424
0000176      623668      620803      510013      573810
0000192      553139      600824      699696      537601
0000208      889903      619773      640993      630363
0000224      616821      701827      633350      689920
0000240      586313      616349      597149      631992
0000256      539494      741809      557795      611158
0000272      622250      585861      598437      556150
0000288      775890      598062      503869      568440
0000304      581477      580747      505959      592453
0000320      508236      530887      468536      609754
0000336      495575      601787      525433      483987
0000352      635482      537427      520199      549046
0000368      532291      416195      596433      526692
0000384      466916      495199      618801      545888
0000400      457837      455794      511331      579985
0000416      629768      564838      542403      771427
0000432      690925      643944      570618      968473
0000448      570440      581731      551807      612806
0000464      588819      559677      548647      697259
0000480      505241      657974      587406      617525
0000496      527675      559396      614218      550179
0000512      521672      566633      607462      556498
0000528      515689      673264      529337      556047
0000544      558184      633288
0000552
