0000000       27967     9622663        9556           0
0000016           0           0           0           0
0000032           0           0        1627         820
0000048         848         821        5025         879
0000064         451        1395         347         624
0000080         630         684        1236        1070
0000096        1710         676        1235         978
0000112         307        1063        1191        1261
0000128         783         625        1290         719
0000144         610        1852         863         582
0000160         909         258         547         813
0000176        2167        3741         855        1973
0000192        2192        2675        3533        1084
0000208        4967        6228        4285        3530
0000224        6420        6572        4028        3289
0000240        2798        5006        1813        2754
0000256        1320        7420         850        3629
0000272        2997        2607        4048        3184
0000288        5893        1385         818        5265
0000304         894        5981        1102        3860
0000320        1760        1737         892        4972
0000336        1218        5719        4228        1064
0000352        6180         816        2986         658
0000368        3394         981        1552        3232
0000384         956        1204        1318        3509
0000400         989         595        3714        3542
0000416        2076        1755       25679       15833
0000432       21640        8815       13862       22484
0000448        5779        8376        4434        9778
0000464       11987        5494        5215       14201
0000480       12044       16398       11243       10235
0000496        6751        7557        9477       10993
0000512        6693        9669        5654        7988
0000528        6570       12138       10587        8475
0000544        6395        9810
0000552
