0000000       50935     9665200        9556           0
0000016           0           0           0           0
0000032           0           0    81610786    81504552
0000048    81437870    81202504    81425838    81175322
0000064    81300126    81208030    81309353    81208141
0000080    81337713    81234387    81313021    81374992
0000096    81363106    81223711    81354132    81312853
0000112    81368243    81331692    81207024    81313662
0000128    81152063    81244913    81177538    81301333
0000144    81151902    81284601    81153171    81272241
0000160    81331065    81351655    84013712    83887587
0000176    83863347    83701605    83859108    83683041
0000192    83802135    83710630    83790596    83700083
0000208    83840996    83715860    83864374    83849600
0000224    83833908    83723757    83831174    83835580
0000240    83804553    83809278    83718055    83797895
0000256    83671700    83788333    83657145    83791968
0000272    83674285    83742405    83683614    83759138
0000288    83817698    83776420    83119610    83104757
0000304    83105631    83005169    83091308    82998541
0000320    83090400    83001222    83055333    82999138
0000336    83126746    83018891    83160143    83135004
0000352    83115997    83025319    83109440    83141023
0000368    83077551    83077834    82963159    83100235
0000384    82976332    83073225    82984769    83049207
0000400    82944839    83125141    82955163    83066162
0000416    83129786    83162902    86090729    86011290
0000432    85985479    85881523    85961129    85870746
0000448    85938908    85879881    85919829    85871950
0000464    85939718    85892964    85941861    85953792
0000480    85935941    85881791    85927623    85929378
0000496    85914134    85904677    85861020    85910107
0000512    85854260    85892275    85852381    85884984
0000528    85849797    85885978    85852564    85901188
0000544    85899031    85903267
0000552
