0000000          19          34          65          50
0000016          70          51          77          51
0000032          12          48          29          43
0000048          44          29          50          13
0000064          22          45          43          19
0000080          31           9           1          14
0000096          45          47           5          52
0000112          32          25          82          12
0000128          84          83          62          63
0000144          73          77          70          63
0000160          35          61           6          51
0000176          46          78          22          70
0000192          55          56          46          41
0000208          63          35           4         106
0000224          44          84          39          66
0000240          44          37          37          75
0000256          35          78          79          41
0000272          78          54          32          31
0000288          56          15          61          47
0000304          21          24          56          46
0000320          25           7          34          52
0000336          48          75         118          95
0000352         136          77          65         163
0000368          60          36          43          35
0000384          82          42          57         152
0000400          44          91         102          68
0000416          48          64          85          67
0000432          47          57          50          58
0000448          37          81          43          35
0000464          49         105       60940    10248255
0000480        9557           0           0           0
0000496           0           0           0           0
0000512          37          21           9          18
0000528          84          12          31           9
0000544           3          20
0000552
