0000000       34249     9562715        9557           0
0000016           0           0           0           0
0000032           0           0           0           0
0000048           0           0           6           2
0000064           0           1           1           0
0000080           0           1           0           1
0000096           3           1           1           1
0000112           1           0           0           3
0000128           1           0           0           1
0000144           1           0           1           0
0000160           1           1           1           1
0000176           2           1           1           3
0000192           1           1           5           0
0000208           1           6           4           1
0000224           5           8           3           1
0000240           2           4           1           3
0000256           0           4           0           5
0000272           4           2           3           3
0000288           3           0           1           5
0000304           0           5           1           4
0000320           2           3           0           1
0000336           1           4           5           0
0000352           3           0           2           2
0000368           3           0           1           7
0000384           1           2           1           0
0000400           0           0           2           1
0000416           0           2          40           6
0000432          20           4           9          13
0000448           5           1           1           2
0000464           9           0           3           8
0000480           4           5           5           7
0000496           2           2           6           3
0000512           2           1           3           4
0000528           3           7           2           3
0000544           1           4
0000552
