0000000        7111        7554        9041        7150
0000016       10585        7247        9915        7917
0000032        6816        9443        7484        9526
0000048        8993        6134        9123        5929
0000064        6260       12859        8294        5362
0000080        6562        4346        4026        5663
0000096        8652        9937        4521        8661
0000112        7463        7994       13372        5159
0000128       15051       12472       12302       10332
0000144       10594       13444        9532        9780
0000160        8281        8463        5292        8314
0000176        7479       10971        6501        9558
0000192        8725        8443        8114        7177
0000208        9959        7451        4343       14864
0000224        9574       11130        6621        9317
0000240        9464        7240        6035       11548
0000256        7841       14036       11066        6837
0000272       12057        8984        7893        7025
0000288        8134        3882        9833        9942
0000304        5292        5958        9012        8477
0000320        5577        4309        7811        9366
0000336        9883       10477       16693       14744
0000352       16611       11112       11719       20993
0000368       10485        9079        8266        9879
0000384       12505        7845        8590       18585
0000400        8471       12979       12267       11100
0000416        8584        9458       12246       11401
0000432        7811       10243        9958        9471
0000448        7775       12608        8815        7977
0000464        8364       12598       42717    10041146
0000480        9566           0           0           0
0000496           0           0           0           0
0000512        5478        4793        5153        5205
0000528        9197        4768        5412        4018
0000544        4215        4818
0000552
