0000000           1           0           1           1
0000016           0           0           1           0
0000032           0           0           0           1
0000048           2           0           0           0
0000064           0           0           0           0
0000080           0           1           1           0
0000096           0           1           0           2
0000112           1           0           1           0
0000128           3           0           2           1
0000144           0           0           0           0
0000160           0           0           1           1
0000176           1           1           0           0
0000192           1           1           0           1
0000208           0           0           1           1
0000224           0           0           0           0
0000240           0           2           0           0
0000256           1           1           1           1
0000272           1           2           2           0
0000288           0           0           2           0
0000304           2           0           0           0
0000320           0           0           0           0
0000336           0           1           3           0
0000352           0           1           0           0
0000368           1           1           0           1
0000384           0           4           0           2
0000400           1           0           0           0
0000416           1           1           1           1
0000432           1           0           2           1
0000448           3           1           1           2
0000464           1           1        7195    10643389
0000480        9555           0           0           0
0000496           0           0           0           0
0000512           2           0           0           0
0000528           0           0           1           0
0000544           0           1
0000552
