0000000           1           0           2           1
0000016           2           1           3           0
0000032           0           0           0           0
0000048           1           0           3           1
0000064           0           1           3           0
0000080           2           1           1           1
0000096           1           2           0           2
0000112           1           2          11           2
0000128           6           9          27           0
0000144          10          17           2           2
0000160           1           2           0           4
0000176           2           2           0           5
0000192           2           2           0           4
0000208           4           2           1          52
0000224           1          10           1           1
0000240           5           0           2          10
0000256           0          47          29           0
0000272           8           2           7           2
0000288           0           0           0           6
0000304           4           1           4           4
0000320           0           1           3           2
0000336           2           4          60           6
0000352          55          20          23          19
0000368           8           3           1           2
0000384          15           0           2          76
0000400           2          13          35           5
0000416           2           2          15          23
0000432           1           3           2           3
0000448           4          10           3           3
0000464           1          13       20747    10329568
0000480        9549           0           0           0
0000496           0           0           0           0
0000512           0           0           1           2
0000528           4           2           1           2
0000544           0           1
0000552
