0000000        7524     9541430        9561           0
0000016           0           0           0           0
0000032           0           0           0           0
0000048           0           2           1           0
0000064           0           2           0           0
0000080           0           2           2           3
0000096           0           0           0           0
0000112           0           0           0           1
0000128           0           0           1           0
0000144           0           0           1           0
0000160           0           0           2           1
0000176           0           0           1           0
0000192           3           0           1           0
0000208           0           0           1           0
0000224           0           1           2           1
0000240           0           2           0           1
0000256           0           3           0           1
0000272           2           0           1           0
0000288           1           0           0           1
0000304           0           1           1           0
0000320           0           1           1           0
0000336           0           2           1           1
0000352           1           0           1           1
0000368           0           2           3           1
0000384           2           0           1           0
0000400           0           0           1           1
0000416           0           0           5           2
0000432           3           0           2           3
0000448           2           0           3           0
0000464           0           3           1           4
0000480           2           1           0           1
0000496           1           0           3           0
0000512           0           1           0           1
0000528           1           1           1           1
0000544           0           3
0000552
