0000000       64227     9767595        9557           0
0000016           0           0           0           0
0000032           0           0    47171304    47102455
0000048    47082687    46083607    46829482    46210184
0000064    47626050    46268614    47148623    47144372
0000080    47700875    47287604    47300756    47051951
0000096    47722771    48081719    47429888    47157809
0000112    48561384    47472469    46716298    46925201
0000128    47247394    46958685    47176480    46673305
0000144    46864959    46182547    47106311    46368796
0000160    45930376    47439000    49711093    49731233
0000176    49949241    49250803    49477568    50381879
0000192    49737536    49703950    50194243    50765881
0000208    51069071    50123597    50835387    50035454
0000224    50040421    51282081    48883907    49476179
0000240    49428479    48250036    49222265    49871492
0000256    51084602    47323217    52451398    49053982
0000272    48982587    48939391    49086667    48327704
0000288    48408918    49568744    52026125    52528066
0000304    53197026    51995024    52879700    51785685
0000320    54079938    53649178    52892917    52572622
0000336    55036274    54943864    54637500    52823007
0000352    53294917    57511549    54024993    54767294
0000368    52398179    53015317    55189265    53035132
0000384    53500830    52861082    54701475    51381519
0000400    53851479    53215065    52266131    51357720
0000416    52936705    52824835    48120348    50014960
0000432    48653934    50726475    49151356    49049117
0000448    50084869    51061974    50778682    50492608
0000464    50525585    51703799    50910985    51652428
0000480    48984014    51077692    51678917    50760933
0000496    49823269    49163269    51205839    49424491
0000512    49539107    48825253    51575883    46938435
0000528    48586667    49188422    48821138    47530547
0000544    48553397    48705359
0000552
