0000000           1          10          23           3
0000016          38           8          27          10
0000032           0          18           3           9
0000048          19           3          19           2
0000064           0           5           8           1
0000080           1           0           0           1
0000096           8          34           0          15
0000112          19           7          72           0
0000128          52          68          55          37
0000144          63          58          25          17
0000160          17          20           1           6
0000176           7          29           2          35
0000192          11          14          20           6
0000208          15          11           0          72
0000224          20          62          11          22
0000240          39           8           3          37
0000256          25          64          45           7
0000272          45          31          17           2
0000288          26           0          23          43
0000304           1           2           7          26
0000320           2           2          16          29
0000336          22          63          79          48
0000352         107          47          48          89
0000368          40          22           7          14
0000384          66           9          16         108
0000400          18          72          72          32
0000416          15          25          59          49
0000432           7          36          30          26
0000448           9          38          26           9
0000464          12          74       60842    10290857
0000480        9564           0           0           0
0000496           0           0           0           0
0000512           2           1           1           0
0000528          37           2           2           0
0000544           3           2
0000552
