0000000        4777        5135        5862        5119
0000016        7126        4720        6596        5252
0000032        4821        6017        5327        6519
0000048        5854        3950        5851        4128
0000064        4403        9450        5564        3919
0000080        5032        3378        3254        4140
0000096        5677        6191        3377        5646
0000112        4802        5142        8849        3606
0000128        9508        8561        8421        6933
0000144        7014        9268        6926        6563
0000160        5479        5971        4148        5704
0000176        4925        7857        4268        6376
0000192        6029        5691        5520        4983
0000208        7116        5301        3303       10093
0000224        6218        7681        4262        5977
0000240        6483        4737        3805        7636
0000256        4733       10065        7959        4441
0000272        8154        6051        5160        4523
0000288        5290        2717        6235        6688
0000304        3574        4080        5744        5875
0000320        3714        3040        5070        6289
0000336        6712        7085       10308       10177
0000352       12187        8085        8644       15329
0000368        7519        6109        5086        6639
0000384        9196        4702        5790       13383
0000400        5609        9690        9080        7407
0000416        5577        6282        8805        8147
0000432        5052        6786        6780        6393
0000448        5038        8927        5855        4933
0000464        5232        8954       62813    10066264
0000480        9572           0           0           0
0000496           0           0           0           0
0000512        5022        4246        4348        4754
0000528        7313        4152        4642        3429
0000544        3461        4224
0000552
