0000000           0           3           2           0
0000016           3           1           1           1
0000032           0           1           1           1
0000048           1           0           4           0
0000064           2           2           1           0
0000080           1           1           0           0
0000096           0           2           0           1
0000112           0           4           2           0
0000128           4           6           4           3
0000144           4           5           3           2
0000160           0           2           0           0
0000176           0           3           1           4
0000192           1           3           2           0
0000208           1           0           0          19
0000224           2           7           2           1
0000240           0           2           0           1
0000256           0          14           8           1
0000272           0           0           1           0
0000288           0           0           0           1
0000304           1           1           2           3
0000320           2           0           1           0
0000336           1           2          37           2
0000352          16           3           7           5
0000368           1           0           0           0
0000384           8           0           1          35
0000400           2           6          17           4
0000416           0           1           2           4
0000432           1           2           2           1
0000448           1           3           2           1
0000464           0           0       24260    10348901
0000480        9551           0           0           0
0000496           0           0           0           0
0000512           0           1           1           1
0000528           3           0           0           0
0000544           1           0
0000552
