0000000           0           1           1           0
0000016           1           0           1           0
0000032           2           0           0           1
0000048           1           1           1           0
0000064           1           1           0           0
0000080           0           0           1           3
0000096           0           0           0           0
0000112           0           0           0           0
0000128           1           1           1           1
0000144           0           0           1           0
0000160           2           0           0           1
0000176           1           0           0           1
0000192           1           0           1           0
0000208           1           0           0           0
0000224           0           0           0           0
0000240           1           0           2           2
0000256           0           0           2           0
0000272           0           2           0           0
0000288           0           2           2           0
0000304           0           0           0           1
0000320           0           0           0           0
0000336           2           2           1           1
0000352           2           1           1           1
0000368           1           1           0           0
0000384           3           1           0           0
0000400           2           1           0           0
0000416           0           0           0           0
0000432           1           1           0           1
0000448           1           0           1           1
0000464           0           1        8637    10693579
0000480        9558           0           0           0
0000496           0           0           0           0
0000512           0           1           0           0
0000528           0           1           0           0
0000544           0           0
0000552
