0000000       64976      769173        1925           0
0000016           0           0           0           0
0000032           0           0    17556011    17556415
0000048    17548218    17530683    17547426    17528915
0000064    17538253    17528624    17536779    17530223
0000080    17537193    17530565    17538439    17543627
0000096    17541008    17529862    17536808    17537634
0000112    17540495    17535099    17528805    17533767
0000128    17527933    17534140    17527837    17534000
0000144    17527588    17534157    17527141    17534994
0000160    17537931    17536255    11127438    11142366
0000176    11140513    11086995    11164026    11134476
0000192    11083355    11112844    11104735    11103754
0000208    11155067    11101486    11122018    11147983
0000224    11169473    11064736    11150706    11094386
0000240    11092838    11127626    11065833    11131784
0000256    11060329    11149842    11086871    11104031
0000272    11046384    11055991    11059180    11108535
0000288    11086631    11077603     4720964     4688769
0000304     4703391     4680268     4713217     4727085
0000320     4698923     4720650     4669220     4706849
0000336     4676881     4721563     4725633     4691261
0000352     4713538     4686435     4702649     4672896
0000368     4679806     4684558     4694216     4688287
0000384     4683114     4693824     4674613     4682631
0000400     4699804     4675788     4648137     4686309
0000416     4684254     4676338    17569631    17554950
0000432    17552104    17538173    17545953    17536746
0000448    17544843    17536473    17541575    17536544
0000464    17543116    17537507    17544442    17543362
0000480    17544459    17537821    17543011    17541898
0000496    17541514    17539989    17536139    17540117
0000512    17535272    17539665    17535247    17540546
0000528    17534910    17540189    17535234    17540743
0000544    17540367    17541961
0000552
