0000000       12609      757498        1922           0
0000016           0           0           0           0
0000032           0           0        3037        4323
0000048        3627        5177        4406        4459
0000064        3822        5588        3006        4336
0000080        4249        4620        5534        3461
0000096        5647        2917        4897        4139
0000112        3898        3955        5336        6461
0000128        3110        5377        3547        5617
0000144        2892        2816        3407       12276
0000160        4560        1880          57          74
0000176         122         126         356         274
0000192         118         145         106          60
0000208         254         129          93         137
0000224         234          95         258          75
0000240         109         399         140         111
0000256          66         334         191         144
0000272          85          61         135         184
0000288          76          84          68          61
0000304          76          90          96          38
0000320          84          84          37          75
0000336          43         102          50         108
0000352         145          92          58          53
0000368          79         102          61          88
0000384          73          98          46          50
0000400         123          45          15          38
0000416         143          56        6095        3468
0000432        4230        3235        2377        5859
0000448        2425        5472        3795        5928
0000464        3081        4025        3300        2664
0000480        2540        2944        3582        2390
0000496        3072        2260        3971        2343
0000512        4022        4525        3508        2488
0000528        3086        6613        4048        2544
0000544        1806        3644
0000552
