0000000       47008     1954903        1924           0
0000016           0           0           0           0
0000032           0           0         726          88
0000048          82         268         390          75
0000064         111          56         204          72
0000080          82          94         115          37
0000096          58          72         104          74
0000112         114          63         239          80
0000128          98          91          89          65
0000144          69          74         217         135
0000160         157          61          40         355
0000176          46         353          99         389
0000192         198         122         138         269
0000208         298         584         205         203
0000224         507          80         125          85
0000240         135          85          65          91
0000256         173         131         130         109
0000272         145         134          75         793
0000288         113         211         582         169
0000304         805        1087        1339        1092
0000320         543        1322          85         950
0000336         813         296         621        1117
0000352         213         194         465        1244
0000368         547         497          79        1537
0000384          88         247         317         749
0000400          91         142         873        1010
0000416         228          96         121         102
0000432          54         391         337        1367
0000448         238         282         435         195
0000464         111         680         369         264
0000480         266         361         480         162
0000496         226        1167         102         577
0000512         125          67         171         110
0000528         909          75         100          91
0000544         106         303
0000552
