0000000       10779     2056514        1923           0
0000016           0           0           0           0
0000032           0           0           1           0
0000048           0           0           0           1
0000064           1           0           1           0
0000080           0           3           0           1
0000096           0           0           0           2
0000112           0           0           2           1
0000128           0           3           1           2
0000144           1           0           4           1
0000160           3           0           2           0
0000176           1           0           0           3
0000192           1           1           1           1
0000208           4           1           1           0
0000224           0           1           1           1
0000240           2           0           2           2
0000256           1           0           2           3
0000272           2           4           0           2
0000288           2           2           3           1
0000304           2           3           2           2
0000320           2           1           1           4
0000336           0           3           2           1
0000352           3           0           2           2
0000368           0           0           0           3
0000384           1           3           2           0
0000400           0           3           3           3
0000416           2           0           0           0
0000432           1           2           2           3
0000448           5           2           0           1
0000464           5           2           1           0
0000480           0           2           2           0
0000496           1           5           0           4
0000512           2           0           1           1
0000528           2           2           0           1
0000544           1           1
0000552
