0000000       20758     2068206        1920           0
0000016           0           0           0           0
0000032           0           0           2           1
0000048           2           1           2           1
0000064           1           0           0           0
0000080           1           1           0           0
0000096           0           0           1           1
0000112           0           0           1           0
0000128           0           0           0           0
0000144           1           1           0           2
0000160           0           0           0           2
0000176           0           1           1           2
0000192           0           1           3           2
0000208           2           1           2           1
0000224           2           0           0           0
0000240           2           1           0           3
0000256           0           1           0           1
0000272           0           0           0           2
0000288           0           1           1           0
0000304           0           2           0           4
0000320           0           0           1           5
0000336           1           0           1           1
0000352           1           1           3           2
0000368           0           2           1           2
0000384           0           0           1           1
0000400           0           0           2           0
0000416           0           1           0           0
0000432           0           0           0           1
0000448           1           0           1           1
0000464           1           2           1           2
0000480           1           2           0           1
0000496           0           3           0           2
0000512           1           1           0           0
0000528           1           0           1           1
0000544           0           1
0000552
