0000000       44286     2017472        1922           0
0000016           0           0           0           0
0000032           0           0          39           4
0000048           2          15          12           2
0000064           2           1           4           1
0000080           4           5           5           8
0000096           2           2           4           2
0000112           5           2          10           3
0000128           4           1           5           0
0000144           3           1          10           5
0000160           6           1           3          10
0000176           1           8           3          11
0000192          13           3           6          13
0000208          20          24           4           4
0000224          19           1           5           1
0000240           7           1           1           1
0000256           2           6           3           6
0000272           5           4           2          39
0000288           2          12          14           4
0000304          19          37          51          26
0000320          12          32           2          31
0000336          22           5          18          36
0000352           2           7           9          30
0000368          13          16           4          50
0000384           2           5           3          23
0000400           0           3          21          35
0000416           7           2           5           2
0000432           0          14           9          37
0000448           5           6          15           1
0000464           3          14           8           8
0000480           7           8          11           3
0000496           5          37           3          11
0000512           3           1           2           1
0000528          21           2           3           1
0000544           2           5
0000552
