0000000       38269      121491        1925           0
0000016           0           0           0           0
0000032           0           0         117         143
0000048         113         130          81         121
0000064         141          96         104         124
0000080         105          76         155          60
0000096          70          46          89          58
0000112          94          90         141          57
0000128          97          53          71         114
0000144         151          88          96         112
0000160         105          69          44         165
0000176          85         202         172          94
0000192         176         175         102         153
0000208          76         123         144          57
0000224         110          79          74         128
0000240          95         152         185          94
0000256         127          96          63         131
0000272         119         182         109          66
0000288          81          81          68          79
0000304          82          79         158         104
0000320          43         165          83         125
0000336         119         120          93         128
0000352         127          27          80          84
0000368          81         112          83         110
0000384          71          45         107          57
0000400          69          91          44          45
0000416          75         169          89          91
0000432         104          93         101         143
0000448          80         103         114          84
0000464          69          92          81          53
0000480          58          40          48          93
0000496          72          75         134          40
0000512          96         149          99         138
0000528          77          72          71         103
0000544          58          64
0000552
