0000000       27441      516694        1924           0
0000016           0           0           0           0
0000032           0           0           0           0
0000048           0           1           0           1
0000064           1           1           3           0
0000080           0           0           4           0
0000096           0           0           0           0
0000112           0           1           1           0
0000128           0           0           0           1
0000144           4           0           2           0
0000160           3           0           0           1
0000176           0           0           4           1
0000192           2           1           2           1
0000208           0           2           1           0
0000224           1           1           0           2
0000240           0           1           3           2
0000256           1           0           0           0
0000272           2           3           0           2
0000288           0           1           5           2
0000304           0           3           5           3
0000320           4           6           4           5
0000336           7           4           2           1
0000352           3           0           1           2
0000368           4           7           1           4
0000384           2           0           6           0
0000400           0           1           0           0
0000416           4           2           2           4
0000432           5           7           2           5
0000448           0           2           2           3
0000464           3           2           2           1
0000480           0           1           2           9
0000496           0           2           0           0
0000512           3           4           6           2
0000528           3           2           1           1
0000544           1           2
0000552
