0000000        9009      569362        1924           0
0000016           0           0           0           0
0000032           0           0           0           1
0000048           1           0           0           0
0000064           0           1           1           0
0000080           0           0           0           1
0000096           0           0           0           0
0000112           0           1           1           0
0000128           0           2           1           0
0000144           0           3           2           0
0000160           0           2           0           1
0000176           0           0           1           0
0000192           2           0           0           0
0000208           2           0           0           0
0000224           0           0           1           0
0000240           0           1           0           0
0000256           0           0           0           0
0000272           0           0           0           0
0000288           0           0           0           0
0000304           0           2           0           1
0000320           0           1           1           1
0000336           0           0           0           0
0000352           0           0           0           1
0000368           1           1           0           0
0000384           0           2           1           0
0000400           3           1           2           0
0000416           1           0           0           1
0000432           0           0           0           0
0000448           0           0           0           1
0000464           1           0           0           0
0000480           0           0           1           1
0000496           0           0           0           3
0000512           0           0           0           0
0000528           0           1           0           0
0000544           1           0
0000552
