0000000       22903      608438        1923           0
0000016           0           0           0           0
0000032           0           0           1           1
0000048           0           2           0           1
0000064           0           3           2           0
0000080           1           0           0           1
0000096           0           0           1           0
0000112           0           0           2           1
0000128           0           0           0           0
0000144           0           1           0           1
0000160           0           0           0           1
0000176           1           1           1           0
0000192           0           2           1           0
0000208           0           0           0           0
0000224           0           0           0           0
0000240           0           0           0           1
0000256           0           0           0           0
0000272           0           0           0           0
0000288           2           1           0           0
0000304           0           0           0           0
0000320           0           1           0           0
0000336           0           0           1           0
0000352           0           0           0           0
0000368           0           1           0           0
0000384           0           0           0           0
0000400           0           0           0           1
0000416           0           1           3           1
0000432           0           0           0           0
0000448           0           0           0           0
0000464           0           2           0           3
0000480           1           0           0           1
0000496           0           1           0           0
0000512           0           0           0           0
0000528           0           1           0           0
0000544           1           0
0000552
