0000000       26535      213864        1923           0
0000016           0           0           0           0
0000032           0           0       99304       99645
0000048       96997      109565       83520       93090
0000064       88012       90548       88879      100334
0000080      120860       81691       94242       82273
0000096       89969       81702       94171       85595
0000112       92616       91671       95754       81202
0000128       89981       78935       92450      120502
0000144       96460       95408      103411       95637
0000160      101818       78300       97348       92639
0000176       90058      102641       95211       89262
0000192      126665       98206       85066       95934
0000208       82364       99406       98341       82278
0000224      103204       89730       79595       95170
0000240       83461       98792      101735       82653
0000256       95750       82954       93879      113926
0000272       95648       96675       91336       80505
0000288       86417       95042      177622      212358
0000304      158546      182112      188642      233547
0000320      243427      202711      222517      203086
0000336      214348      247689      239591      203519
0000352      253799      241854      172619      279237
0000368      212422      275900      192365      211433
0000384      261523      173975      219728      198136
0000400      196886      183226      209514      175920
0000416      191852      216723     2596682     2575119
0000432     2579652     2712378     2496973     2554948
0000448     2637291     2473122     2673528     2568963
0000464     2641764     2730438     2527642     2603614
0000480     2555364     2945977     2410084     2696362
0000496     2486271     2497097     2505918     2498729
0000512     2741940     2347290     2711801     2414895
0000528     2580191     2360111     2645630     2367458
0000544     2326615     2449924
0000552
