0000000       57734      491259        1923           0
0000016           0           0           0           0
0000032           0           0           2           1
0000048           2           4           3           4
0000064           2           4           3           1
0000080           2           3           2           1
0000096           0           0           2           4
0000112           2           5           3           3
0000128           3           1           2           3
0000144           6           3           1           2
0000160           4           3           1           3
0000176           2           6           3           3
0000192           9           5           0           6
0000208           0           3           4           1
0000224           6           3           0           1
0000240           2           3           2           2
0000256           4           4           2           1
0000272           1           5           3           1
0000288           0           3           3           2
0000304           3           1           2           2
0000320           3           5           1           2
0000336           3           4           4           8
0000352           8           4           6           3
0000368           6           2           6           2
0000384           1           3           3           4
0000400           4           5           3           2
0000416           6           4           2           6
0000432           1           3           3          10
0000448           2           0           3           1
0000464           2           4           3           4
0000480           2           2           4           4
0000496           6           2           8           2
0000512           6           2           3           4
0000528           4           1           6           4
0000544           4           3
0000552
