0000000       51567      280259        1922           0
0000016           0           0           0           0
0000032           0           0        4400        6658
0000048        4554        5545        3182        5150
0000064        8884        3884        5515        3892
0000080        5033        3019        6540        2973
0000096        3267        2748        4187        3490
0000112        3806        4518        6205        2840
0000128        5947        2764        4023        5284
0000144        8808        4455        5753        5391
0000160        5227        2932        3604        7079
0000176        5827       12834       16274        3575
0000192       22653        7871        4062       17359
0000208        3237        9186        5526        3095
0000224        6484        3432        3122        9717
0000240        3992       11015       19880        3528
0000256        7355        3766        4068        7744
0000272        5012       14726        4841        2979
0000288        2931        3553       17555       29233
0000304       18663       29953       42265       33019
0000320       20716       65538       16568       32859
0000336       41810       54788       46148       25111
0000352       28168        6777        7359       55080
0000368       29987       61535       19802       31163
0000384       27789        8410       40384       18683
0000400       21778       34472       11715        5972
0000416       16574       66485       44588       48068
0000432       53648       56638       47462       65613
0000448       44896       43441       62772       21457
0000464       44353       40473       44194       27179
0000480       18034       36605       12016       52717
0000496       31411       33771       59669       15869
0000512       41128       51670       54118       52372
0000528       25620       30226       27604       37609
0000544       16320       27109
0000552
