0000000       62192      463937        1927           0
0000016           0           0           0           0
0000032           0           0           2           2
0000048           1           4           1           3
0000064           4           2           2           4
0000080           5           4           3           6
0000096           3           5           8           1
0000112           5           2           4           3
0000128           4           3           1           7
0000144           3           5           4           1
0000160           3           4           6           2
0000176           3           3           5           1
0000192           9           6           1           6
0000208           3           7           3           4
0000224           3           4           1           4
0000240           2           3          11           4
0000256           4           1           1           2
0000272           3           7           4           0
0000288           3           6           4           4
0000304           3           4           4           5
0000320           6          29           3           7
0000336           5          16          12           4
0000352           4           2           4          18
0000368           4          43           2           4
0000384           6           2          11           2
0000400           3           7           5           2
0000416           3          34           6           3
0000432          11           9           3          17
0000448           4           7           3           3
0000464           2           5           8           2
0000480           4           1           2           2
0000496           4           7          12           4
0000512           3           7          13          18
0000528           3           2           1           4
0000544           1           1
0000552
