0000000       58112      147122        1922           0
0000016           0           0           0           0
0000032           0           0        5884        6203
0000048        5098        6025        3987        5223
0000064        4892        4655        4738        5379
0000080        5758        3791        5874        3527
0000096        4460        3096        4639        3295
0000112        4806        4456        6187        3696
0000128        4844        3285        4130        6532
0000144        5586        4671        4677        4890
0000160        5087        3570        3785        5596
0000176        4308        6821        7458        4266
0000192        5933        6785        4140        5871
0000208        3747        5270        5678        3190
0000224        4585        3957        3641        4894
0000240        4360        6128        6738        4494
0000256        4711        4352        4411        6801
0000272        4639        6405        4967        3537
0000288        4392        4364        2917        2861
0000304        2987        3260        3892        3382
0000320        2329        4705        3571        4262
0000336        3347        3932        3320        4485
0000352        4310        2255        3514        3256
0000368        2941        3368        3013        3768
0000384        2762        2464        4152        3116
0000400        2948        3493        2609        2273
0000416        3750        5340        3394        3561
0000432        3742        3388        3765        4266
0000448        3104        3568        3625        3060
0000464        3200        3536        3451        2541
0000480        2911        2507        2702        3100
0000496        3044        3782        5017        2646
0000512        3319        5106        3225        4091
0000528        3116        3158        2548        3253
0000544        2972        2719
0000552
