0000000       28315      133372        1920           0
0000016           0           0           0           0
0000032           0           0         724         785
0000048         503         683         375         599
0000064         639         444         558         541
0000080         536         339         824         273
0000096         373         250         428         296
0000112         408         420         769         288
0000128         572         278         334         625
0000144         663         387         462         487
0000160         458         307         277         636
0000176         387         917        1455         349
0000192         647         920         386         752
0000208         305         506         588         217
0000224         401         302         280         475
0000240         349         773        1026         383
0000256         492         385         317         670
0000272         405         968         505         303
0000288         332         336         309         285
0000304         318         344         497         429
0000320         229         782         353         487
0000336         437         470         408         499
0000352         459         205         355         390
0000368         331         438         293         422
0000384         251         225         498         301
0000400         313         392         215         184
0000416         378         743         391         406
0000432         412         382         431         507
0000448         277         410         354         275
0000464         299         331         337         220
0000480         253         251         258         359
0000496         295         387         572         234
0000512         350         606         369         465
0000528         321         304         274         355
0000544         264         264
0000552
