0000000       30405      450254        1925           0
0000016           0           0           0           0
0000032           0           0           6           7
0000048           7           2           5           2
0000064           2           2           2           5
0000080           4           3           3           4
0000096           1           2           8           2
0000112           7           2           5           6
0000128           4           5           8           9
0000144          11           1           4           1
0000160           4           3           4          10
0000176           6           4          17           2
0000192           6           2           4          16
0000208           3           9           7           0
0000224           5           2           5          10
0000240           5          10          14           2
0000256           1           5           2           7
0000272           3          18           7           2
0000288           4           5          14          26
0000304          17          24          37          38
0000320           9          62           9          26
0000336          31          52          43          16
0000352          20           5           6          57
0000368          27          72           6          27
0000384          16           3          26           9
0000400          14          34           6           2
0000416          19          78          30          26
0000432          46          39          30          52
0000448          23          20          26          11
0000464          20          19          20          13
0000480           9          17           4          34
0000496           9          10          44           5
0000512          11          39          39          44
0000528          18          29          13          26
0000544           5          13
0000552
