0000000       63303      477617        1921           0
0000016           0           0           0           0
0000032           0           0           3           5
0000048           3           5           4           4
0000064           9           5           1           2
0000080           3           1           2           2
0000096           3           0           3           4
0000112           3           3           3           1
0000128           6           6           6           8
0000144           4           1           5           2
0000160           3           3           4           2
0000176           2           3           4           3
0000192           7           1           3           2
0000208           4           4           2           4
0000224           5           1           5           3
0000240           2           3           3           1
0000256           7           3           4           5
0000272           2           6           3           2
0000288           3           4           1           4
0000304           2           5           7           8
0000320           3           3           7           2
0000336           4           5           3           7
0000352           5           1           9           5
0000368           5           7           3           2
0000384           6           6           4           7
0000400           2           5           4           7
0000416           6          12           3           4
0000432           4           1           5           4
0000448           8           5           6           3
0000464           5           3           4           4
0000480           6           7           4           3
0000496           1           2           2           1
0000512           3           4           3           2
0000528           5           4           2           7
0000544           3           3
0000552
