0000000        9419      372088        1925           0
0000016           0           0           0           0
0000032           0           0          82         123
0000048          89         131          92          96
0000064         123         101          79         103
0000080         155          70         113          67
0000096          63          70         111          66
0000112          85         110         115          80
0000128         104          67          96         122
0000144         123          77          83          86
0000160          84          76          79         113
0000176          96         154         210          85
0000192         187         127          60         173
0000208          75          91         113          61
0000224          99          81          89         110
0000240          60         100         223          72
0000256          98          86          78         110
0000272         114         192          88          72
0000288          50         107         176         258
0000304         191         353         643         380
0000320         174        1372         168         409
0000336         600         918         708         252
0000352         344          85         115        1036
0000368         337        1264         211         327
0000384         251          91         537         180
0000400         194         501         101          72
0000416         178        1460         389         392
0000432         665         661         433        1029
0000448         322         357         463         114
0000464         272         197         323         143
0000480         102         244          66         487
0000496         161         178         618          92
0000512         256         551         649         724
0000528         142         233         147         338
0000544         112         154
0000552
