0000000        7215     9469470        9560           0
0000016           0           0           0           0
0000032           0           0      156430       87375
0000048       92495      148846      149645      118667
0000064      118218      104564      106824       92470
0000080      103478       97983       91680       80136
0000096      109050       76372      131499       95296
0000112      131917      136702      108120      148467
0000128       96341      159710      101202      158016
0000144      110517      101516      129803      123707
0000160      133467       77410       56085      100166
0000176       75372      109280       99891       96800
0000192      130538      105415       98606       95536
0000208      114427      142460      120533      100506
0000224      144543       91957      133339       85808
0000240      111803       88908       83616      115457
0000256       79918      112775       87777      136754
0000272      131159      150516       88552      170862
0000288      145534      103076       21334       21243
0000304       27153       33662       24366       39095
0000320       18467       35308       13579       26732
0000336       36434       27090       22129       21191
0000352       21186       16896       26862       29768
0000368       22245       29815        9652       36353
0000384       11656       23755       16767       34823
0000400       17206       14611       35047       32288
0000416       23439       12080       41837       31028
0000432       34114       47647       44392       53414
0000448       37175       44855       41576       61335
0000464       32580       44903       38635       37791
0000480       40981       42992       38075       27608
0000496       41032       53840       38214       47329
0000512       37432       28443       32064       43425
0000528       50672       28328       43304       36099
0000544       34906       39298
0000552
