0000000       55426    10108834        9563           0
0000016           0           0           0           0
0000032           0           0       13802        9912
0000048        8642       11860       12460       11304
0000064       11165        8294       10930        9069
0000080       10393       10553        9445        7437
0000096        9538        8975       10731        8882
0000112       10501       10127       12702        9648
0000128       10298       10344       10028        8600
0000144       10316        8952       12307       10966
0000160       10756        8615        7740       12311
0000176        8914       11677       10548       12037
0000192       10879       10783       11862       12391
0000208       15284       12610       13988       12266
0000224       13110       10286       10215       10058
0000240       10981        9942        9617       12036
0000256       11603       10444       10823       12106
0000272       13506       13494        9525       15262
0000288       10896       12332       11307       11595
0000304       11587       13162       11781       15747
0000320       11697       13349       10577       12678
0000336       13299       15072       12130       11217
0000352       10684        9480       11009       12917
0000368       11977       13234        9131       15374
0000384       10111       11434       11673       12634
0000400       11109        9172       13306       12814
0000416       11202       10471       10325        9802
0000432       11136       12092       12479       13774
0000448       11002       12164       12202       19439
0000464       10892       13385       11415       10837
0000480       10406       11596       11249       10669
0000496       12264       14836       11668       14345
0000512       10555        9265       10734       10802
0000528       13695        9697       13744       10339
0000544       10314       11589
0000552
