0000000       54559    10263715        9578           0
0000016           0           0           0           0
0000032           0           0         415         254
0000048         209         338         382         287
0000064         302         180         308         225
0000080         283         249         257         164
0000096         230         191         305         198
0000112         265         269         355         219
0000128         247         254         276         216
0000144         269         220         300         274
0000160         297         228         203         380
0000176         199         299         252         341
0000192         277         298         291         315
0000208         469         411         391         324
0000224         384         250         246         267
0000240         293         248         232         320
0000256         329         281         257         334
0000272         364         359         238         465
0000288         313         384         305         291
0000304         325         410         393         458
0000320         308         426         263         354
0000336         380         367         338         346
0000352         253         215         280         396
0000368         358         368         226         488
0000384         241         285         308         371
0000400         266         198         382         371
0000416         277         237         249         261
0000432         248         306         325         471
0000448         304         349         357         505
0000464         282         376         294         271
0000480         292         309         304         284
0000496         314         471         296         462
0000512         238         221         270         297
0000528         430         243         354         241
0000544         260         314
0000552
