0000000       59419     9616371        9560           0
0000016           0           0           0           0
0000032           0           0    16530355    16741642
0000048    16465924    16106181    16125459    16447337
0000064    16513126    16523552    16706179    16575149
0000080    16846294    17329768    16682448    16786596
0000096    16689324    17811886    16463834    16427209
0000112    16550812    16199884    17171636    16287872
0000128    17077418    16017984    17090223    15875291
0000144    16551305    16130234    17306983    16042241
0000160    16140827    16311159    18606994    17477935
0000176    16918268    17872615    17499623    18422742
0000192    16709012    16987550    17232311    18207998
0000208    17992855    17323827    17491498    17658144
0000224    17142522    18019967    16434616    17108366
0000240    16522754    17043713    17461331    16599327
0000256    18938571    15797597    17929900    15882438
0000272    16915119    16257600    16981635    16138312
0000288    15798263    16894726    55294001    55278014
0000304    54729488    54768440    56513985    54904494
0000320    56245272    55857010    56310333    57197382
0000336    55238034    57642761    57687245    57760438
0000352    56352357    57811569    55558949    56310910
0000368    56098422    55654779    57864428    55692786
0000384    56939107    55065042    56690447    53457821
0000400    55378590    55506359    54482781    54622060
0000416    54834195    55116455    48565986    49332754
0000432    49455371    48256661    49055797    49966830
0000448    49317869    48564601    49815194    50166988
0000464    50412717    53118333    50280167    50329509
0000480    51197421    51256327    50828344    50776471
0000496    48807168    50134595    50384499    48489275
0000512    49007158    48167223    50721448    47136282
0000528    49448929    48299874    49075062    48764139
0000544    49192613    48563128
0000552
