0000000       24971     9774792        9559           0
0000016           0           0           0           0
0000032           0           0       72389       25128
0000048       18770       34690       44188       21519
0000064       24701       16911       35791       17449
0000080       23933       25233       22149       15124
0000096       18669       18987       21329       20057
0000112       22841       20522       36202       20601
0000128       22186       20481       20697       16586
0000144       20690       17992       37654       24055
0000160       25968       17550       16239       60457
0000176       18612       63142       28451       71081
0000192       36344       27886       35350       54662
0000208       58861       90557       44067       43434
0000224       72818       23770       26493       24810
0000240       32119       22531       20333       25555
0000256       45612       27461       32339       28560
0000272       38688       30498       20262      115087
0000288       27947       42278      349422      207480
0000304      402804      440277      510428      479038
0000320      371100      510607      146585      460512
0000336      401651      331390      400383      470977
0000352      228429      201193      287374      530620
0000368      352762      350513      159055      573687
0000384      161537      229847      295496      367620
0000400      109320      167930      412727      467403
0000416      222069      126197       58514       63912
0000432       40430      156895      151628      388180
0000448      117470      128453      195727       78812
0000464       77326      287714      147617      132195
0000480      127607      155401      174611      101560
0000496      113390      363495       53827      209172
0000512       67471       31057      107172       49187
0000528      310171       37672       66975       53078
0000544       66469      134967
0000552
