0000000       39580     9367028        9556           0
0000016           0           0           0           0
0000032           0           0         247          57
0000048          39         141         134          63
0000064          67          38          85          31
0000080          51          65          38          22
0000096          34          36          67          45
0000112          58          55          65          59
0000128          60          64          51          57
0000144          41          39          88          70
0000160          67          27           2          57
0000176          14          62          37          56
0000192          79          53          45          46
0000208          50         127          67          51
0000224         112          28          62          34
0000240          55          25          28          50
0000256          40          47          41          46
0000272          76          67          22         143
0000288          49          59          23           9
0000304          18          24          19          32
0000320          11          16           4          19
0000336          23          11          16          16
0000352           2           7           7          23
0000368          20          13           2          41
0000384           4          10          13          34
0000400           3           8          26          16
0000416           8           3          11           6
0000432           3          22          21          44
0000448          14          21          14          15
0000464          14          13          26           6
0000480           6          15          13           7
0000496          13          29           5          30
0000512           6           3           8          12
0000528          25           4          10           8
0000544           7           9
0000552
