0000000       44104    10159252        9557           0
0000016           0           0           0           0
0000032           0           0       11995        5398
0000048        4281        8677        9943        3788
0000064        6619        2429        7831        2404
0000080        4963        6211        6067        1132
0000096        3550        3342        5306        4676
0000112        6419        4494        8729        4621
0000128        5468        3017        5371        2465
0000144        3591        3412        9466        7294
0000160        7487        3267        1335       10310
0000176        2952        9679        6127        9817
0000192        8476        7153        7976        9889
0000208       12029       11018        9842        8890
0000224       11322        4530        6805        6185
0000240        7665        3532        3891        5725
0000256        8729        6400        7055        6685
0000272        8953        8905        2951       12919
0000288        7022        9160       10001        9328
0000304       10506       12156       10897       14018
0000320       10470       12286        8014       11467
0000336       11968       12727       10939       10433
0000352        9101        8191        9757       11879
0000368       10587       11478        6860       14122
0000384        7423        9889       10102       11352
0000400        7405        7288       11987       11756
0000416        9429        7067        6841        7025
0000432        5326       10329       10620       12472
0000448        8833        9643       10687       12019
0000464        8043       11651        9617        8660
0000480        8497        9364        9174        7588
0000496        9696       13466        6405       12398
0000512        7336        4279        7962        7215
0000528       12339        4751        8341        6431
0000544        7087        9477
0000552
