0000000       56230    10341392        9630           0
0000016           0           0           0           0
0000032           0           0         358         132
0000048         122         260         298         139
0000064         186          70         220          84
0000080         138         182         173          38
0000096         117          82         158         122
0000112         188         129         219         145
0000128         150         105         163          89
0000144         119         115         228         197
0000160         248          89          14         271
0000176          74         243         132         228
0000192         195         190         212         250
0000208         332         279         271         237
0000224         290         115         196         165
0000240         206          94          95         159
0000256         205         179         178         217
0000272         234         229          77         363
0000288         156         211         243         181
0000304         245         321         282         362
0000320         247         317         144         272
0000336         295         272         277         240
0000352         182         154         230         287
0000368         258         265         126         341
0000384         131         211         246         306
0000400         127         148         299         276
0000416         207         105         156         149
0000432          91         270         231         293
0000448         193         221         246         267
0000464         183         262         207         173
0000480         181         242         245         182
0000496         230         309         144         333
0000512         129          69         173         172
0000528         339          98         204         140
0000544         158         251
0000552
