0000000       28232    10244321        9587           0
0000016           0           0           0           0
0000032           0           0         518         251
0000048         242         371         434         325
0000064         310         191         325         286
0000080         291         339         252         181
0000096         280         221         299         236
0000112         291         284         406         237
0000128         301         259         298         265
0000144         294         228         412         362
0000160         280         194         204         330
0000176         272         363         280         358
0000192         346         292         321         401
0000208         513         411         412         389
0000224         426         271         269         267
0000240         345         229         262         337
0000256         358         305         324         379
0000272         388         402         210         558
0000288         306         409         398         328
0000304         405         558         664         607
0000320         372         664         277         436
0000336         460         423         384         550
0000352         305         261         316         623
0000368         384         442         230         753
0000384         265         331         380         422
0000400         276         253         486         559
0000416         320         282         274         262
0000432         274         389         360         686
0000448         342         378         432         584
0000464         319         491         367         325
0000480         300         351         389         304
0000496         358         644         295         517
0000512         305         235         320         320
0000528         580         246         418         275
0000544         276         389
0000552
