0000000         241     9658890        9558           0
0000016           0           0           0           0
0000032           0           0      752093      708038
0000048      600944      708562      701286      753290
0000064      732268      663214      711593      684321
0000080      747639      718363      629933      617664
0000096      670335      654910      692891      628135
0000112      669501      701283      773741      684868
0000128      685682      770559      660986      644425
0000144      732803      647201      761978      685395
0000160      698720      625090      612309      708713
0000176      663804      726726      736283      724161
0000192      677042      690002      776063      724205
0000208      862561      724900      841765      743613
0000224      783657      755948      659260      663014
0000240      694209      752543      673630      742656
0000256      734577      660812      711451      761515
0000272      868266      790530      721816      847934
0000288      701454      733869      680455      793019
0000304      695764      723135      714495      881393
0000320      700705      796152      760490      785114
0000336      811362     1065101      763330      745631
0000352      725257      687472      690808      790045
0000368      702462      810258      796248      851438
0000384      756961      747120      744393      742937
0000400      771058      673937      765203      785780
0000416      751583      707032      716246      683956
0000432      891364      761168      804818      809828
0000448      752382      774842      786857     1292597
0000464      752214      969032      716148      791504
0000480      713164      772328      699051      730189
0000496      763948      886054      921591      811165
0000512      718314      651920      778507      693144
0000528      833915      717312      908729      738073
0000544      750462      740089
0000552
