0000000       18913     9716863        9558           0
0000016           0           0           0           0
0000032           0           0      742841      689680
0000048      582313      696146      693497      713564
0000064      710026      613184      695727      624068
0000080      718901      692193      614671      556876
0000096      638430      624581      664235      607209
0000112      649911      666726      757673      655514
0000128      657104      710403      634954      576758
0000144      690977      614226      748727      666024
0000160      681785      595374      571830      701303
0000176      631922      718152      718705      716993
0000192      667607      676032      761814      715060
0000208      850132      716534      825688      732797
0000224      773338      727217      646214      650635
0000240      677407      711949      647766      743837
0000256      725234      642103      698594      738389
0000272      846995      771697      679273      838763
0000288      679477      722536      656517      753716
0000304      677726      705106      650126      862511
0000320      660573      754892      718703      729260
0000336      793294      969038      715295      636986
0000352      683396      606074      670821      740199
0000368      673527      787113      663162      807168
0000384      691383      720418      691884      731633
0000400      737521      609979      742907      739996
0000416      708921      673651      695933      652591
0000432      849235      740801      781223      755173
0000448      707797      752239      757225     1300573
0000464      712915      835047      684882      729087
0000480      672885      718262      667309      684884
0000496      744479      846845      869341      786304
0000512      677979      630389      699731      677745
0000528      788751      680257      866756      702871
0000544      706664      708379
0000552
