0000000       50972     9305167        9589           0
0000016           0           0           0           0
0000032           0           0           8           1
0000048           1           3           3           6
0000064           3           1           1           0
0000080           2           4           3           2
0000096           3           6           3           1
0000112           2           2           5           2
0000128           5           1           3           4
0000144           1           5           6           2
0000160           6           1           2           7
0000176           4           2           3           3
0000192           3           3           3           2
0000208           2           5           6           2
0000224           3           2           3           0
0000240           3           1           2           4
0000256           2           4           1           6
0000272           1           4           4           3
0000288           4           1           3           1
0000304           1           2           2           3
0000320           1           1           2           3
0000336           1           2           3           2
0000352           1           1           2           1
0000368           1           2           0           2
0000384           2           1           0           1
0000400           1           2           1           1
0000416           2           0           0           0
0000432           0           0           1           3
0000448           0           1           1           1
0000464           0           2           1           0
0000480           1           1           0           2
0000496           1           0           0           1
0000512           1           1           1           2
0000528           2           3           0           0
0000544           4           3
0000552
