0000000       29989    10792267        9560           0
0000016           0           0           0           0
0000032           0           0           1           1
0000048           0           2           1           1
0000064           0           1           0           0
0000080           0           1           0           1
0000096           1           1           2           1
0000112           0           1           1           1
0000128           0           1           0           0
0000144           0           1           0           1
0000160           2           0           0           4
0000176           0           1           0           0
0000192           0           0           1           1
0000208           2           1           1           0
0000224           3           2           0           2
0000240           1           0           1           1
0000256           1           0           0           0
0000272           3           2           0           5
0000288           2           2           1           0
0000304           1           4           6           2
0000320           0           4           0           3
0000336           0           1           1           2
0000352           0           0           2           6
0000368           3           3           0           4
0000384           1           4           5           2
0000400           2           1           2           3
0000416           0           2           2           0
0000432           2           1           2           8
0000448           1           0           0           1
0000464           1           2           1           0
0000480           2           2           1           1
0000496           0           5           1           1
0000512           0           0           0           1
0000528           1           1           0           1
0000544           1           0
0000552
