0000000       47721    10321900        9569           0
0000016           0           0           0           0
0000032           0           0         358         198
0000048         191         265         336         229
0000064         250         104         216         136
0000080         187         192         220          96
0000096         175         164         172         146
0000112         217         192         282         163
0000128         211         155         234         174
0000144         183         179         268         237
0000160         210         142          85         297
0000176         126         283         198         269
0000192         237         262         267         309
0000208         358         294         332         290
0000224         313         177         200         198
0000240         245         159         169         235
0000256         225         223         227         249
0000272         265         327         155         369
0000288         210         281         249         219
0000304         283         312         300         361
0000320         249         272         204         270
0000336         307         280         293         281
0000352         218         190         228         303
0000368         277         273         136         390
0000384         158         258         248         279
0000400         176         144         320         306
0000416         190         179         192         174
0000432         151         268         303         362
0000448         222         265         260         363
0000464         211         311         260         213
0000480         193         230         278         196
0000496         264         380         212         366
0000512         198         152         199         211
0000528         357         132         242         199
0000544         184         261
0000552
