0000000       51301    10302483        9567           0
0000016           0           0           0           0
0000032           0           0         382         220
0000048         193         306         315         239
0000064         245         162         250         174
0000080         207         242         194         147
0000096         206         175         253         182
0000112         252         210         328         206
0000128         227         222         223         178
0000144         220         190         289         261
0000160         259         178         137         322
0000176         162         280         240         300
0000192         245         277         271         292
0000208         420         327         340         298
0000224         340         219         230         228
0000240         264         165         216         292
0000256         278         253         251         282
0000272         311         346         218         395
0000288         263         333         256         251
0000304         279         361         308         373
0000320         274         311         201         328
0000336         317         310         271         297
0000352         218         202         238         308
0000368         273         306         180         402
0000384         210         269         278         305
0000400         220         209         346         336
0000416         255         216         207         210
0000432         193         308         278         372
0000448         269         292         296         444
0000464         251         298         284         222
0000480         222         298         258         223
0000496         277         373         218         354
0000512         214         182         228         233
0000528         349         207         274         233
0000544         215         285
0000552
