0000000       60495     9697549        9557           0
0000016           0           0           0           0
0000032           0           0      749564      703752
0000048      598551      705870      701954      747121
0000064      727264      656377      708501      676871
0000080      743485      713456      628936      609511
0000096      665534      648391      687013      625841
0000112      666379      694191      769337      680623
0000128      679575      761773      657573      635913
0000144      724777      642351      758239      680808
0000160      696888      623013      607825      706869
0000176      656648      727430      733341      722905
0000192      673057      684560      773502      722882
0000208      859066      723540      837764      742796
0000224      779962      751686      656847      660584
0000240      691933      748917      669731      765668
0000256      733467      657699      710262      758078
0000272      862303      786920      713121      847992
0000288      695908      731317      657636      755877
0000304      681371      708208      649863      864668
0000320      662095      756573      721542      730106
0000336      796431      971601      717879      635624
0000352      685818      608143      671974      741852
0000368      675082      791283      663652      808916
0000384      696973      724574      694147      734924
0000400      745602      611171      744658      742660
0000416      712361      675812      703923      657195
0000432      856230      745703      787591      757082
0000448      714850      758389      763163     1265777
0000464      716885      836886      688205      733905
0000480      678773      722717      669294      691756
0000496      748287      850605      879956      791674
0000512      682896      640631      705232      684258
0000528      790293      690218      874095      709848
0000544      710401      712660
0000552
